   9.922320e-07   8.676080e-06  -6.029444e-08   1.996765e-02   1.999724e-02   1.833921e-02

              6

              1              0
              1  -1.000000e+00   0.000000e+00   0.000000e+00   9.922320e-07   1.000000e-02   1.000000e-02

              1              0
              2   1.000000e+00   0.000000e+00   0.000000e+00   1.996765e-02   1.000000e-02   1.000000e-02

              1              0
              3   0.000000e+00  -1.000000e+00   0.000000e+00   1.000000e-02   8.676080e-06   1.000000e-02

              1              0
              4   0.000000e+00   1.000000e+00   0.000000e+00   1.000000e-02   1.999724e-02   1.000000e-02

              1              0
              5   0.000000e+00   0.000000e+00  -1.000000e+00   1.000000e-02   1.000000e-02  -6.029444e-08

              1              0
              6   0.000000e+00   0.000000e+00   1.000000e+00   1.000000e-02   1.000000e-02   1.833921e-02
