              6

              1
             10
          pos_x          pos_y          pos_z       normal_x       normal_y       normal_z        tangt_x        tangt_y        tangt_z          pentr
   6.285950e-06   1.013783e-03   2.053229e-03  -5.696921e-03   0.000000e+00   0.000000e+00   0.000000e+00  -1.278118e-03  -2.545612e-03   1.838834e-08
   6.285950e-06   5.957788e-03   1.519859e-02  -3.499805e-02   0.000000e+00   0.000000e+00   0.000000e+00   6.447771e-03  -1.626783e-02   4.974596e-08
   6.285950e-06   8.231214e-03   1.513935e-02  -5.291448e-02   0.000000e+00   0.000000e+00   0.000000e+00   9.211637e-03  -2.480184e-02   9.047472e-08
   6.285950e-06   8.740223e-03   1.328081e-02  -1.400623e-02   0.000000e+00   0.000000e+00   0.000000e+00  -7.297791e-04  -6.964986e-03   4.138567e-08
   6.285950e-06   4.368448e-03   1.279600e-02  -7.912696e-02   0.000000e+00   0.000000e+00  -0.000000e+00   7.670155e-03  -2.694175e-02   9.983451e-08
   6.285950e-06   1.134170e-03   1.235614e-02  -8.216342e-03   0.000000e+00   0.000000e+00  -0.000000e+00   1.679193e-03   2.238482e-04   3.029989e-08
   6.285950e-06   1.179897e-02   9.112951e-03  -5.656941e-02   0.000000e+00   0.000000e+00  -0.000000e+00   5.951617e-03  -3.194995e-03   1.126668e-07
   6.285950e-06   1.745650e-02   1.488193e-02  -3.502715e-01   0.000000e+00   0.000000e+00  -0.000000e+00   3.676215e-02  -4.722710e-02   2.409006e-07
   6.285950e-06   1.043628e-02   1.492575e-02  -5.016150e-04   0.000000e+00   0.000000e+00   0.000000e+00   2.359894e-04   8.493172e-05   3.689862e-09
   6.285950e-06   1.161272e-02   1.290350e-02  -1.406508e-02   0.000000e+00   0.000000e+00  -0.000000e+00   2.915496e-03   7.592598e-04   3.105829e-08
                                               -6.163666e-01   0.000000e+00   0.000000e+00   0.000000e+00   6.886611e-02  -1.268761e-01   7.184446e-08

              2
              7
          pos_x          pos_y          pos_z       normal_x       normal_y       normal_z        tangt_x        tangt_y        tangt_z          pentr
   1.998472e-02   3.268832e-03   3.305735e-03   1.027014e-02   0.000000e+00   0.000000e+00  -0.000000e+00  -2.415049e-03   1.537896e-03   2.211095e-08
   1.998472e-02   8.561220e-03   5.772942e-03   8.240569e-02   0.000000e+00   0.000000e+00  -0.000000e+00  -1.377885e-02   1.838109e-02   9.671343e-08
   1.998472e-02   9.081742e-03   1.600476e-02   3.584202e-04   0.000000e+00   0.000000e+00  -0.000000e+00   8.808424e-05   1.040341e-04   2.891808e-09
   1.998472e-02   6.750026e-03   1.048209e-02   9.346227e-02   0.000000e+00   0.000000e+00  -0.000000e+00   1.977351e-02  -8.919223e-03   9.161132e-08
   1.998472e-02   9.449966e-03   1.086123e-02   3.892153e-02   0.000000e+00   0.000000e+00  -0.000000e+00   5.213957e-03  -6.419634e-03   6.610784e-08
   1.998472e-02   1.880697e-02   1.168714e-03   1.356177e-01   0.000000e+00   0.000000e+00  -0.000000e+00   2.061735e-02  -3.342206e-02   1.891271e-07
   1.998472e-02   1.853171e-02   1.018101e-02   2.253415e-03   0.000000e+00   0.000000e+00   0.000000e+00   1.049313e-03  -4.103815e-04   8.775799e-09
                                                3.632892e-01   0.000000e+00   0.000000e+00   0.000000e+00   3.054832e-02  -2.914827e-02   6.819117e-08

              3
             15
          pos_x          pos_y          pos_z       normal_x       normal_y       normal_z        tangt_x        tangt_y        tangt_z          pentr
   7.465120e-03   1.403841e-05   2.550211e-03   0.000000e+00  -1.197995e-02   0.000000e+00   4.321998e-03  -0.000000e+00  -2.627327e-03   2.774845e-08
   3.897755e-03   1.403841e-05   1.931999e-03   0.000000e+00  -1.475234e-02   0.000000e+00   1.893333e-03  -0.000000e+00  -2.172037e-03   3.525350e-08
   2.103569e-03   1.403841e-05   3.473184e-03   0.000000e+00  -4.355249e-03   0.000000e+00   4.580788e-04   0.000000e+00   2.128899e-03   1.577725e-08
   7.856270e-03   1.403841e-05   6.327924e-03   0.000000e+00  -4.162510e-02   0.000000e+00   4.080685e-03  -0.000000e+00  -7.288232e-03   6.538730e-08
   5.683085e-03   1.403841e-05   6.224634e-03   0.000000e+00  -4.315711e-02   0.000000e+00  -1.771486e-02  -0.000000e+00  -5.997364e-04   8.800536e-08
   9.665825e-03   1.403841e-05   1.397890e-03   0.000000e+00  -2.436994e-02   0.000000e+00   1.005593e-02   0.000000e+00   6.881260e-03   5.311820e-08
   3.981562e-03   1.403841e-05   1.581400e-02   0.000000e+00  -4.736715e-02   0.000000e+00   1.586097e-02  -0.000000e+00   1.706194e-03   8.638620e-08
   8.194148e-03   1.403841e-05   1.239522e-02   0.000000e+00  -1.560876e-02   0.000000e+00   7.802097e-03   0.000000e+00  -1.887407e-04   3.416532e-08
   5.748655e-03   1.403841e-05   1.093011e-02   0.000000e+00  -4.103149e-02   0.000000e+00   1.353692e-02  -0.000000e+00  -5.274642e-03   8.235814e-08
   1.730962e-02   1.403841e-05   4.681331e-03   0.000000e+00  -4.468524e-02   0.000000e+00   2.235076e-03  -0.000000e+00  -2.422982e-03   6.592519e-08
   1.859946e-02   1.403841e-05   9.253566e-03   0.000000e+00  -5.575450e-03   0.000000e+00  -4.630353e-04   0.000000e+00  -2.749002e-03   1.626358e-08
   1.507456e-02   1.403841e-05   2.841503e-03   0.000000e+00  -1.410421e-02   0.000000e+00  -4.591361e-03   0.000000e+00   5.352720e-03   3.116797e-08
   1.084989e-02   1.403841e-05   6.278490e-03   0.000000e+00  -9.207555e-03   0.000000e+00   1.724077e-03   0.000000e+00   4.268762e-03   2.640232e-08
   1.045962e-02   1.403841e-05   3.259244e-03   0.000000e+00  -2.493172e-02   0.000000e+00   3.206877e-03  -0.000000e+00  -1.029496e-02   4.326790e-08
   1.436286e-02   1.403841e-05   1.436297e-02   0.000000e+00  -4.554325e-03   0.000000e+00  -2.054453e-03  -0.000000e+00  -4.272573e-05   1.639758e-08
                                                0.000000e+00  -3.473056e-01   0.000000e+00   4.035233e-02   0.000000e+00  -1.332255e-02   4.584162e-08

              4
              9
          pos_x          pos_y          pos_z       normal_x       normal_y       normal_z        tangt_x        tangt_y        tangt_z          pentr
   1.802243e-03   1.999194e-02   2.476331e-03   0.000000e+00   7.719703e-03   0.000000e+00  -1.931184e-03   0.000000e+00  -3.342003e-03   2.066468e-08
   9.498580e-03   1.999194e-02   7.223242e-03   0.000000e+00   6.883021e-03   0.000000e+00  -3.944152e-04  -0.000000e+00  -3.687096e-04   2.073367e-08
   8.330204e-03   1.999194e-02   9.509741e-03   0.000000e+00   9.957958e-02   0.000000e+00  -2.064144e-02  -0.000000e+00  -5.729135e-04   1.120457e-07
   5.902101e-03   1.999194e-02   1.765460e-02   0.000000e+00   2.790934e-02   0.000000e+00   9.079622e-03   0.000000e+00  -1.059685e-02   5.410006e-08
   7.748972e-03   1.999194e-02   1.603534e-02   0.000000e+00   1.060760e-01   0.000000e+00   1.401372e-02  -0.000000e+00  -1.385676e-02   1.576595e-07
   1.796748e-02   1.999194e-02   5.408193e-03   0.000000e+00   1.252504e-02   0.000000e+00  -1.837487e-03  -0.000000e+00   1.285717e-03   3.301830e-08
   1.745994e-02   1.999194e-02   2.720611e-03   0.000000e+00   1.518323e-01   0.000000e+00  -5.435263e-02  -0.000000e+00   1.098527e-02   1.675295e-07
   1.520770e-02   1.999194e-02   7.570641e-03   0.000000e+00   3.314661e-02   0.000000e+00   4.261081e-03  -0.000000e+00  -5.618946e-03   5.938602e-08
   1.204047e-02   1.999194e-02   1.151730e-02   0.000000e+00   8.840071e-04   0.000000e+00   4.419854e-04   0.000000e+00   4.008483e-06   4.459849e-09
                                                0.000000e+00   4.465556e-01   0.000000e+00  -5.136075e-02   0.000000e+00  -2.208119e-02   6.995526e-08

              5
             18
          pos_x          pos_y          pos_z       normal_x       normal_y       normal_z        tangt_x        tangt_y        tangt_z          pentr
   6.331528e-03   1.419826e-03   7.759064e-06   0.000000e+00   0.000000e+00  -1.104810e-02  -5.474133e-03   6.534606e-04  -0.000000e+00   2.519598e-08
   2.363784e-03   6.678799e-03   7.759064e-06   0.000000e+00   0.000000e+00  -9.124047e-04   7.023394e-05  -2.466840e-04  -0.000000e+00   5.408990e-09
   3.376978e-03   3.020819e-03   7.759064e-06   0.000000e+00   0.000000e+00  -2.262474e-04   7.130902e-05   3.783688e-05  -0.000000e+00   2.670682e-09
   5.036993e-03   3.603448e-03   7.759064e-06   0.000000e+00   0.000000e+00  -2.026128e-02  -9.086569e-03  -3.330498e-03  -0.000000e+00   4.474466e-08
   8.448006e-03   5.116745e-03   7.759064e-06   0.000000e+00   0.000000e+00  -1.150473e-01   2.431841e-03  -3.437413e-02  -0.000000e+00   1.276404e-07
   8.246656e-03   7.938314e-03   7.759064e-06   0.000000e+00   0.000000e+00  -5.662483e-02  -2.241404e-03   1.547302e-02  -0.000000e+00   7.691868e-08
   9.331563e-03   2.231538e-03   7.759064e-06   0.000000e+00   0.000000e+00  -3.324632e-02   3.099365e-03  -6.685114e-03  -0.000000e+00   4.746949e-08
   6.868471e-03   1.509909e-02   7.759064e-06   0.000000e+00   0.000000e+00  -1.491236e-04   6.684569e-05  -3.303210e-05   0.000000e+00   1.611093e-09
   5.010228e-03   1.617255e-02   7.759064e-06   0.000000e+00   0.000000e+00  -1.965590e-03   1.645600e-04  -3.245986e-05  -0.000000e+00   7.896165e-09
   2.469157e-03   1.446074e-02   7.759064e-06   0.000000e+00   0.000000e+00  -1.550853e-02   4.891597e-03   6.016719e-03   0.000000e+00   3.528322e-08
   4.814366e-03   1.162603e-02   7.759064e-06   0.000000e+00   0.000000e+00  -1.204120e-03   6.020556e-04  -2.256326e-06   0.000000e+00   7.762225e-09
   1.606149e-02   8.078271e-03   7.759064e-06   0.000000e+00   0.000000e+00  -1.212679e-02   5.508029e-03  -2.535031e-03   0.000000e+00   3.103174e-08
   1.702650e-02   1.936524e-03   7.759064e-06   0.000000e+00   0.000000e+00  -7.640166e-03   2.120425e-03  -2.403470e-03  -0.000000e+00   2.125866e-08
   1.245145e-02   1.722559e-03   7.759064e-06   0.000000e+00   0.000000e+00  -2.369373e-02  -5.182357e-03  -1.180177e-03  -0.000000e+00   4.734212e-08
   1.336527e-02   9.077273e-03   7.759064e-06   0.000000e+00   0.000000e+00  -7.764268e-02  -1.253521e-02  -5.162297e-03  -0.000000e+00   1.089939e-07
   1.875781e-02   1.891304e-02   7.759064e-06   0.000000e+00   0.000000e+00  -7.566183e-02  -8.488464e-03   1.786109e-02  -0.000000e+00   1.237608e-07
   1.137859e-02   1.661455e-02   7.759064e-06   0.000000e+00   0.000000e+00  -1.424986e-02  -2.873967e-04   1.758893e-04  -0.000000e+00   3.510953e-08
   1.114248e-02   1.077976e-02   7.759064e-06   0.000000e+00   0.000000e+00  -9.852557e-03   3.441856e-03  -3.397825e-03  -0.000000e+00   2.026562e-08
                                                0.000000e+00   0.000000e+00  -4.770615e-01  -2.082741e-02  -1.916496e-02   0.000000e+00   4.279799e-08

              6
              3
          pos_x          pos_y          pos_z       normal_x       normal_y       normal_z        tangt_x        tangt_y        tangt_z          pentr
   2.992177e-03   3.580917e-03   1.859808e-02   0.000000e+00   0.000000e+00   8.785041e-02   4.275131e-03  -4.371667e-02   0.000000e+00   1.064720e-07
   3.389825e-03   1.574270e-02   1.859808e-02   0.000000e+00   0.000000e+00   2.820515e-01   2.656152e-02  -1.097929e-01  -0.000000e+00   1.817506e-07
   1.212229e-02   8.078291e-03   1.859808e-02   0.000000e+00   0.000000e+00   5.480478e-02  -1.296111e-02   2.414333e-02   0.000000e+00   7.576657e-08
                                                0.000000e+00   0.000000e+00   4.247067e-01   1.787555e-02  -1.293662e-01   0.000000e+00   1.213297e-07

