     iteration=           5999       process=              0       (i,j,k)=              0              0              0       (x,y,z)=   5.004028e-03   5.006445e-03   4.703191e-03     particles=             75
fabric=[ ...   
   3.608653e-01  -9.762258e-03   2.781098e-02;
  -9.762258e-03   3.623185e-01   6.301199e-03;
   2.781098e-02   6.301199e-03   2.768162e-01]
sigma=[ ...    
  -1.341764e+03   1.045412e+02   1.865363e+02;
  -4.747487e+00  -1.689711e+03  -2.954312e+02;
  -6.261111e+01  -1.308310e+02  -1.383770e+03]
sigmaDot=[ ... 
   2.947171e+06  -9.748304e+06  -3.930871e+05;
  -3.579733e+06   9.691575e+06   4.950260e+06;
  -8.820411e+04   6.576965e+06  -5.208610e+05]
intgraE=[ ...  
  -5.986330e-03   4.654235e-03  -5.977549e-03;
   4.654235e-03   2.730428e-03  -3.587699e-03;
  -5.977549e-03  -3.587699e-03  -9.824200e-03]
E=[ ...        
  -7.601090e-03   3.741429e-03  -9.851590e-03;
   3.741429e-03   2.642875e-03  -5.761029e-03;
  -9.851590e-03  -5.761029e-03  -1.252520e-02]
e=[ ...        
  -7.911310e-03   3.652623e-03  -1.020667e-02;
   3.652623e-03   2.530790e-03  -5.827386e-03;
  -1.020667e-02  -5.827386e-03  -1.315730e-02]
intgraF=[ ...  
   9.939673e-01   3.103869e-03  -7.771099e-03;
   6.172766e-03   1.002690e+00   7.053245e-04;
  -4.277598e-03  -7.937105e-03   9.900963e-01]
F=[ ...        
   9.923284e-01   2.481473e-03  -1.228609e-02;
   4.954904e-03   1.002612e+00  -4.635663e-03;
  -7.584634e-03  -6.931775e-03   9.873080e-01]
R=[ ...        
   9.999964e-01  -1.251162e-03  -2.381477e-03;
   1.253935e-03   9.999985e-01   1.163077e-03;
   2.380018e-03  -1.166059e-03   9.999965e-01]
U=[ ...        
   9.923130e-01   3.722177e-03  -9.942052e-03;
   3.722177e-03   1.002616e+00  -5.771544e-03;
  -9.942052e-03  -5.771544e-03   9.873284e-01]
l=[ ...        
  -2.456551e-01   1.385166e-01  -5.530440e-01;
   3.744362e-01   4.516297e-02  -1.087474e-01;
  -5.583426e-02  -4.528563e-01  -7.160545e-01]
d=[ ...        
  -2.456551e-01   2.564764e-01  -3.044391e-01;
   2.564764e-01   4.516297e-02  -2.808018e-01;
  -3.044391e-01  -2.808018e-01  -7.160545e-01]
     iteration=           5999       process=              1       (i,j,k)=              0              0              1       (x,y,z)=   5.004028e-03   5.006445e-03   1.408618e-02     particles=             54
fabric=[ ...   
   2.701299e-01  -8.602042e-02  -1.086235e-02;
  -8.602042e-02   4.713854e-01  -6.382297e-02;
  -1.086235e-02  -6.382297e-02   2.584847e-01]
sigma=[ ...    
  -1.516842e+03  -9.410015e+02  -1.158808e+03;
  -7.907495e+02  -2.205187e+03  -3.367037e+02;
  -1.311251e+03   8.681325e+01  -1.088766e+03]
sigmaDot=[ ... 
   5.527085e+06  -1.552762e+05   1.379752e+07;
   6.961651e+06  -3.840872e+07  -2.961283e+06;
   9.110224e+06   7.087573e+04   5.152619e+06]
intgraE=[ ...  
  -1.563657e-02   2.386733e-04  -3.303860e-03;
   2.386733e-04   6.393916e-03  -2.157877e-02;
  -3.303860e-03  -2.157877e-02   1.538740e-02]
E=[ ...        
  -1.346693e-02   2.582619e-03  -2.780807e-03;
   2.582619e-03   9.471900e-03  -1.618149e-02;
  -2.780807e-03  -1.618149e-02   1.835398e-02]
e=[ ...        
  -1.387516e-02   2.461097e-03  -2.686355e-03;
   2.461097e-03   8.536027e-03  -1.524767e-02;
  -2.686355e-03  -1.524767e-02   1.747867e-02]
intgraF=[ ...  
   9.842003e-01  -5.864466e-03  -7.946792e-05;
   6.001455e-03   1.005803e+00  -9.214815e-03;
  -6.377088e-03  -3.338135e-02   1.015229e+00]
F=[ ...        
   9.864286e-01   6.743836e-04  -3.224794e-03;
   4.402463e-03   1.009121e+00  -6.979712e-03;
  -2.307946e-03  -2.486588e-02   1.018160e+00]
R=[ ...        
   9.999981e-01  -1.882078e-03  -4.918130e-04;
   1.886346e-03   9.999593e-01   8.825099e-03;
   4.751835e-04  -8.826010e-03   9.999609e-01]
U=[ ...        
   9.864340e-01   2.566117e-03  -2.754142e-03;
   2.566117e-03   1.009298e+00  -1.595964e-02;
  -2.754142e-03  -1.595964e-02   1.018060e+00]
l=[ ...        
  -2.442822e-01  -4.978380e-02  -3.311731e-01;
  -2.497096e-01   7.437760e-02   6.329979e-02;
   1.169281e-01  -2.370559e+00   1.045776e+00]
d=[ ...        
  -2.442822e-01  -1.497467e-01  -1.071225e-01;
  -1.497467e-01   7.437760e-02  -1.153630e+00;
  -1.071225e-01  -1.153630e+00   1.045776e+00]
     iteration=           5999       process=              2       (i,j,k)=              0              1              0       (x,y,z)=   5.004028e-03   1.499536e-02   4.703191e-03     particles=             72
fabric=[ ...   
   2.690656e-01  -3.391917e-02  -3.486559e-02;
  -3.391917e-02   3.238923e-01   4.715878e-02;
  -3.486559e-02   4.715878e-02   4.070422e-01]
sigma=[ ...    
  -1.668449e+03   1.990515e+02   9.884743e+02;
   7.286433e+01  -1.407743e+03   9.568586e+01;
   6.611521e+02  -7.151449e-01  -3.421244e+03]
sigmaDot=[ ... 
  -1.179274e+07   5.356580e+06  -2.193206e+07;
  -1.150393e+07   4.987154e+06   2.489428e+07;
   3.601119e+06   2.451147e+07  -6.861314e+06]
intgraE=[ ...  
   1.691883e-03   2.334476e-03  -3.850315e-03;
   2.334476e-03  -3.975947e-03   2.137661e-03;
  -3.850315e-03   2.137661e-03  -1.268262e-02]
E=[ ...        
   5.398353e-03   1.898822e-03  -2.532627e-03;
   1.898822e-03  -2.427959e-03   1.775904e-03;
  -2.532627e-03   1.775904e-03  -8.719845e-03]
e=[ ...        
   5.297713e-03   1.918921e-03  -2.603500e-03;
   1.918921e-03  -2.451473e-03   1.823228e-03;
  -2.603500e-03   1.823228e-03  -8.873451e-03]
intgraF=[ ...  
   1.001635e+00  -2.327344e-03  -1.764710e-05;
   7.050925e-03   9.960091e-01   1.407039e-03;
  -7.792344e-03   2.911016e-03   9.872349e-01]
F=[ ...        
   1.005361e+00   2.258347e-04   6.501156e-04;
   3.596500e-03   9.975646e-01   6.089155e-04;
  -5.771596e-03   2.970244e-03   9.912414e-01]
R=[ ...        
   9.999934e-01  -1.682303e-03   3.219944e-03;
   1.686128e-03   9.999979e-01  -1.185515e-03;
  -3.217943e-03   1.190937e-03   9.999941e-01]
U=[ ...        
   1.005379e+00   1.898297e-03  -2.538620e-03;
   1.898297e-03   9.975657e-01   1.788326e-03;
  -2.538620e-03   1.788326e-03   9.912369e-01]
l=[ ...        
   1.888492e-01  -3.714453e-01  -1.188642e-01;
   2.525827e-01  -8.291675e-02   6.817430e-02;
  -6.449128e-01  -4.655606e-03  -1.217450e+00]
d=[ ...        
   1.888492e-01  -5.943132e-02  -3.818885e-01;
  -5.943132e-02  -8.291675e-02   3.175935e-02;
  -3.818885e-01   3.175935e-02  -1.217450e+00]
     iteration=           5999       process=              3       (i,j,k)=              0              1              1       (x,y,z)=   5.004028e-03   1.499536e-02   1.408618e-02     particles=             45
fabric=[ ...   
   2.954334e-01   8.860591e-02   7.387481e-02;
   8.860591e-02   3.396216e-01   1.597014e-02;
   7.387481e-02   1.597014e-02   3.649451e-01]
sigma=[ ...    
  -4.222661e+03  -5.664009e+02  -1.841952e+03;
  -9.889076e+02  -4.128278e+03   1.623970e+01;
  -1.805565e+03  -2.141320e+02  -5.821948e+03]
sigmaDot=[ ... 
   2.163272e+07   1.093870e+07   1.531089e+07;
  -1.116246e+07  -1.223476e+07  -2.498693e+07;
  -1.248819e+07  -8.328473e+07   4.805828e+07]
intgraE=[ ...  
  -4.625122e-03   5.551002e-03   4.510522e-03;
   5.551002e-03  -2.619264e-03   6.061410e-03;
   4.510522e-03   6.061410e-03  -7.500955e-03]
E=[ ...        
  -4.992062e-03   7.558052e-03   3.484203e-03;
   7.558052e-03  -1.729824e-03   5.496002e-03;
   3.484203e-03   5.496002e-03  -5.895782e-03]
e=[ ...        
  -5.267478e-03   7.586763e-03   3.483230e-03;
   7.586763e-03  -1.883726e-03   5.572666e-03;
   3.483230e-03   5.572666e-03  -5.996719e-03]
intgraF=[ ...  
   9.953068e-01   1.419790e-03   4.508747e-03;
   9.660001e-03   9.973038e-01   1.798738e-04;
   4.566147e-03   1.202771e-02   9.924604e-01]
F=[ ...        
   9.949054e-01   2.536670e-03   2.388595e-03;
   1.256957e-02   9.982172e-01   1.230202e-03;
   4.603758e-03   9.816017e-03   9.940831e-01]
R=[ ...        
   9.999867e-01  -5.040551e-03  -1.072447e-03;
   5.035877e-03   9.999780e-01  -4.316864e-03;
   1.094183e-03   4.311406e-03   9.999901e-01]
U=[ ...        
   9.949605e-01   7.574276e-03   3.482467e-03;
   7.574276e-03   9.982248e-01   5.504031e-03;
   3.482467e-03   5.504031e-03   9.940654e-01]
l=[ ...        
   8.212476e-02   2.348304e-01   3.301839e-01;
   5.082398e-01   1.436302e-01   3.209073e-01;
   3.970988e-01   9.677158e-01   5.763364e-01]
d=[ ...        
   8.212476e-02   3.715351e-01   3.636413e-01;
   3.715351e-01   1.436302e-01   6.443116e-01;
   3.636413e-01   6.443116e-01   5.763364e-01]
     iteration=           5999       process=              4       (i,j,k)=              1              0              0       (x,y,z)=   1.499252e-02   5.006445e-03   4.703191e-03     particles=             69
fabric=[ ...   
   3.349831e-01  -4.982929e-02   5.667664e-03;
  -4.982929e-02   2.635490e-01  -1.252486e-02;
   5.667664e-03  -1.252486e-02   4.014678e-01]
sigma=[ ...    
  -9.640046e+02   2.251259e+02  -1.549942e+02;
   2.843448e+02  -1.091271e+03  -4.553098e+02;
  -9.205209e+01  -3.541752e+02  -2.431601e+03]
sigmaDot=[ ... 
  -2.972518e+05  -1.552458e+05  -9.004244e+06;
   8.175767e+06  -1.529698e+06   1.107238e+07;
   2.799688e+06   1.692492e+07   1.252825e+07]
intgraE=[ ...  
   3.143055e-03   1.602944e-03   6.685606e-03;
   1.602944e-03   8.281774e-03  -3.298697e-03;
   6.685606e-03  -3.298697e-03  -2.758579e-02]
E=[ ...        
   2.054719e-03   1.217480e-03   7.839082e-03;
   1.217480e-03   5.782330e-03  -3.925053e-03;
   7.839082e-03  -3.925053e-03  -1.485550e-02]
e=[ ...        
   1.837421e-03   1.390267e-03   8.124118e-03;
   1.390267e-03   5.576648e-03  -4.283194e-03;
   8.124118e-03  -4.283194e-03  -1.528776e-02]
intgraF=[ ...  
   1.003026e+00   6.241918e-03  -9.231753e-04;
  -2.779190e-03   1.008082e+00   1.003012e-02;
   1.473816e-02  -1.718448e-02   9.719707e-01]
F=[ ...        
   1.001962e+00   4.329882e-03   2.539371e-03;
  -1.684132e-03   1.005634e+00   7.579443e-03;
   1.334678e-02  -1.571903e-02   9.850001e-01]
R=[ ...        
   9.999806e-01   3.062581e-03  -5.422516e-03;
  -2.998825e-03   9.999267e-01   1.172697e-02;
   5.458033e-03  -1.171048e-02   9.999165e-01]
U=[ ...        
   1.002021e+00   1.228284e-03   7.892755e-03;
   1.228284e-03   1.005757e+00  -3.948160e-03;
   7.892755e-03  -3.948160e-03   9.849930e-01]
l=[ ...        
   1.650119e-01   6.046474e-01   5.145026e-02;
  -2.227633e-02   3.669025e-01   2.865713e-01;
   4.089367e-01  -1.623927e-01  -1.210645e+00]
d=[ ...        
   1.650119e-01   2.911855e-01   2.301935e-01;
   2.911855e-01   3.669025e-01   6.208932e-02;
   2.301935e-01   6.208932e-02  -1.210645e+00]
     iteration=           5999       process=              5       (i,j,k)=              1              0              1       (x,y,z)=   1.499252e-02   5.006445e-03   1.408618e-02     particles=             42
fabric=[ ...   
   2.644922e-01  -2.515021e-02  -1.653507e-02;
  -2.515021e-02   3.096071e-01  -7.446413e-02;
  -1.653507e-02  -7.446413e-02   4.259007e-01]
sigma=[ ...    
  -9.461637e+02  -2.879165e+02  -1.932236e+02;
  -2.038670e+02  -1.040890e+03   7.640338e+02;
  -1.952988e+02   9.747404e+02  -2.008931e+03]
sigmaDot=[ ... 
  -2.363649e+07  -1.028888e+07   4.143573e+06;
  -1.421815e+07  -1.411512e+07   1.402056e+07;
   9.714891e+06  -8.959084e+06  -1.261225e+06]
intgraE=[ ...  
   1.261767e-02  -7.884572e-04   1.700777e-02;
  -7.884572e-04   1.056816e-02  -1.841737e-02;
   1.700777e-02  -1.841737e-02   5.319614e-04]
E=[ ...        
   1.073067e-02  -1.701585e-03   1.755476e-02;
  -1.701585e-03   7.538435e-03  -3.198111e-03;
   1.755476e-02  -3.198111e-03  -5.883601e-02]
e=[ ...        
   9.481982e-03  -1.274217e-03   2.023842e-02;
  -1.274217e-03   7.306182e-03  -4.140990e-03;
   2.023842e-02  -4.140990e-03  -6.704264e-02]
intgraF=[ ...  
   1.011946e+00  -8.198349e-03   2.512313e-04;
   7.518316e-03   1.010148e+00  -1.083620e-02;
   3.382678e-02  -2.587427e-02   1.000473e+00]
F=[ ...        
   1.010294e+00  -7.773879e-03   9.360997e-03;
   4.778284e-03   1.007392e+00   6.125027e-03;
   2.727997e-02  -1.330175e-02   9.392565e-01]
R=[ ...        
   9.999388e-01  -6.101154e-03  -9.224485e-03;
   6.192305e-03   9.999320e-01   9.885315e-03;
   9.163545e-03  -9.941831e-03   9.999086e-01]
U=[ ...        
   1.010512e+00  -1.657214e-03   1.800527e-02;
  -1.657214e-03   1.007504e+00  -3.270433e-03;
   1.800527e-02  -3.270433e-03   9.391449e-01]
l=[ ...        
   9.038313e-03  -2.899764e-01   3.860439e-01;
   6.474564e-01   4.154334e-01   2.415724e-01;
   8.281059e-01  -1.578809e+00  -9.079301e-01]
d=[ ...        
   9.038313e-03   1.787400e-01   6.070749e-01;
   1.787400e-01   4.154334e-01  -6.686185e-01;
   6.070749e-01  -6.686185e-01  -9.079301e-01]
     iteration=           5999       process=              6       (i,j,k)=              1              1              0       (x,y,z)=   1.499252e-02   1.499536e-02   4.703191e-03     particles=             56
fabric=[ ...   
   2.096847e-01  -2.075930e-02  -4.777283e-02;
  -2.075930e-02   4.122333e-01   2.726227e-02;
  -4.777283e-02   2.726227e-02   3.780820e-01]
sigma=[ ...    
  -6.484824e+02   6.853215e+02   4.722338e+02;
   7.890110e+02  -1.525817e+03  -1.120855e+02;
   3.021025e+02  -9.379377e+01  -6.857875e+02]
sigmaDot=[ ... 
  -1.641372e+06  -2.896960e+06   7.248346e+06;
  -2.923751e+06   2.899661e+07   1.036650e+07;
   1.425752e+06   5.721616e+06  -8.150492e+05]
intgraE=[ ...  
  -5.249075e-03  -7.163221e-03   2.540473e-03;
  -7.163221e-03  -1.120975e-02   7.089253e-03;
   2.540473e-03   7.089253e-03  -1.258855e-02]
E=[ ...        
  -2.602300e-03  -6.624684e-03   1.603444e-03;
  -6.624684e-03  -8.211841e-03   4.518589e-03;
   1.603444e-03   4.518589e-03  -1.022785e-02]
e=[ ...        
  -2.757757e-03  -6.829340e-03   1.735125e-03;
  -6.829340e-03  -8.486854e-03   4.681521e-03;
   1.735125e-03   4.681521e-03  -1.044143e-02]
intgraF=[ ...  
   9.946475e-01  -4.470102e-03  -3.531742e-03;
  -1.010040e-02   9.886428e-01   2.261749e-03;
   8.727270e-03   1.207980e-02   9.873223e-01]
F=[ ...        
   9.973333e-01  -4.639421e-03  -3.447932e-03;
  -8.747628e-03   9.917122e-01   1.260536e-03;
   6.725844e-03   7.851868e-03   9.897125e-01]
R=[ ...        
   9.999847e-01   2.065802e-03  -5.139426e-03;
  -2.082967e-03   9.999923e-01  -3.336799e-03;
   5.132493e-03   3.347453e-03   9.999812e-01]
U=[ ...        
   9.973707e-01  -6.664754e-03   1.629187e-03;
  -6.664754e-03   9.917213e-01   4.566420e-03;
   1.629187e-03   4.566420e-03   9.897074e-01]
l=[ ...        
  -1.569835e-01  -1.572928e-01  -1.329728e-01;
  -3.557824e-01  -4.728886e-01   1.723608e-01;
   4.780575e-01   3.902247e-01  -8.841705e-01]
d=[ ...        
  -1.569835e-01  -2.565376e-01   1.725423e-01;
  -2.565376e-01  -4.728886e-01   2.812928e-01;
   1.725423e-01   2.812928e-01  -8.841705e-01]
     iteration=           5999       process=              7       (i,j,k)=              1              1              1       (x,y,z)=   1.499252e-02   1.499536e-02   1.408618e-02     particles=             52
fabric=[ ...   
   3.497288e-01  -1.086763e-01  -3.089987e-03;
  -1.086763e-01   3.970833e-01   2.094945e-03;
  -3.089987e-03   2.094945e-03   2.531879e-01]
sigma=[ ...    
  -9.414930e+02   2.617742e+02   5.453178e+01;
   4.208059e+02  -4.055264e+02   5.394801e+01;
   3.032433e+02  -1.402869e+02  -4.074586e+02]
sigmaDot=[ ... 
   4.079569e+06   2.462762e+06  -2.291674e+07;
   3.714019e+07  -3.530830e+06   3.362580e+06;
  -1.438212e+07   7.756102e+07  -1.362877e+07]
intgraE=[ ...  
   5.638298e-03  -2.485487e-04   2.030653e-03;
  -2.485487e-04  -8.080100e-03  -3.250310e-03;
   2.030653e-03  -3.250310e-03  -5.288494e-03]
E=[ ...        
   6.180794e-03  -1.981233e-03   2.570654e-04;
  -1.981233e-03   3.022074e-03  -5.218744e-03;
   2.570654e-04  -5.218744e-03  -1.245587e-02]
e=[ ...        
   6.093116e-03  -1.924985e-03   3.079749e-04;
  -1.924985e-03   2.929131e-03  -5.348119e-03;
   3.079749e-04  -5.348119e-03  -1.281474e-02]
intgraF=[ ...  
   1.005595e+00   2.329545e-03  -2.835047e-03;
  -2.870068e-03   9.918837e-01  -7.574775e-03;
   6.927433e-03   1.024748e-03   9.946646e-01]
F=[ ...        
   1.006151e+00  -1.307216e-03  -3.359856e-03;
  -2.613397e-03   1.002995e+00  -3.907393e-03;
   3.933802e-03  -6.605673e-03   9.874521e-01]
R=[ ...        
   9.999931e-01   6.432131e-04  -3.655051e-03;
  -6.382705e-04   9.999989e-01   1.353268e-03;
   3.655917e-03  -1.350925e-03   9.999924e-01]
U=[ ...        
   1.006160e+00  -1.971539e-03   2.527037e-04;
  -1.971539e-03   1.003002e+00  -5.243524e-03;
   2.527037e-04  -5.243524e-03   9.874516e-01]
l=[ ...        
   4.414866e-01  -2.194686e-01  -2.639965e-01;
  -5.193548e-02  -6.342153e-01  -3.510597e-01;
   8.930143e-01   2.858379e-01   1.133346e+00]
d=[ ...        
   4.414866e-01  -1.357020e-01   3.145089e-01;
  -1.357020e-01  -6.342153e-01  -3.261086e-02;
   3.145089e-01  -3.261086e-02   1.133346e+00]
