              6

              1
              8
          pos_x          pos_y          pos_z       normal_x       normal_y       normal_z        tangt_x        tangt_y        tangt_z          pentr
   4.975147e-06   1.000437e-03   2.027896e-03  -2.786456e-04   0.000000e+00   0.000000e+00  -0.000000e+00  -9.739251e-06   3.173775e-05   2.454468e-09
   4.975147e-06   5.953313e-03   2.745711e-03  -2.960896e-03   0.000000e+00   0.000000e+00  -0.000000e+00  -1.131192e-05  -1.574782e-04   1.240732e-08
   4.975147e-06   2.785486e-03   4.783101e-03  -1.682944e-03   0.000000e+00   0.000000e+00  -0.000000e+00  -5.042025e-04   5.635163e-05   8.428125e-09
   4.975147e-06   5.704485e-03   5.132725e-03  -6.628646e-07   0.000000e+00   0.000000e+00   0.000000e+00   3.306474e-07  -2.279657e-08   4.038726e-11
   4.975147e-06   9.138306e-04   4.221945e-03  -5.191244e-04   0.000000e+00   0.000000e+00   0.000000e+00   2.565291e-04   3.956446e-05   4.189461e-09
   4.975147e-06   4.427042e-03   1.284585e-02  -1.829844e-02   0.000000e+00   0.000000e+00  -0.000000e+00   8.115638e-03  -2.107369e-03   3.772930e-08
   4.975147e-06   1.797549e-02   8.510385e-04  -1.390568e-03   0.000000e+00   0.000000e+00  -0.000000e+00   1.151960e-05   6.253096e-06   7.740199e-09
   4.975147e-06   1.391182e-02   2.755815e-03  -3.520149e-03   0.000000e+00   0.000000e+00   0.000000e+00  -3.104186e-04   1.732485e-03   1.203884e-08
                                               -2.865142e-02   0.000000e+00   0.000000e+00   0.000000e+00   7.548345e-03  -3.984788e-04   1.062851e-08

              2
              3
          pos_x          pos_y          pos_z       normal_x       normal_y       normal_z        tangt_x        tangt_y        tangt_z          pentr
   1.999518e-02   3.235575e-03   3.322371e-03   7.756666e-03   0.000000e+00   0.000000e+00   0.000000e+00   2.674227e-03   2.808911e-03   1.834828e-08
   1.999518e-02   1.110675e-03   9.413920e-03   1.311323e-02   0.000000e+00   0.000000e+00  -0.000000e+00   4.325707e-03  -1.927463e-03   3.416393e-08
   1.999518e-02   6.661089e-03   1.078333e-02   9.735328e-02   0.000000e+00   0.000000e+00  -0.000000e+00   9.314446e-03  -3.983264e-03   9.406856e-08
                                                1.182232e-01   0.000000e+00   0.000000e+00   0.000000e+00   1.631438e-02  -3.101816e-03   4.886026e-08

              3
              9
          pos_x          pos_y          pos_z       normal_x       normal_y       normal_z        tangt_x        tangt_y        tangt_z          pentr
   8.796167e-04   4.715415e-06   4.163286e-03   0.000000e+00  -1.406383e-03   0.000000e+00   2.582731e-05  -0.000000e+00  -4.390531e-06   8.354860e-09
   2.250505e-03   4.715415e-06   1.427125e-02   0.000000e+00  -6.365909e-03   0.000000e+00   1.631875e-04  -0.000000e+00   8.130280e-04   1.772174e-08
   5.057703e-03   4.715415e-06   1.301473e-02   0.000000e+00  -1.306151e-02   0.000000e+00   1.174194e-03  -0.000000e+00  -2.051586e-04   3.519526e-08
   1.762974e-02   4.715415e-06   1.820640e-03   0.000000e+00  -1.357091e-02   0.000000e+00  -1.793829e-03  -0.000000e+00   2.586511e-03   3.148179e-08
   1.732238e-02   4.715415e-06   4.670368e-03   0.000000e+00  -2.173506e-04   0.000000e+00   1.071629e-04   0.000000e+00  -1.806729e-05   1.904159e-09
   1.861916e-02   4.715415e-06   9.491136e-03   0.000000e+00  -1.249707e-02   0.000000e+00   2.308905e-03  -0.000000e+00  -2.493589e-03   2.784528e-08
   1.508914e-02   4.715415e-06   2.832179e-03   0.000000e+00  -2.509871e-03   0.000000e+00  -3.242917e-04   0.000000e+00   1.212311e-03   9.877655e-09
   1.539384e-02   4.715415e-06   9.783617e-04   0.000000e+00  -3.253108e-03   0.000000e+00  -4.777101e-04  -0.000000e+00   1.307711e-03   1.650806e-08
   1.592188e-02   4.715415e-06   1.266002e-02   0.000000e+00  -2.041958e-03   0.000000e+00  -8.665666e-04   0.000000e+00  -5.398708e-04   8.826599e-09
                                                0.000000e+00  -5.492407e-02   0.000000e+00   3.168798e-04   0.000000e+00   2.658485e-03   1.752393e-08

              4
              3
          pos_x          pos_y          pos_z       normal_x       normal_y       normal_z        tangt_x        tangt_y        tangt_z          pentr
   3.786238e-03   1.999508e-02   4.050917e-03   0.000000e+00   1.722838e-03   0.000000e+00  -2.341486e-04   0.000000e+00   8.289855e-04   7.278765e-09
   1.712562e-03   1.999508e-02   4.813561e-03   0.000000e+00   2.458777e-04   0.000000e+00   1.020085e-04   0.000000e+00   6.861649e-05   2.520321e-09
   5.227455e-03   1.999508e-02   1.254229e-02   0.000000e+00   1.488662e-02   0.000000e+00  -2.160277e-04  -0.000000e+00  -1.090373e-03   3.103724e-08
                                                0.000000e+00   1.685533e-02   0.000000e+00  -3.481677e-04   0.000000e+00  -1.927708e-04   1.361211e-08

              5
             10
          pos_x          pos_y          pos_z       normal_x       normal_y       normal_z        tangt_x        tangt_y        tangt_z          pentr
   2.184158e-03   1.564302e-03   4.975147e-06   0.000000e+00   0.000000e+00  -2.614155e-04   9.705725e-05   3.095772e-05  -0.000000e+00   2.066931e-09
   8.495104e-03   5.014021e-03   4.975147e-06   0.000000e+00   0.000000e+00  -1.251610e-04   1.590256e-05  -1.754572e-05  -0.000000e+00   1.406722e-09
   9.368039e-03   2.210555e-03   4.975147e-06   0.000000e+00   0.000000e+00  -4.404624e-03  -1.349736e-03   1.441383e-04  -0.000000e+00   1.231756e-08
   6.757270e-03   1.507605e-02   4.975147e-06   0.000000e+00   0.000000e+00  -1.019776e-03  -4.648196e-04  -2.095914e-04   0.000000e+00   5.855217e-09
   2.464946e-03   1.446054e-02   4.975147e-06   0.000000e+00   0.000000e+00  -1.922213e-03   9.308272e-04   2.393460e-04   0.000000e+00   8.771399e-09
   4.841280e-03   1.167538e-02   4.975147e-06   0.000000e+00   0.000000e+00  -3.970030e-05  -1.346348e-05  -1.458641e-05   0.000000e+00   7.984236e-10
   6.995958e-03   1.084223e-02   4.975147e-06   0.000000e+00   0.000000e+00  -2.043192e-03   8.431864e-04  -3.103787e-04  -0.000000e+00   8.382087e-09
   1.795369e-02   5.660595e-03   4.975147e-06   0.000000e+00   0.000000e+00  -3.731298e-03  -9.761051e-04  -6.625397e-04  -0.000000e+00   1.343477e-08
   1.703861e-02   1.929727e-03   4.975147e-06   0.000000e+00   0.000000e+00  -1.413885e-02  -1.179573e-03   3.034916e-03  -0.000000e+00   3.204178e-08
   1.519908e-02   1.253476e-03   4.975147e-06   0.000000e+00   0.000000e+00  -1.921210e-03  -6.423661e-04   7.142321e-04   0.000000e+00   9.793281e-09
                                                0.000000e+00   0.000000e+00  -2.960744e-02  -2.739090e-03   2.948948e-03   0.000000e+00   9.486817e-09

              6
              0
          pos_x          pos_y          pos_z       normal_x       normal_y       normal_z        tangt_x        tangt_y        tangt_z          pentr
                                                0.000000e+00   0.000000e+00   0.000000e+00   0.000000e+00   0.000000e+00   0.000000e+00   0.000000e+00

