              6

              1
             15
          pos_x          pos_y          pos_z       normal_x       normal_y       normal_z        tangt_x        tangt_y        tangt_z          pentr
  -7.517839e-06   8.991049e-03   1.308431e-03  -3.529551e-02   0.000000e+00   0.000000e+00  -0.000000e+00  -1.394838e-03  -1.548492e-03   5.341094e-08
  -7.517839e-06   9.868090e-04   2.082150e-03  -2.510639e-02   0.000000e+00   0.000000e+00  -0.000000e+00  -1.010076e-02  -3.697578e-03   4.965490e-08
  -7.517839e-06   4.041760e-03   2.204519e-03  -6.345534e-03   0.000000e+00   0.000000e+00   0.000000e+00  -7.612456e-04   3.080090e-03   2.003029e-08
  -7.517839e-06   5.953106e-03   2.734618e-03  -4.358942e-03   0.000000e+00   0.000000e+00   0.000000e+00   2.391852e-05   2.179340e-03   1.606838e-08
  -7.517839e-06   2.700821e-03   4.675654e-03  -1.822239e-02   0.000000e+00   0.000000e+00  -0.000000e+00  -2.159810e-03  -2.742601e-03   4.070152e-08
  -7.517839e-06   5.673452e-03   4.911468e-03  -2.146574e-03   0.000000e+00   0.000000e+00  -0.000000e+00  -4.349560e-05  -2.861389e-04   8.881276e-09
  -7.517839e-06   5.010346e-03   7.317472e-03  -1.168070e-01   0.000000e+00   0.000000e+00  -0.000000e+00   5.444472e-03  -1.655509e-02   1.371765e-07
  -7.517839e-06   8.153912e-03   1.511007e-02  -1.168968e-02   0.000000e+00   0.000000e+00   0.000000e+00  -5.814930e-03  -5.905249e-04   3.318811e-08
  -7.517839e-06   4.341440e-03   1.275798e-02  -1.995327e-02   0.000000e+00   0.000000e+00  -0.000000e+00   5.840086e-03   9.391134e-04   3.978248e-08
  -7.517839e-06   1.823792e-02   7.068123e-03  -4.105802e-02   0.000000e+00   0.000000e+00  -0.000000e+00  -5.190993e-03  -4.118393e-03   7.692474e-08
  -7.517839e-06   1.154624e-02   7.407209e-03  -2.246643e-02   0.000000e+00   0.000000e+00   0.000000e+00  -1.037415e-02  -4.308389e-03   5.227906e-08
  -7.517839e-06   1.182962e-02   9.100782e-03  -1.085823e-01   0.000000e+00   0.000000e+00  -0.000000e+00   1.259784e-02  -8.613897e-04   1.753637e-07
  -7.517839e-06   1.159258e-02   1.289605e-02  -1.858708e-02   0.000000e+00   0.000000e+00  -0.000000e+00   7.222977e-03   3.368451e-03   3.746842e-08
  -7.517839e-06   1.446106e-02   1.205543e-02  -6.842074e-02   0.000000e+00   0.000000e+00  -0.000000e+00  -1.040735e-03  -1.766619e-02   9.936742e-08
  -7.517839e-06   1.677846e-02   1.192978e-02  -8.014418e-03   0.000000e+00   0.000000e+00   0.000000e+00  -1.014050e-03  -3.876780e-03   2.328465e-08
                                               -5.070543e-01   0.000000e+00   0.000000e+00   0.000000e+00  -6.765715e-03  -4.668457e-02   5.757216e-08

              2
             14
          pos_x          pos_y          pos_z       normal_x       normal_y       normal_z        tangt_x        tangt_y        tangt_z          pentr
   1.997742e-02   3.231506e-03   3.280739e-03   1.189304e-02   0.000000e+00   0.000000e+00  -0.000000e+00  -3.359057e-03  -1.269428e-03   2.431224e-08
   1.997742e-02   5.550904e-03   5.201379e-03   3.378895e-02   0.000000e+00   0.000000e+00  -0.000000e+00  -9.832691e-04  -1.177411e-03   5.896105e-08
   1.997742e-02   6.010023e-03   7.549101e-03   3.025225e-02   0.000000e+00   0.000000e+00  -0.000000e+00   6.896916e-03   2.016305e-03   5.470431e-08
   1.997742e-02   8.889136e-03   2.694807e-03   4.147723e-03   0.000000e+00   0.000000e+00  -0.000000e+00   4.321288e-05  -7.635665e-04   1.735603e-08
   1.997742e-02   9.690288e-03   1.062113e-03   2.206543e-02   0.000000e+00   0.000000e+00  -0.000000e+00   4.487095e-04  -4.870883e-04   4.223472e-08
   1.997742e-02   9.048740e-03   1.597209e-02   6.308756e-02   0.000000e+00   0.000000e+00  -0.000000e+00   9.196634e-03   1.503135e-02   8.999568e-08
   1.997742e-02   4.700852e-03   1.249454e-02   6.734276e-03   0.000000e+00   0.000000e+00  -0.000000e+00   1.500700e-03  -1.190352e-03   2.087850e-08
   1.997742e-02   3.487559e-03   1.086638e-02   9.669586e-03   0.000000e+00   0.000000e+00  -0.000000e+00   1.699447e-03   1.079304e-03   2.631205e-08
   1.997742e-02   6.707346e-03   1.044977e-02   8.188804e-02   0.000000e+00   0.000000e+00  -0.000000e+00   2.437007e-03  -3.012286e-03   8.344852e-08
   1.997742e-02   1.121435e-03   9.274522e-03   1.201068e-02   0.000000e+00   0.000000e+00  -0.000000e+00  -2.351546e-03  -2.893584e-03   3.211728e-08
   1.997742e-02   1.881918e-02   1.157355e-03   9.908507e-03   0.000000e+00   0.000000e+00  -0.000000e+00   1.648577e-05   1.667455e-04   3.299590e-08
   1.997742e-02   1.705783e-02   4.577412e-03   3.016011e-03   0.000000e+00   0.000000e+00   0.000000e+00  -7.392881e-04   1.314357e-03   1.547977e-08
   1.997742e-02   1.236953e-02   3.895480e-03   6.005345e-02   0.000000e+00   0.000000e+00  -0.000000e+00  -5.613991e-03  -1.278332e-02   8.287255e-08
   1.997742e-02   1.276775e-02   1.217115e-02   3.160367e-03   0.000000e+00   0.000000e+00   0.000000e+00  -1.248924e-03  -9.680749e-04   1.293886e-08
                                                3.516759e-01   0.000000e+00   0.000000e+00   0.000000e+00   7.943037e-03  -4.937046e-03   4.247196e-08

              3
             17
          pos_x          pos_y          pos_z       normal_x       normal_y       normal_z        tangt_x        tangt_y        tangt_z          pentr
   6.146534e-04   5.707705e-07   1.836971e-03   0.000000e+00  -3.873683e-03   0.000000e+00  -1.669059e-03   0.000000e+00  -9.826476e-04   1.957348e-08
   3.900417e-03   5.707705e-07   1.917365e-03   0.000000e+00  -5.171794e-03   0.000000e+00  -2.268411e-03  -0.000000e+00   2.592214e-04   1.755182e-08
   2.085862e-03   5.707705e-07   3.499937e-03   0.000000e+00  -1.332679e-02   0.000000e+00  -2.238048e-03  -0.000000e+00   6.140526e-03   3.311841e-08
   5.432692e-03   5.707705e-07   4.142664e-03   0.000000e+00  -2.787532e-03   0.000000e+00  -4.728346e-05  -0.000000e+00   1.248199e-03   1.263258e-08
   7.846991e-03   5.707705e-07   6.319989e-03   0.000000e+00  -4.110667e-02   0.000000e+00   1.161769e-02  -0.000000e+00  -1.389519e-02   6.471987e-08
   9.657864e-03   5.707705e-07   1.391613e-03   0.000000e+00  -2.987693e-02   0.000000e+00   1.059342e-02  -0.000000e+00  -1.003308e-02   6.080440e-08
   5.732181e-03   5.707705e-07   1.090950e-02   0.000000e+00  -2.736833e-02   0.000000e+00   1.102729e-02  -0.000000e+00  -2.938580e-03   6.253794e-08
   1.761751e-02   5.707705e-07   1.817088e-03   0.000000e+00  -3.334234e-02   0.000000e+00   2.118586e-03  -0.000000e+00  -2.449633e-03   5.691703e-08
   1.729524e-02   5.707705e-07   4.659716e-03   0.000000e+00  -3.585282e-02   0.000000e+00   1.015935e-02  -0.000000e+00  -8.566011e-03   5.664073e-08
   1.276872e-02   5.707705e-07   1.467993e-03   0.000000e+00  -4.765048e-02   0.000000e+00   9.027675e-03  -0.000000e+00  -1.167530e-02   8.092126e-08
   1.085589e-02   5.707705e-07   6.278656e-03   0.000000e+00  -1.768740e-02   0.000000e+00   3.193579e-03   0.000000e+00   8.246946e-03   4.072097e-08
   1.042805e-02   5.707705e-07   3.269809e-03   0.000000e+00  -1.569526e-02   0.000000e+00   2.805044e-03  -0.000000e+00  -4.037044e-03   3.174446e-08
   1.017954e-02   5.707705e-07   1.051757e-02   0.000000e+00  -5.021496e-02   0.000000e+00  -3.025956e-03  -0.000000e+00   1.153354e-02   8.128290e-08
   1.434510e-02   5.707705e-07   1.426988e-02   0.000000e+00  -1.284516e-01   0.000000e+00  -7.497121e-03  -0.000000e+00  -2.914285e-02   1.530652e-07
   1.602008e-02   5.707705e-07   1.258092e-02   0.000000e+00  -1.987235e-02   0.000000e+00   5.702754e-03  -0.000000e+00  -1.500450e-03   3.998934e-08
   1.295178e-02   5.707705e-07   1.198263e-02   0.000000e+00  -1.059497e-02   0.000000e+00  -1.180556e-03  -0.000000e+00  -1.600024e-03   3.393266e-08
   1.858977e-02   5.707705e-07   9.282490e-03   0.000000e+00  -3.463412e-02   0.000000e+00   6.896380e-03  -0.000000e+00  -9.602298e-03   5.501905e-08
                                                0.000000e+00  -5.175081e-01   0.000000e+00   5.521533e-02   0.000000e+00  -6.899468e-02   5.301013e-08

              4
             11
          pos_x          pos_y          pos_z       normal_x       normal_y       normal_z        tangt_x        tangt_y        tangt_z          pentr
   1.730218e-03   2.000546e-02   2.458829e-03   0.000000e+00   7.769470e-02   0.000000e+00  -1.409401e-02  -0.000000e+00  -2.315117e-03   9.621514e-08
   3.798203e-03   2.000546e-02   4.004691e-03   0.000000e+00   2.268957e-03   0.000000e+00   1.062835e-03  -0.000000e+00  -2.293145e-04   8.791139e-09
   9.317475e-03   2.000546e-02   1.251486e-03   0.000000e+00   1.162340e-02   0.000000e+00   4.018969e-03  -0.000000e+00  -1.725312e-03   3.398999e-08
   5.961015e-03   2.000546e-02   1.741090e-02   0.000000e+00   1.591519e-02   0.000000e+00   4.997335e-03   0.000000e+00  -6.192732e-03   3.740339e-08
   7.784805e-03   2.000546e-02   1.588380e-02   0.000000e+00   5.757608e-02   0.000000e+00   1.467862e-02  -0.000000e+00  -2.005355e-02   1.062772e-07
   2.287346e-03   2.000546e-02   1.539484e-02   0.000000e+00   1.473967e-02   0.000000e+00  -6.244573e-03  -0.000000e+00  -2.207089e-03   3.051737e-08
   3.895175e-03   2.000546e-02   9.437397e-03   0.000000e+00   2.967041e-02   0.000000e+00  -9.265644e-04  -0.000000e+00  -8.903293e-03   4.119389e-08
   8.328776e-03   2.000546e-02   9.419720e-03   0.000000e+00   1.765602e-02   0.000000e+00  -1.254899e-03  -0.000000e+00   5.229467e-03   3.501414e-08
   1.814084e-02   2.000546e-02   5.362990e-03   0.000000e+00   6.089698e-02   0.000000e+00   1.683117e-02  -0.000000e+00   2.072247e-03   9.717853e-08
   1.748200e-02   2.000546e-02   2.740207e-03   0.000000e+00   6.201463e-02   0.000000e+00  -8.840804e-03  -0.000000e+00  -1.141815e-02   9.186185e-08
   1.209371e-02   2.000546e-02   1.146380e-02   0.000000e+00   2.142634e-02   0.000000e+00   5.405001e-03  -0.000000e+00  -6.583653e-03   3.738454e-08
                                                0.000000e+00   3.714824e-01   0.000000e+00   1.563308e-02   0.000000e+00  -5.232650e-02   5.598429e-08

              5
             23
          pos_x          pos_y          pos_z       normal_x       normal_y       normal_z        tangt_x        tangt_y        tangt_z          pentr
   6.323389e-03   1.404358e-03  -7.689151e-06   0.000000e+00   0.000000e+00  -1.027327e-02  -2.831887e-03  -3.269519e-03  -0.000000e+00   2.398458e-08
   2.335198e-03   6.694599e-03  -7.689151e-06   0.000000e+00   0.000000e+00  -2.008081e-02   1.043426e-03  -3.418260e-03  -0.000000e+00   4.242038e-08
   4.267665e-03   1.279837e-03  -7.689151e-06   0.000000e+00   0.000000e+00  -9.872245e-03  -8.700741e-04  -4.858835e-03   0.000000e+00   2.639084e-08
   4.995061e-03   3.618652e-03  -7.689151e-06   0.000000e+00   0.000000e+00  -2.174988e-02  -1.034142e-02  -3.039403e-03  -0.000000e+00   4.694246e-08
   8.453862e-03   5.132053e-03  -7.689151e-06   0.000000e+00   0.000000e+00  -1.749278e-01  -3.680060e-03  -1.862349e-02  -0.000000e+00   1.677219e-07
   8.299122e-03   7.970511e-03  -7.689151e-06   0.000000e+00   0.000000e+00  -7.300692e-02   3.400299e-03   1.335650e-02  -0.000000e+00   9.065703e-08
   9.304346e-03   2.225443e-03  -7.689151e-06   0.000000e+00   0.000000e+00  -9.704672e-04   1.674078e-05  -4.849447e-04   0.000000e+00   4.506044e-09
   1.083431e-03   1.847348e-02  -7.689151e-06   0.000000e+00   0.000000e+00  -1.017430e-01  -2.244620e-02  -1.669340e-02  -0.000000e+00   1.140756e-07
   6.909553e-03   1.514056e-02  -7.689151e-06   0.000000e+00   0.000000e+00  -1.201096e-03   1.652480e-04  -2.471484e-05  -0.000000e+00   6.470303e-09
   3.098726e-03   1.259688e-02  -7.689151e-06   0.000000e+00   0.000000e+00  -8.028564e-02   3.572479e-04   1.852187e-02  -0.000000e+00   1.076508e-07
   9.430744e-03   1.898416e-02  -7.689151e-06   0.000000e+00   0.000000e+00  -2.589795e-03   9.310775e-04   8.999191e-04   0.000000e+00   1.442503e-08
   4.829583e-03   1.158978e-02  -7.689151e-06   0.000000e+00   0.000000e+00  -2.170646e-02   2.376312e-03  -4.690391e-03  -0.000000e+00   5.295731e-08
   1.801398e-02   5.673125e-03  -7.689151e-06   0.000000e+00   0.000000e+00  -4.562817e-02   1.861786e-03  -9.860852e-03  -0.000000e+00   7.112650e-08
   1.608563e-02   8.025176e-03  -7.689151e-06   0.000000e+00   0.000000e+00  -5.315752e-04   9.044088e-06  -2.656337e-04   0.000000e+00   3.855995e-09
   1.702311e-02   1.918890e-03  -7.689151e-06   0.000000e+00   0.000000e+00  -4.778499e-02  -3.496595e-03   1.476589e-02  -0.000000e+00   7.200983e-08
   1.255613e-02   4.965761e-03  -7.689151e-06   0.000000e+00   0.000000e+00  -6.581919e-03   1.089997e-03   1.644275e-03  -0.000000e+00   2.302405e-08
   1.547851e-02   4.826611e-03  -7.689151e-06   0.000000e+00   0.000000e+00  -1.442043e-02  -4.090118e-03   3.796284e-03  -0.000000e+00   3.897863e-08
   1.426803e-02   3.093880e-03  -7.689151e-06   0.000000e+00   0.000000e+00  -2.780116e-02  -2.567633e-03  -3.678548e-03  -0.000000e+00   6.456483e-08
   1.339289e-02   9.109157e-03  -7.689151e-06   0.000000e+00   0.000000e+00  -4.262657e-02  -8.571617e-03  -5.928266e-03  -0.000000e+00   7.270025e-08
   1.422617e-02   6.718071e-03  -7.689151e-06   0.000000e+00   0.000000e+00  -6.811148e-03  -5.416169e-04  -1.945783e-03  -0.000000e+00   2.063311e-08
   1.092370e-02   6.066134e-03  -7.689151e-06   0.000000e+00   0.000000e+00  -1.194218e-01  -4.597266e-03   5.556769e-02  -0.000000e+00   1.292310e-07
   1.875136e-02   1.892489e-02  -7.689151e-06   0.000000e+00   0.000000e+00  -1.995375e-02  -5.017731e-03   3.739791e-03  -0.000000e+00   5.094203e-08
   1.124411e-02   1.093979e-02  -7.689151e-06   0.000000e+00   0.000000e+00  -7.324367e-02   1.566165e-02   9.061441e-03  -0.000000e+00   7.674647e-08
                                                0.000000e+00   0.000000e+00  -9.232126e-01  -4.213938e-02   4.457162e-02   0.000000e+00   5.747891e-08

              6
              4
          pos_x          pos_y          pos_z       normal_x       normal_y       normal_z        tangt_x        tangt_y        tangt_z          pentr
   3.368284e-03   1.580177e-02   1.835417e-02   0.000000e+00   0.000000e+00   3.866426e-01  -6.722853e-03  -1.599242e-03  -0.000000e+00   2.242030e-07
   6.382064e-03   1.888823e-02   1.835417e-02   0.000000e+00   0.000000e+00   4.406949e-01   2.352350e-02   2.040586e-03  -0.000000e+00   3.078009e-07
   1.402196e-02   4.590856e-03   1.835417e-02   0.000000e+00   0.000000e+00   6.247198e-01   7.345092e-03   2.331075e-02  -0.000000e+00   4.269412e-07
   1.206068e-02   8.210557e-03   1.835417e-02   0.000000e+00   0.000000e+00   3.206594e-01   1.442037e-02   3.882892e-02  -0.000000e+00   2.439834e-07
                                                0.000000e+00   0.000000e+00   1.772717e+00   3.856610e-02   6.258102e-02   0.000000e+00   3.007322e-07

