              6

              1
              3
          pos_x          pos_y          pos_z       normal_x       normal_y       normal_z        tangt_x        tangt_y        tangt_z          pentr
   2.497500e-06   5.704068e-03   5.132743e-03  -3.203991e-03   0.000000e+00   0.000000e+00  -0.000000e+00   6.653457e-05  -9.565238e-04   1.154648e-08
   2.497500e-06   5.939086e-03   1.542297e-02  -7.315807e-04   0.000000e+00   0.000000e+00  -0.000000e+00  -4.450704e-05   6.044492e-05   3.748679e-09
   2.497500e-06   1.391196e-02   2.753324e-03  -3.537470e-03   0.000000e+00   0.000000e+00  -0.000000e+00  -2.680262e-04   8.974687e-04   1.207914e-08
                                               -7.473042e-03   0.000000e+00   0.000000e+00   0.000000e+00  -2.459987e-04   1.389832e-06   9.124764e-09

              2
              2
          pos_x          pos_y          pos_z       normal_x       normal_y       normal_z        tangt_x        tangt_y        tangt_z          pentr
   1.999750e-02   3.234831e-03   3.319291e-03   5.050900e-03   0.000000e+00   0.000000e+00  -0.000000e+00   7.590000e-04   1.516035e-03   1.378402e-08
   1.999750e-02   2.179932e-03   1.541824e-02   9.569228e-03   0.000000e+00   0.000000e+00  -0.000000e+00   9.138558e-04   8.931639e-04   2.657202e-08
                                                1.462013e-02   0.000000e+00   0.000000e+00   0.000000e+00   1.672856e-03   2.409199e-03   2.017802e-08

              3
              4
          pos_x          pos_y          pos_z       normal_x       normal_y       normal_z        tangt_x        tangt_y        tangt_z          pentr
   3.899593e-03   2.497500e-06   1.921464e-03   0.000000e+00  -1.602116e-03   0.000000e+00  -3.825518e-04   0.000000e+00   7.038099e-04   8.024004e-09
   1.742423e-02   2.497500e-06   1.541261e-02   0.000000e+00  -4.205343e-06   0.000000e+00  -2.070580e-06   0.000000e+00   3.659603e-07   1.367668e-10
   1.423095e-02   2.497500e-06   1.460282e-02   0.000000e+00  -9.291380e-03   0.000000e+00  -2.513877e-05  -0.000000e+00  -3.953005e-04   2.554293e-08
   1.591213e-02   2.497500e-06   1.266293e-02   0.000000e+00  -5.580296e-03   0.000000e+00  -9.973123e-04  -0.000000e+00   1.163982e-03   1.726297e-08
                                                0.000000e+00  -1.647800e-02   0.000000e+00  -1.407073e-03   0.000000e+00   1.472857e-03   1.274167e-08

              4
              2
          pos_x          pos_y          pos_z       normal_x       normal_y       normal_z        tangt_x        tangt_y        tangt_z          pentr
   3.784073e-03   1.999750e-02   4.041433e-03   0.000000e+00   2.809925e-04   0.000000e+00   9.856891e-05  -0.000000e+00  -2.141608e-05   2.173701e-09
   7.612571e-03   1.999750e-02   1.610484e-02   0.000000e+00   3.006276e-05   0.000000e+00  -1.341268e-05   0.000000e+00   6.785459e-06   6.601979e-10
                                                0.000000e+00   3.110553e-04   0.000000e+00   8.515623e-05   0.000000e+00  -1.463062e-05   1.416949e-09

              5
              5
          pos_x          pos_y          pos_z       normal_x       normal_y       normal_z        tangt_x        tangt_y        tangt_z          pentr
   6.035058e-03   8.955996e-03   2.497500e-06   0.000000e+00   0.000000e+00  -6.909811e-04  -1.714884e-04   1.403843e-04  -0.000000e+00   5.582249e-09
   4.310701e-03   1.295358e-03   2.497500e-06   0.000000e+00   0.000000e+00  -3.855785e-03   8.316643e-04   1.303882e-03  -0.000000e+00   1.414609e-08
   2.462783e-03   1.446027e-02   2.497500e-06   0.000000e+00   0.000000e+00  -2.315008e-03   1.139848e-03   2.014025e-04   0.000000e+00   9.928677e-09
   1.520257e-02   1.251801e-03   2.497500e-06   0.000000e+00   0.000000e+00  -1.059852e-03  -4.157487e-04   3.285947e-04   0.000000e+00   6.589767e-09
   1.245368e-02   1.736453e-03   2.497500e-06   0.000000e+00   0.000000e+00  -8.529725e-04  -2.180428e-04   2.194438e-04  -0.000000e+00   5.158625e-09
                                                0.000000e+00   0.000000e+00  -8.774599e-03   1.166232e-03   2.193708e-03   0.000000e+00   8.281081e-09

              6
              1
          pos_x          pos_y          pos_z       normal_x       normal_y       normal_z        tangt_x        tangt_y        tangt_z          pentr
   1.380620e-02   4.191061e-03   1.964988e-02   0.000000e+00   0.000000e+00   4.464836e-01   1.607347e-02  -1.031221e-02  -0.000000e+00   3.496955e-07
                                                0.000000e+00   0.000000e+00   4.464836e-01   1.607347e-02  -1.031221e-02   0.000000e+00   3.496955e-07

