             33             57   3.284166e-03   3.844728e-03   1.086512e-03   3.284165e-03   3.844731e-03   1.086513e-03   1.150986e-03   9.405960e-04   3.245430e-09   1.832018e-06   1.296090e-06   5.176048e-04   2.400000e+10   1.346039e-04   6.730194e-05  -5.979409e-05   3.284165e-03   3.844729e-03   1.086513e-03  -7.220147e-05   1.097481e-04   2.933444e-05  -1.785550e-05  -2.749030e-05   5.877938e-05   1.625651e-05   1.157048e-01  -5.363997e-01   8.153412e-01   2.179316e-01
             57             63   4.130048e-03   3.491208e-03   8.465049e-04   4.130022e-03   3.491199e-03   8.465090e-04   1.062312e-03   6.988014e-04   2.746843e-08   7.843459e-08   3.402720e-06   4.215204e-04   2.400000e+10   2.990956e-03   1.495478e-03  -4.405845e-04   4.130035e-03   3.491204e-03   8.465070e-04  -2.800376e-03  -9.520425e-04   4.442149e-04  -4.633466e-04   1.417171e-03   1.157169e-04   8.077354e-06   6.411706e-01  -9.362813e-01  -3.183071e-01   1.485194e-01
             69            169   8.357397e-03   1.897292e-03   3.523784e-03   8.357396e-03   1.897290e-03   3.523784e-03   1.269784e-03   1.101091e-03   2.253361e-09   2.542143e-06   1.152757e-06   5.897180e-04   2.400000e+10   8.312245e-05   4.156123e-05  -1.569392e-04   8.357397e-03   1.897291e-03   3.523784e-03  -2.304504e-05  -7.735842e-05  -1.984801e-05   3.385806e-05  -1.492684e-05   1.892503e-05   2.549472e-05   3.566556e-02  -2.772421e-01  -9.306561e-01  -2.387804e-01
             93            149   3.689197e-03   5.208747e-03   3.161885e-03   3.689175e-03   5.208776e-03   3.161874e-03   1.700702e-03   1.664907e-03   3.861376e-08   2.973749e-07   5.699652e-06   8.413071e-04   2.400000e+10   7.042719e-03   3.521360e-03   2.393444e-03   3.689186e-03   5.208761e-03   3.161880e-03  -4.068952e-03   5.340244e-03  -2.127280e-03   2.874354e-03   1.889716e-03  -7.530170e-04   1.434658e-05   1.260699e-01  -5.777530e-01   7.582645e-01  -3.020537e-01
            109            125   4.124850e-03   1.899411e-03   3.825489e-03   4.124808e-03   1.899407e-03   3.825471e-03   1.257835e-03   1.593178e-03   4.497801e-08   6.051388e-08   5.622695e-06   7.028923e-04   2.400000e+10   8.092724e-03   1.945436e-03   2.401426e-03   4.124829e-03   1.899409e-03   3.825480e-03  -7.439834e-03  -6.365302e-04  -3.120238e-03   5.503866e-04   1.068548e-03  -1.529706e-03   1.777276e-05   5.501631e-02  -9.193238e-01  -7.865463e-02  -3.855609e-01
            109            181   1.170050e-03   7.163492e-04   3.723153e-03   1.170073e-03   7.163567e-04   3.723135e-03   1.223455e-03   9.827559e-04   3.011143e-08   1.971084e-08   4.050970e-06   5.449877e-04   2.400000e+10   3.903376e-03   1.733111e-03   2.515547e-03   1.170062e-03   7.163530e-04   3.723144e-03   2.958082e-03   9.681653e-04  -2.355578e-03   1.024610e-03   2.255781e-04   1.379479e-03   9.870553e-06   1.209641e-01   7.578267e-01   2.480328e-01  -6.034720e-01
            117            149   3.396435e-03   3.974551e-03   4.417196e-03   3.396357e-03   3.974517e-03   4.417241e-03   1.405961e-03   1.316921e-03   9.635336e-08   5.389240e-07   8.094416e-06   6.799925e-04   2.400000e+10   2.495757e-02   2.647576e-03  -1.054037e-02   3.396396e-03   3.974534e-03   4.417219e-03  -2.023701e-02  -8.964905e-03   1.153145e-02   1.528525e-03  -1.608219e-03   1.444612e-03   1.141066e-05   4.627211e-02  -8.108564e-01  -3.592058e-01   4.620423e-01
            117            157   1.238249e-03   1.853732e-03   5.865890e-03   1.238257e-03   1.853813e-03   5.865824e-03   1.149304e-03   1.764365e-03   1.046440e-07   5.211466e-07   8.533922e-06   6.959582e-04   2.400000e+10   2.857675e-02   1.428838e-02   1.948603e-02   1.238253e-03   1.853772e-03   5.865857e-03   2.145973e-03   2.211377e-02  -1.797239e-02  -1.270728e-02  -3.343606e-03  -5.612758e-03   1.111294e-05   3.695500e-02   7.509505e-02   7.738378e-01  -6.289164e-01
            119            129   7.647175e-03   4.496796e-03   1.135378e-03   7.647198e-03   4.496819e-03   1.135369e-03   1.019253e-03   2.009866e-03   3.335393e-08   1.016938e-06   4.749412e-06   6.762895e-04   2.400000e+10   5.069169e-03   2.534585e-03   3.400122e-03   7.647186e-03   4.496807e-03   1.135374e-03   3.482055e-03   3.413049e-03  -1.386674e-03   1.825792e-03  -1.724907e-03   3.395574e-04   1.489647e-05   7.994523e-03   6.869084e-01   6.732956e-01  -2.735506e-01
            119            133   8.335565e-03   6.939240e-03   1.264123e-03   8.335566e-03   6.939210e-03   1.264118e-03   1.008672e-03   1.617120e-03   3.025167e-08   2.703150e-06   4.335015e-06   6.212007e-04   2.400000e+10   4.196527e-03   2.098263e-03   1.913146e-04   8.335566e-03   6.939225e-03   1.264121e-03   9.703605e-05  -4.149088e-03  -6.216853e-04   1.703393e-03  -1.422097e-04   1.216938e-03   1.559223e-05   1.915035e-02   2.312294e-02  -9.886956e-01  -1.481428e-01
            119            151   8.767305e-03   5.965692e-03   2.025964e-03   8.767297e-03   5.965691e-03   2.025945e-03   1.612863e-03   1.875403e-03   2.042707e-08   3.315458e-08   4.208664e-06   8.671264e-04   2.400000e+10   2.751061e-03   1.375531e-03   1.800865e-03   8.767301e-03   5.965692e-03   2.025955e-03  -1.091196e-03  -1.443936e-04  -2.521265e-03  -8.220279e-04   1.062867e-03   2.943963e-04   1.334280e-05   9.402069e-02  -3.966455e-01  -5.248653e-02  -9.164701e-01
            125            201   6.002501e-03   3.850214e-03   4.842730e-03   6.002474e-03   3.850129e-03   4.842709e-03   9.944951e-04   2.638245e-03   9.160798e-08   2.502358e-07   8.134079e-06   7.222432e-04   2.400000e+10   2.384469e-02   1.192234e-02   4.833001e-03   6.002487e-03   3.850172e-03   4.842719e-03  -7.150480e-03  -2.205883e-02  -5.554092e-03  -2.182441e-03   3.522742e-03  -1.117898e-02   1.623152e-05   3.460923e-02  -2.998773e-01  -9.251045e-01  -2.329278e-01
            129            149   5.060425e-03   4.415961e-03   3.068663e-03   5.060511e-03   4.415947e-03   3.068613e-03   1.060533e-03   1.680922e-03   1.004209e-07   2.471544e-07   8.080855e-06   6.502652e-04   2.400000e+10   2.596758e-02   3.277627e-03   1.293426e-02   5.060468e-03   4.415954e-03   3.068638e-03   2.221235e-02  -3.685805e-03  -1.293605e-02  -1.135726e-03   1.828894e-03  -2.471459e-03   1.142023e-05   2.232737e+01   8.553880e-01  -1.419387e-01  -4.981614e-01
            129             71   8.076041e-03   3.216426e-03   1.269474e-03   8.075948e-03   3.216481e-03   1.269494e-03   1.142228e-03   1.126113e-03   1.100826e-07   3.384942e-06   7.900826e-06   5.670567e-04   2.400000e+10   2.783178e-02   1.391589e-02  -5.901551e-03   8.075995e-03   3.216453e-03   1.269484e-03  -2.360608e-02   1.378070e-02   5.239621e-03   5.757571e-03   5.523222e-03   1.140160e-02   1.499308e-05   3.095865e-02  -8.481697e-01   4.951426e-01   1.882603e-01
            133            184   9.450202e-03   9.508339e-03   2.700441e-03   9.450121e-03   9.508300e-03   2.700369e-03   1.319911e-03   1.358453e-03   1.146127e-07   5.217015e-07   8.759437e-06   6.694524e-04   2.400000e+10   3.212617e-02   1.606308e-02   1.746259e-02   9.450162e-03   9.508320e-03   2.700405e-03  -2.250754e-02  -1.091098e-02  -2.016065e-02   1.719926e-03   1.316358e-02  -9.043482e-03   1.096896e-05   2.406971e-02  -7.005983e-01  -3.396291e-01  -6.275461e-01
            133             39   9.699595e-03   9.807448e-03   1.646555e-03   9.699561e-03   9.807418e-03   1.646556e-03   1.291821e-03   1.631020e-03   4.532429e-08   1.055929e-06   5.716021e-06   7.208693e-04   2.400000e+10   8.290387e-03   4.145193e-03   2.070814e-06   9.699578e-03   9.807433e-03   1.646556e-03  -6.099177e-03  -5.611330e-03   2.086617e-04   1.911778e-03  -1.961250e-03   3.111468e-03   1.936272e-05   1.393443e-02  -7.356926e-01  -6.768477e-01   2.516912e-02
            145            158   5.149875e-03   9.478589e-03   3.811510e-03   5.149827e-03   9.478579e-03   3.811513e-03   1.911150e-03   1.919453e-03   4.936089e-08   9.233003e-08   6.875338e-06   9.576463e-04   2.400000e+10   1.085993e-02   5.429965e-03  -5.379719e-04   5.149851e-03   9.478584e-03   3.811511e-03  -1.063757e-02  -2.111278e-03   5.680575e-04  -1.313378e-04   2.018457e-03   5.039157e-03   1.607238e-05   2.996174e-01  -9.795247e-01  -1.944099e-01   5.230765e-02
            145            182   4.698728e-03   7.619059e-03   3.556940e-03   4.698724e-03   7.619066e-03   3.556940e-03   1.007463e-03   8.766610e-04   7.409394e-09   8.724495e-08   1.863662e-06   4.687609e-04   2.400000e+10   4.418753e-04   2.209376e-04  -1.548211e-05   4.698726e-03   7.619062e-03   3.556940e-03  -2.142390e-04   3.864112e-04   6.465305e-06   9.060555e-05   5.348112e-05  -1.942778e-04   1.455249e-05   3.148204e-02  -4.848405e-01   8.744802e-01   1.463152e-02
            149            201   4.911074e-03   4.793394e-03   4.553247e-03   4.911057e-03   4.793386e-03   4.553233e-03   9.154435e-04   1.889163e-03   2.344216e-08   1.909876e-06   3.802010e-06   6.166362e-04   2.400000e+10   2.852074e-03   1.426037e-03   5.963389e-04   4.911065e-03   4.793390e-03   4.553240e-03  -2.033877e-03  -9.851528e-04  -1.739870e-03  -5.839071e-04  -7.149420e-04   1.086965e-03   1.756571e-05   2.661391e-02  -7.131219e-01  -3.454162e-01  -6.100368e-01
            157            167   1.544762e-03   9.262408e-04   7.536442e-03   1.544772e-03   9.262442e-04   7.536355e-03   1.740872e-03   9.902454e-04   8.720958e-08   4.396750e-06   7.419365e-06   6.312034e-04   2.400000e+10   2.070527e-02   1.035264e-02   1.832014e-02   1.544767e-03   9.262425e-04   7.536398e-03   2.466635e-03   8.199253e-04  -2.054146e-02  -5.493607e-03   8.769622e-03  -3.017768e-04   1.004930e-05   2.690756e-02   1.191308e-01   3.959983e-02  -9.920886e-01
            207            277   6.205956e-03   1.217463e-03   6.291300e-03   6.205968e-03   1.217472e-03   6.291303e-03   2.819393e-03   1.148948e-03   1.567810e-08   8.589276e-07   3.577422e-06   8.162948e-04   2.400000e+10   1.794789e-03   8.973946e-04   3.345522e-05   6.205962e-03   1.217467e-03   6.291301e-03   1.439154e-03   1.032963e-03   2.882575e-04  -3.614255e-04   2.885736e-04   7.690344e-04   1.070929e-05   1.793165e-02   8.018511e-01   5.755344e-01   1.606080e-01
            221            281   2.275699e-03   5.693333e-03   8.569257e-03   2.275754e-03   5.693270e-03   8.569145e-03   2.133077e-03   1.008349e-03   1.395197e-07   7.068876e-09   9.773791e-06   6.846847e-04   2.400000e+10   4.363636e-02   7.548120e-03   2.518334e-02   2.275727e-03   5.693302e-03   8.569201e-03   1.736231e-02  -1.957018e-02  -3.492406e-02  -6.924430e-03  -1.534350e-03  -2.583053e-03   1.550368e-05   1.024435e-02   3.978864e-01  -4.484833e-01  -8.003431e-01
            229            279   8.986498e-03   4.598866e-03   7.508211e-03   8.986363e-03   4.598888e-03   7.507988e-03   1.022998e-03   2.262678e-03   2.618714e-07   3.912495e-07   1.358252e-05   7.044866e-04   2.400000e+10   1.138199e-01   3.116608e-02   4.689846e-02   8.986431e-03   4.598877e-03   7.508099e-03  -5.881914e-02   9.534578e-03  -9.697619e-02   4.436932e-03  -3.031020e-02  -5.738434e-03   5.390522e-06   1.039868e-03  -5.167736e-01   8.376895e-02  -8.520140e-01
            253            262   7.440873e-03   1.082475e-02   6.531598e-03   7.440871e-03   1.082473e-02   6.531601e-03   1.633828e-03   8.133173e-04   1.923657e-08   1.465063e-06   3.231969e-06   5.430084e-04   2.400000e+10   1.989504e-03   9.947520e-04  -3.037793e-05   7.440872e-03   1.082474e-02   6.531599e-03  -2.863397e-04  -1.956879e-03   2.162404e-04  -9.841259e-04   1.400545e-04  -3.758406e-05   1.029465e-05   1.291306e-02  -1.439252e-01  -9.836015e-01   1.086906e-01
             71             87   1.105216e-02   2.056842e-03   1.411951e-03   1.105216e-02   2.056842e-03   1.411951e-03   1.320051e-03   2.455207e-03   1.096297e-09   1.475479e-08   9.701305e-07   8.584842e-04   2.400000e+10   3.403363e-05   1.701681e-05   1.415460e-05   1.105216e-02   2.056842e-03   1.411951e-03  -3.369121e-05   8.195673e-07  -4.745342e-06   1.977410e-06  -7.212977e-06  -1.528512e-05   4.278703e-05   6.625630e-01  -9.899389e-01   2.408110e-02  -1.394310e-01
            318            333   3.430383e-03   9.547865e-03   1.015527e-02   3.430382e-03   9.547866e-03   1.015527e-02   1.307709e-03   2.980639e-03   1.259259e-09   1.315179e-08   1.069850e-06   9.089303e-04   2.400000e+10   4.311099e-05   2.155550e-05   2.982750e-04   3.430383e-03   9.547865e-03   1.015527e-02  -2.745027e-05   1.732953e-05  -2.836773e-05  -1.138616e-05  -1.830214e-05  -1.626568e-07   3.393954e-05   9.446091e-02  -6.367348e-01   4.019747e-01  -6.580161e-01
            279            371   9.566928e-03   5.109778e-03   9.639016e-03   9.566924e-03   5.109777e-03   9.638941e-03   2.481701e-03   8.745040e-04   7.464261e-08   2.490625e-07   6.947440e-06   6.466403e-04   2.400000e+10   1.659440e-02   8.297200e-03   3.958151e-02   9.566926e-03   5.109777e-03   9.638978e-03  -7.982092e-04  -1.754007e-04  -1.657426e-02   5.348389e-03   6.335063e-03  -3.244202e-04   1.231661e-05   2.650794e-03  -4.810112e-02  -1.056987e-02  -9.987865e-01
            281            221   2.275754e-03   5.693270e-03   8.569145e-03   2.275699e-03   5.693333e-03   8.569257e-03   1.008349e-03   2.133077e-03   1.395197e-07   7.068876e-09   9.773791e-06   6.846847e-04   2.400000e+10   4.363636e-02   7.548120e-03  -2.518334e-02   2.275727e-03   5.693302e-03   8.569201e-03  -1.736231e-02   1.957018e-02   3.492406e-02   6.924430e-03   1.534350e-03   2.583053e-03   1.550368e-05   1.024435e-02  -3.978864e-01   4.484833e-01   8.003431e-01
            445            423   1.366594e-03   7.080563e-03   1.723016e-02   1.366623e-03   7.080847e-03   1.723034e-02   1.450971e-03   1.140833e-03   3.408168e-07   3.389348e-06   1.475366e-05   6.386730e-04   2.400000e+10   1.609055e-01   8.045274e-02  -8.427008e-02   1.366609e-03   7.080705e-03   1.723025e-02   1.335466e-02   1.339782e-01   8.810254e-02   3.915495e-02  -4.132915e-02   5.684570e-02   1.097179e-05   2.152927e-02   8.299695e-02   8.326518e-01   5.475422e-01
            423            357   2.253801e-03   6.236616e-03   1.497944e-02   2.253689e-03   6.236603e-03   1.497948e-02   2.435487e-03   1.213021e-03   1.204860e-07   1.956335e-06   9.877287e-06   8.097272e-04   2.400000e+10   3.808239e-02   1.145971e-02  -1.430782e-02   2.253745e-03   6.236609e-03   1.497946e-02  -3.514102e-02  -3.960481e-03   1.413123e-02   3.579371e-03   4.175330e-03   1.005383e-02   1.542224e-05   3.168324e-01  -9.227631e-01  -1.039977e-01   3.710698e-01
            422            438   9.480252e-04   9.712212e-03   1.535770e-02   9.480564e-04   9.712145e-03   1.535771e-02   1.863849e-03   6.990201e-04   7.470163e-08   6.652055e-07   6.162430e-06   5.083630e-04   2.400000e+10   1.473100e-02   7.365498e-03  -2.638358e-03   9.480408e-04   9.712178e-03   1.535770e-02   6.147982e-03  -1.318598e-02   2.309636e-03   1.135972e-03   1.767377e-03   7.059497e-03   7.455368e-06   1.249921e-02   4.173500e-01  -8.951182e-01   1.567875e-01
            433            413   4.251436e-03   2.571737e-03   1.491436e-02   4.251413e-03   2.571690e-03   1.491438e-02   1.034151e-03   1.516599e-03   5.620248e-08   6.620475e-08   5.878562e-06   6.148749e-04   2.400000e+10   1.057247e-02   5.286236e-03  -5.004247e-03   4.251424e-03   2.571714e-03   1.491437e-02  -4.326202e-03  -8.744231e-03   4.074258e-03   3.066412e-03  -2.969773e-03  -3.117990e-03   1.128973e-05   2.320720e-02  -4.091949e-01  -8.270753e-01   3.853647e-01
            382            341   2.021157e-03   1.737315e-03   1.340379e-02   2.021153e-03   1.737282e-03   1.340380e-02   1.531749e-03   1.400889e-03   3.803166e-08   4.950679e-08   5.275202e-06   7.316996e-04   2.400000e+10   6.419990e-03   2.894147e-03  -3.554482e-03   2.021155e-03   1.737299e-03   1.340380e-02  -7.333619e-04  -5.672874e-03   2.914954e-03   5.165626e-04  -1.353377e-03  -2.505518e-03   1.528438e-05   6.543618e-02  -1.142310e-01  -8.836266e-01   4.540433e-01
            357            369   6.684996e-03   5.703533e-03   1.337916e-02   6.684820e-03   5.703578e-03   1.337923e-02   1.585619e-03   2.065925e-03   1.971608e-07   1.910877e-07   1.329930e-05   8.970917e-04   2.400000e+10   8.390723e-02   4.195361e-02  -3.978795e-02   6.684908e-03   5.703555e-03   1.337920e-02  -7.512454e-02   1.923920e-02   3.204029e-02   5.983017e-03   4.026441e-02  -1.015317e-02   1.329083e-05   1.127187e-02  -8.953286e-01   2.292913e-01   3.818537e-01
            369            375   9.104573e-03   4.106333e-03   1.296798e-02   9.104266e-03   4.106718e-03   1.296799e-02   1.589815e-03   8.036813e-04   4.933276e-07   1.274311e-06   1.622806e-05   5.338235e-04   2.400000e+10   2.561840e-01   1.280920e-01  -3.602396e-03   9.104419e-03   4.106525e-03   1.296799e-02  -1.597207e-01   2.002622e-01   3.819661e-03  -5.629208e-02  -4.688690e-02   1.050732e-01   8.058796e-06   5.885662e-03  -6.234610e-01   7.817122e-01   1.490983e-02
            406            350   1.392245e-03   9.717910e-03   1.251854e-02   1.392200e-03   9.717784e-03   1.251844e-02   9.981817e-04   1.531548e-03   1.640523e-07   2.836875e-07   9.956901e-06   6.043189e-04   2.400000e+10   5.227047e-02   2.613523e-02   4.117680e-02   1.392222e-03   9.717847e-03   1.251849e-02  -1.418560e-02  -4.030424e-02  -3.010878e-02   1.563561e-02  -1.578394e-02   1.376391e-02   1.085451e-05   4.581434e-03  -2.713884e-01  -7.710709e-01  -5.760190e-01
            333            318   3.430382e-03   9.547866e-03   1.015527e-02   3.430383e-03   9.547865e-03   1.015527e-02   2.980639e-03   1.307709e-03   1.259259e-09   1.315179e-08   1.069850e-06   9.089303e-04   2.400000e+10   4.311099e-05   2.155550e-05  -2.982750e-04   3.430383e-03   9.547865e-03   1.015527e-02   2.745027e-05  -1.732953e-05   2.836773e-05   1.138616e-05   1.830214e-05   1.626568e-07   3.393954e-05   9.446091e-02   6.367348e-01  -4.019747e-01   6.580161e-01
            371            393   1.049163e-02   5.480896e-03   1.197113e-02   1.049162e-02   5.480890e-03   1.197112e-02   9.390334e-04   1.205146e-03   1.323437e-08   5.580149e-07   2.642904e-06   5.277881e-04   2.400000e+10   1.119269e-03   5.596346e-04   4.954537e-04   1.049162e-02   5.480893e-03   1.197112e-02  -5.531635e-04  -5.774646e-04  -7.831401e-04  -3.117839e-04   4.513135e-04  -1.108954e-04   1.138425e-05   5.607156e-02  -4.942184e-01  -5.159300e-01  -6.996888e-01
            371            279   9.566924e-03   5.109777e-03   9.638941e-03   9.566928e-03   5.109778e-03   9.639016e-03   8.745040e-04   2.481701e-03   7.464261e-08   2.490625e-07   6.947440e-06   6.466403e-04   2.400000e+10   1.659440e-02   8.297200e-03  -3.958151e-02   9.566926e-03   5.109777e-03   9.638978e-03   7.982092e-04   1.754007e-04   1.657426e-02  -5.348389e-03  -6.335063e-03   3.244202e-04   1.231661e-05   2.650794e-03   4.810112e-02   1.056987e-02   9.987865e-01
              2             26   1.510509e-03   1.884805e-02   1.698704e-03   1.510510e-03   1.884805e-02   1.698705e-03   1.437039e-03   1.642396e-03   8.971720e-10   1.855909e-07   8.292311e-07   7.664352e-04   2.400000e+10   2.380681e-05   1.190341e-05   1.431982e-04   1.510510e-03   1.884805e-02   1.698704e-03   5.511260e-06   8.470011e-06   2.155572e-05  -1.043860e-05  -3.888745e-06   4.195761e-06   3.005947e-05   1.606354e-01   2.314993e-01   3.557810e-01   9.054435e-01
              2              6   1.238766e-03   1.884977e-02   3.887964e-03   1.238767e-03   1.884977e-02   3.887954e-03   1.105600e-03   1.287433e-03   9.908159e-09   1.983596e-08   2.427636e-06   5.948042e-04   2.400000e+10   7.697088e-04   3.480891e-04   2.970799e-04   1.238767e-03   1.884977e-02   3.887959e-03   9.318240e-05   1.257520e-04  -7.536280e-04   3.438521e-04   2.667716e-05   4.711770e-05   1.756820e-05   8.251698e-02   1.210619e-01   1.633761e-01  -9.791079e-01
             26             46   9.384938e-04   1.723977e-02   1.784002e-03   9.384938e-04   1.723979e-02   1.783964e-03   1.338246e-03   9.365564e-04   4.226509e-08   9.553798e-08   4.825630e-06   5.509678e-04   2.400000e+10   6.526581e-03   3.263290e-03   6.784094e-03   9.384938e-04   1.723978e-02   1.783983e-03   2.825108e-06   2.748174e-03  -5.919779e-03   3.214071e-03  -5.127255e-04  -2.364791e-04   1.246069e-05   4.822451e-02   4.328620e-04   4.210741e-01  -9.070261e-01
             50             24   4.081310e-03   1.881958e-02   2.863407e-03   4.081309e-03   1.881958e-02   2.863417e-03   9.222037e-04   2.073261e-03   1.028623e-08   1.677151e-06   2.562338e-06   6.382879e-04   2.400000e+10   8.434179e-04   4.217089e-04   6.249082e-04   4.081310e-03   1.881958e-02   2.863412e-03  -8.044020e-05   1.756372e-04   8.209961e-04   4.497007e-05   4.109106e-04  -8.347826e-05   2.028080e-05   2.632676e-02  -9.537408e-02   2.082445e-01   9.734156e-01
             66             81   7.486251e-03   1.565212e-02   9.786784e-04   7.486262e-03   1.565213e-02   9.786886e-04   1.598947e-03   6.865700e-04   2.208516e-08   3.140874e-07   3.256998e-06   4.803241e-04   2.400000e+10   2.301802e-03   1.150901e-03  -9.618266e-04   7.486256e-03   1.565213e-02   9.786835e-04   1.156357e-03   1.684017e-03   1.060762e-03   5.650268e-06  -6.163028e-04   9.719631e-04   1.131925e-05   9.620704e-02   5.023704e-01   7.316082e-01   4.608399e-01
            130            166   3.741309e-03   1.638098e-02   6.024394e-03   3.741340e-03   1.638101e-02   6.024388e-03   1.080067e-03   1.322677e-03   4.078881e-08   4.580641e-07   4.924578e-06   5.945618e-04   2.400000e+10   6.427766e-03   3.213883e-03   8.774921e-04   3.741325e-03   1.638100e-02   6.024391e-03   4.742626e-03   4.249219e-03  -8.762480e-04   4.598568e-04  -1.127003e-03  -2.974464e-03   8.339895e-06   3.966314e+00   7.378343e-01   6.610724e-01  -1.363223e-01
            210            216   5.024009e-03   1.268983e-02   5.962791e-03   5.024004e-03   1.268983e-02   5.962795e-03   9.878121e-04   2.170618e-03   6.987383e-09   9.351322e-07   2.177963e-06   6.788698e-04   2.400000e+10   4.869844e-04   2.434922e-04   1.478644e-03   5.024007e-03   1.268983e-02   5.962793e-03  -3.753939e-04  -1.177123e-04   2.870139e-04   5.757629e-05  -2.356275e-04  -2.128568e-05   2.320851e-05   1.360014e-02  -7.708542e-01  -2.417168e-01   5.893699e-01
            210            190   4.872960e-03   1.160185e-02   6.184374e-03   4.872946e-03   1.160187e-02   6.184383e-03   1.107293e-03   1.022195e-03   2.415856e-08   4.479688e-07   3.583406e-06   5.315219e-04   2.400000e+10   2.770238e-03   1.385119e-03  -1.670920e-03   4.872953e-03   1.160186e-02   6.184379e-03  -1.580422e-03   2.038926e-03   1.009586e-03   8.079453e-04   7.011765e-05   1.122881e-03   1.446009e-05   2.381755e-02  -5.705004e-01   7.360113e-01   3.644403e-01
              6             22   1.412855e-03   1.855257e-02   6.115475e-03   1.412855e-03   1.855257e-02   6.115456e-03   1.211658e-03   1.922097e-03   1.867661e-08   1.542697e-08   3.725582e-06   7.431735e-04   2.400000e+10   2.226599e-03   1.113300e-03   2.566915e-03   1.412855e-03   1.855257e-02   6.115465e-03  -7.329765e-05   2.118054e-04  -2.215290e-03  -1.110606e-03  -7.134944e-05   2.997950e-05   1.418150e-05   1.478070e-01  -3.291910e-02   9.512505e-02  -9.949209e-01
             22             54   1.933531e-03   1.844425e-02   7.756735e-03   1.933507e-03   1.844425e-02   7.756707e-03   1.718613e-03   1.307860e-03   3.710938e-08   1.861444e-06   5.249804e-06   7.426813e-04   2.400000e+10   6.234143e-03   3.117072e-03   3.380608e-03   1.933519e-03   1.844425e-02   7.756721e-03  -4.014404e-03   1.592694e-04  -4.766942e-03   2.304518e-03   8.776721e-04  -1.906574e-03   1.532131e-05   4.734623e-02  -6.439384e-01   2.554792e-02  -7.646506e-01
             24             38   2.977079e-03   1.717018e-02   9.973560e-04   2.977081e-03   1.717018e-02   9.973574e-04   1.423283e-03   9.854155e-04   4.365624e-09   2.034093e-06   1.594363e-06   5.822751e-04   2.400000e+10   2.227325e-04   1.113662e-04  -2.395531e-05   2.977080e-03   1.717018e-02   9.973567e-04   1.490771e-04   1.491636e-04   7.166589e-05  -6.337677e-05   8.245472e-05  -3.983771e-05   1.573357e-05   1.360312e-01   6.693100e-01   6.696985e-01   3.217577e-01
             46             30   2.032128e-03   1.718426e-02   3.872808e-03   2.032107e-03   1.718426e-02   3.872795e-03   1.437606e-03   1.868723e-03   2.599155e-08   1.401189e-07   4.595528e-06   8.125289e-04   2.400000e+10   3.822236e-03   1.911118e-03   2.512766e-03   2.032118e-03   1.718426e-02   3.872801e-03  -3.133706e-03  -8.497904e-04  -2.016738e-03  -4.520779e-04   1.855183e-03  -7.933402e-05   1.276884e-05   7.322226e-02  -8.198619e-01  -2.223281e-01  -5.276331e-01
             46            105   1.129669e-03   1.632599e-02   4.217259e-03   1.129676e-03   1.632601e-02   4.217242e-03   1.307380e-03   1.168433e-03   2.614806e-08   3.145561e-08   4.016647e-06   6.170037e-04   2.400000e+10   3.360881e-03   1.680441e-03   2.472155e-03   1.129673e-03   1.632600e-02   4.217250e-03   9.012634e-04   2.429093e-03  -2.140737e-03   8.275076e-04  -1.127767e-03  -9.312646e-04   9.234497e-06   6.796789e-02   2.681628e-01   7.227549e-01  -6.369569e-01
             38             86   2.463665e-03   1.601996e-02   1.166862e-03   2.463665e-03   1.601997e-02   1.166860e-03   7.485582e-04   1.828200e-03   4.490948e-09   7.978962e-08   1.544389e-06   5.310992e-04   2.400000e+10   2.219447e-04   1.109724e-04  -1.196530e-05   2.463665e-03   1.601997e-02   1.166861e-03   3.132274e-05   1.876084e-04  -1.143741e-04   1.096880e-05   5.613269e-05   9.509821e-05   1.629923e-05   6.271679e-02   1.411286e-01   8.452933e-01  -5.153270e-01
             81             96   6.140328e-03   1.558535e-02   7.165088e-04   6.140340e-03   1.558535e-02   7.165070e-04   6.176428e-04   9.230352e-04   1.378659e-08   1.468666e-06   2.258657e-06   3.700358e-04   2.400000e+10   9.964534e-04   4.982267e-04   4.085832e-05   6.140334e-03   1.558535e-02   7.165079e-04   8.381239e-04  -5.227201e-04  -1.312688e-04  -2.132664e-04  -2.475751e-04  -3.761035e-04   1.231459e-05   2.042601e-02   8.411069e-01  -5.245805e-01  -1.317360e-01
             81             94   6.265943e-03   1.465315e-02   9.059358e-04   6.265959e-03   1.465316e-02   9.059266e-04   8.542001e-04   1.714997e-03   2.152495e-08   2.064226e-07   3.503353e-06   5.701978e-04   2.400000e+10   2.413104e-03   1.206552e-03   4.797290e-04   6.265951e-03   1.465316e-02   9.059312e-04   1.771472e-03   1.279524e-03  -1.023610e-03  -6.093108e-04   1.046309e-05  -1.041345e-03   1.061400e-05   2.021469e-02   7.341050e-01   5.302399e-01  -4.241881e-01
             94            110   4.368485e-03   1.496889e-02   3.145549e-03   4.368507e-03   1.496886e-02   3.145517e-03   1.262117e-03   1.704517e-03   4.508767e-08   5.421724e-07   5.718043e-06   7.251653e-04   2.400000e+10   8.250022e-03   4.125011e-03   6.358700e-03   4.368496e-03   1.496888e-02   3.145533e-03   4.032435e-03  -4.136743e-03  -5.889796e-03  -2.528448e-03  -3.216480e-03   5.262350e-04   1.357625e-05   1.217245e-01   4.887786e-01  -5.014220e-01  -7.139127e-01
             94             70   5.084149e-03   1.264829e-02   1.033757e-03   5.084160e-03   1.264833e-02   1.033774e-03   1.492364e-03   7.463477e-04   4.708911e-08   4.119967e-07   4.840265e-06   4.975283e-04   2.400000e+10   7.293562e-03   3.646781e-03  -2.574365e-03   5.084155e-03   1.264831e-02   1.033766e-03   1.686196e-03   6.541976e-03   2.748696e-03  -3.530592e-03   6.335911e-04   6.576431e-04   9.029972e-06   5.754376e-02   2.311896e-01   8.969522e-01   3.768661e-01
             86            102   2.317951e-03   1.296493e-02   2.014376e-03   2.317927e-03   1.296496e-02   2.014378e-03   2.536863e-03   9.150230e-04   3.895794e-08   9.376182e-08   5.118400e-06   6.724695e-04   2.400000e+10   6.380874e-03   3.190437e-03  -2.351031e-04   2.317939e-03   1.296494e-02   2.014377e-03  -3.929507e-03   5.022705e-03   2.167179e-04  -2.459511e-03  -1.948655e-03   5.765720e-04   1.513928e-05   1.068825e-01  -6.158258e-01   7.871500e-01   3.396366e-02
             70             65   5.527111e-03   1.189083e-02   1.097922e-03   5.527079e-03   1.189083e-02   1.097907e-03   1.003270e-03   2.125151e-03   3.636453e-08   2.982784e-07   4.978289e-06   6.815258e-04   2.400000e+10   5.793060e-03   2.896530e-03   2.150202e-03   5.527095e-03   1.189083e-02   1.097914e-03  -5.224562e-03   1.607741e-05  -2.502646e-03   2.884920e-04   2.822567e-03  -5.829007e-04   9.078320e-06   4.535175e-02  -9.018657e-01   2.775288e-03  -4.320076e-01
            126            134   6.734707e-04   1.558644e-02   7.954742e-03   6.734523e-04   1.558637e-02   7.954660e-03   6.472874e-04   1.251118e-03   1.085710e-07   1.000838e-06   6.805501e-06   4.265858e-04   2.400000e+10   2.364416e-02   2.880678e-03   1.722600e-02   6.734615e-04   1.558640e-02   7.954701e-03  -4.013103e-03  -1.494317e-02  -1.787856e-02  -5.642655e-04  -2.101241e-03   1.888040e-03   7.094390e-06   2.954951e-02  -1.697291e-01  -6.320028e-01  -7.561511e-01
            126            238   7.131573e-04   1.439112e-02   6.893021e-03   7.131520e-04   1.439122e-02   6.893081e-03   6.700335e-04   8.587591e-04   1.167311e-07   4.589103e-07   6.628313e-06   3.763737e-04   2.400000e+10   2.475938e-02   7.318448e-03  -1.302958e-02   7.131547e-04   1.439117e-02   6.893051e-03  -1.124348e-03   2.119063e-02   1.275616e-02  -6.240509e-03  -2.210956e-03   3.118878e-03   5.787363e-06   3.952030e-02  -4.541100e-02   8.558630e-01   5.152052e-01
            105            166   1.517978e-03   1.577848e-02   4.817159e-03   1.517960e-03   1.577848e-02   4.817148e-03   7.546021e-04   7.400891e-04   2.167041e-08   2.744697e-07   2.845502e-06   3.736376e-04   2.400000e+10   1.973222e-03   9.866111e-04   1.002861e-03   1.517969e-03   1.577848e-02   4.817154e-03  -1.680818e-03   8.818271e-06  -1.033624e-03   4.033659e-04   6.227566e-04  -6.502858e-04   1.097149e-05   3.210289e-01  -8.518137e-01   4.468970e-03  -5.238257e-01
            134             54   1.730052e-03   1.731002e-02   8.850495e-03   1.730037e-03   1.731000e-02   8.850490e-03   1.027997e-03   2.034990e-03   2.357612e-08   3.390015e-07   4.012737e-06   6.829816e-04   2.400000e+10   3.027352e-03   1.513676e-03  -2.476392e-04   1.730045e-03   1.731001e-02   8.850492e-03  -1.904653e-03  -2.236855e-03  -7.305054e-04  -2.464840e-04  -2.688755e-04   1.469070e-03   1.752456e-05   1.455215e-02  -6.291482e-01  -7.388816e-01  -2.413017e-01
            101            238   9.644578e-04   1.347330e-02   6.001915e-03   9.645124e-04   1.347325e-02   6.001836e-03   1.682079e-03   1.159481e-03   1.080167e-07   4.385126e-07   8.610377e-06   6.863620e-04   2.400000e+10   2.976208e-02   1.488104e-02   2.309952e-02   9.644851e-04   1.347328e-02   6.001876e-03   1.504179e-02  -1.346620e-02  -2.186749e-02  -9.943546e-03  -1.107118e-02  -1.530775e-05   6.961701e-06   3.382252e-02   5.054013e-01  -4.524617e-01  -7.347435e-01
            198            216   5.627552e-03   1.453767e-02   4.600251e-03   5.627549e-03   1.453768e-02   4.600247e-03   1.027237e-03   2.361694e-03   1.167599e-08   2.540588e-08   2.891097e-06   7.158658e-04   2.400000e+10   1.080206e-03   5.401028e-04   3.650066e-04   5.627550e-03   1.453767e-02   4.600249e-03  -2.181048e-04   9.940170e-04  -3.622217e-04  -4.952596e-04  -1.608990e-04  -1.433195e-04   1.191281e-05   3.476195e+00  -2.019105e-01   9.202110e-01  -3.353266e-01
            216            262   7.692901e-03   1.208380e-02   5.936743e-03   7.692900e-03   1.208380e-02   5.936740e-03   2.391808e-03   1.224389e-03   4.191012e-09   1.952352e-06   1.842283e-06   8.098295e-04   2.400000e+10   2.470730e-04   1.235365e-04   3.300304e-04   7.692901e-03   1.208380e-02   5.936741e-03  -6.574924e-05   1.686361e-04  -1.681783e-04   1.188371e-04   2.904141e-05  -1.719331e-05   1.492339e-05   1.155207e-01  -2.661126e-01   6.825358e-01  -6.806827e-01
            262            248   8.212658e-03   1.131129e-02   5.855209e-03   8.212602e-03   1.131135e-02   5.855275e-03   6.643321e-04   9.736220e-04   1.030788e-07   5.293828e-07   6.380013e-06   3.948879e-04   2.400000e+10   2.104461e-02   1.052230e-02  -1.433279e-02   8.212630e-03   1.131132e-02   5.855242e-03  -1.131679e-02   1.142005e-02   1.357897e-02   8.869797e-03   3.788049e-03   4.206691e-03   7.327137e-06   2.169146e-02  -5.377523e-01   5.426591e-01   6.452469e-01
            262            253   7.440871e-03   1.082473e-02   6.531601e-03   7.440873e-03   1.082475e-02   6.531598e-03   8.133173e-04   1.633828e-03   1.923657e-08   1.465063e-06   3.231969e-06   5.430084e-04   2.400000e+10   1.989504e-03   9.947520e-04   3.037793e-05   7.440872e-03   1.082474e-02   6.531599e-03   2.863397e-04   1.956879e-03  -2.162404e-04   9.841259e-04  -1.400545e-04   3.758406e-05   1.029465e-05   1.291306e-02   1.439252e-01   9.836015e-01  -1.086906e-01
            270            313   3.929035e-03   1.202955e-02   9.329641e-03   3.929031e-03   1.202957e-02   9.329614e-03   1.065337e-03   1.857793e-03   2.956848e-08   2.521811e-07   4.474376e-06   6.770739e-04   2.400000e+10   4.233616e-03   2.116808e-03   4.462062e-03   3.929033e-03   1.202956e-02   9.329627e-03  -6.733847e-04   1.578455e-03  -3.870211e-03  -2.026148e-03   3.569748e-04   4.981669e-04   8.749411e-06   5.256539e-02  -1.590566e-01   3.728385e-01  -9.141622e-01
            334            261   1.120726e-03   1.222243e-02   9.167102e-03   1.120719e-03   1.222241e-02   9.167098e-03   1.283844e-03   1.650366e-03   2.266603e-08   3.260857e-06   4.045651e-06   7.221066e-04   2.400000e+10   2.934363e-03   1.467181e-03   1.761388e-04   1.120723e-03   1.222242e-02   9.167100e-03  -8.076829e-04  -2.785645e-03  -4.453284e-04  -1.183466e-03   2.088557e-04   8.416700e-04   9.877039e-06   2.360075e-02  -2.752498e-01  -9.493184e-01  -1.517632e-01
            313            270   3.929031e-03   1.202957e-02   9.329614e-03   3.929035e-03   1.202955e-02   9.329641e-03   1.857793e-03   1.065337e-03   2.956848e-08   2.521811e-07   4.474376e-06   6.770739e-04   2.400000e+10   4.233616e-03   2.116808e-03  -4.462062e-03   3.929033e-03   1.202956e-02   9.329627e-03   6.733847e-04  -1.578455e-03   3.870211e-03   2.026148e-03  -3.569748e-04  -4.981669e-04   8.749411e-06   5.256539e-02   1.590566e-01  -3.728385e-01   9.141622e-01
            438            422   9.480564e-04   9.712145e-03   1.535771e-02   9.480252e-04   9.712212e-03   1.535770e-02   6.990201e-04   1.863849e-03   7.470163e-08   6.652055e-07   6.162430e-06   5.083630e-04   2.400000e+10   1.473100e-02   7.365498e-03   2.638358e-03   9.480408e-04   9.712178e-03   1.535770e-02  -6.147982e-03   1.318598e-02  -2.309636e-03  -1.135972e-03  -1.767377e-03  -7.059497e-03   7.455368e-06   1.249921e-02  -4.173500e-01   8.951182e-01  -1.567875e-01
            430            350   3.145135e-03   1.210435e-02   1.439064e-02   3.145160e-03   1.210438e-02   1.439066e-02   1.714203e-03   1.854292e-03   3.946745e-08   1.961795e-08   5.929215e-06   8.907489e-04   2.400000e+10   7.488352e-03   3.744176e-03   4.418928e-03   3.145148e-03   1.210436e-02   1.439065e-02   4.698581e-03   4.639502e-03   3.531821e-03   1.750644e-03  -2.925707e-03   1.547364e-03   1.901143e-05   9.353384e-03   6.274520e-01   6.195626e-01   4.716420e-01
            350            406   1.392200e-03   9.717784e-03   1.251844e-02   1.392245e-03   9.717910e-03   1.251854e-02   1.531548e-03   9.981817e-04   1.640523e-07   2.836875e-07   9.956901e-06   6.043189e-04   2.400000e+10   5.227047e-02   2.613523e-02  -4.117680e-02   1.392222e-03   9.717847e-03   1.251849e-02   1.418560e-02   4.030424e-02   3.010878e-02  -1.563561e-02   1.578394e-02  -1.376391e-02   1.085451e-05   4.581434e-03   2.713884e-01   7.710709e-01   5.760190e-01
            261            334   1.120719e-03   1.222241e-02   9.167098e-03   1.120726e-03   1.222243e-02   9.167102e-03   1.650366e-03   1.283844e-03   2.266603e-08   3.260857e-06   4.045651e-06   7.221066e-04   2.400000e+10   2.934363e-03   1.467181e-03  -1.761388e-04   1.120723e-03   1.222242e-02   9.167100e-03   8.076829e-04   2.785645e-03   4.453284e-04   1.183466e-03  -2.088557e-04  -8.416700e-04   9.877039e-06   2.360075e-02   2.752498e-01   9.493184e-01   1.517632e-01
             54             22   1.933507e-03   1.844425e-02   7.756707e-03   1.933531e-03   1.844425e-02   7.756735e-03   1.307860e-03   1.718613e-03   3.710938e-08   1.861444e-06   5.249804e-06   7.426813e-04   2.400000e+10   6.234143e-03   3.117072e-03  -3.380608e-03   1.933519e-03   1.844425e-02   7.756721e-03   4.014404e-03  -1.592694e-04   4.766942e-03  -2.304518e-03  -8.776721e-04   1.906574e-03   1.532131e-05   4.734623e-02   6.439384e-01  -2.554792e-02   7.646506e-01
             54            134   1.730037e-03   1.731000e-02   8.850490e-03   1.730052e-03   1.731002e-02   8.850495e-03   2.034990e-03   1.027997e-03   2.357612e-08   3.390015e-07   4.012737e-06   6.829816e-04   2.400000e+10   3.027352e-03   1.513676e-03   2.476392e-04   1.730045e-03   1.731001e-02   8.850492e-03   1.904653e-03   2.236855e-03   7.305054e-04   2.464840e-04   2.688755e-04  -1.469070e-03   1.752456e-05   1.455215e-02   6.291482e-01   7.388816e-01   2.413017e-01
              3             43   1.792135e-02   2.132967e-03   2.125160e-03   1.792137e-02   2.132992e-03   2.125183e-03   1.424752e-03   2.515369e-03   4.173968e-08   3.762818e-07   6.161554e-06   9.095601e-04   2.400000e+10   8.229802e-03   4.114901e-03  -3.753510e-03   1.792136e-02   2.132979e-03   2.125171e-03   4.911463e-03   4.777016e-03   4.559309e-03   3.300431e-03  -1.700599e-03  -1.774128e-03   1.697783e-05   8.361512e-02   5.967899e-01   5.804533e-01   5.539998e-01
             43             75   1.624873e-02   2.984988e-03   2.114284e-03   1.624874e-02   2.984915e-03   2.114222e-03   1.834305e-03   1.581946e-03   9.685607e-08   1.407490e-07   9.070268e-06   8.494022e-04   2.400000e+10   2.811234e-02   5.247634e-03   1.857481e-02   1.624873e-02   2.984951e-03   2.114253e-03   2.311196e-03  -2.125462e-02  -1.825385e-02  -6.386332e-04   3.352539e-03  -3.986263e-03   1.077937e-05   2.553318e-01   8.221289e-02  -7.560601e-01  -6.493182e-01
             43             83   1.695814e-02   1.395011e-03   3.057504e-03   1.695815e-02   1.395012e-03   3.057449e-03   1.588370e-03   1.333205e-03   5.576002e-08   1.071217e-07   6.357367e-06   7.248224e-04   2.400000e+10   1.134358e-02   5.671790e-03   9.063881e-03   1.695815e-02   1.395011e-03   3.057476e-03   1.005462e-03   3.822844e-04  -1.129246e-02   4.222442e-03  -3.778627e-03   2.493196e-04   1.671432e-05   5.163724e-02   8.863713e-02   3.370051e-02  -9.954937e-01
             43             55   1.566075e-02   1.235727e-03   2.357144e-03   1.566081e-02   1.235743e-03   2.357110e-03   1.594499e-03   1.540069e-03   6.960569e-08   1.078259e-06   7.384409e-06   7.834058e-04   2.400000e+10   1.644790e-02   8.223950e-03   7.494830e-03   1.566078e-02   1.235735e-03   2.357127e-03   1.387029e-02   3.874441e-03  -7.945894e-03  -5.266257e-04   7.701440e-03   2.836167e-03   1.194663e-05   1.187370e-01   8.432863e-01   2.355584e-01  -4.830947e-01
             67             87   1.233522e-02   3.672169e-03   1.604121e-03   1.233523e-02   3.672204e-03   1.604114e-03   1.030516e-03   1.497096e-03   3.760848e-08   8.094072e-08   4.791151e-06   6.103710e-04   2.400000e+10   5.766013e-03   2.563235e-03   9.043779e-04   1.233523e-02   3.672187e-03   1.604118e-03   1.755452e-03   5.369393e-03  -1.155385e-03   1.414530e-03  -2.501345e-06   2.137585e-03   1.483145e-05   4.770159e-02   3.044482e-01   9.312141e-01  -2.003785e-01
             75            127   1.604509e-02   4.122880e-03   3.890691e-03   1.604513e-02   4.122836e-03   3.890641e-03   1.590945e-03   1.974482e-03   7.546117e-08   4.679373e-07   8.153802e-06   8.810423e-04   2.400000e+10   1.968945e-02   9.844727e-03   1.195864e-02   1.604511e-02   4.122858e-03   3.890666e-03   9.162540e-03  -1.161680e-02  -1.299124e-02  -7.657542e-03   8.197643e-04  -6.132592e-03   1.136903e-05   7.689769e-02   4.653527e-01  -5.900011e-01  -6.598072e-01
             83            187   1.668878e-02   2.528755e-03   5.667108e-03   1.668877e-02   2.528716e-03   5.667069e-03   2.269217e-03   9.434290e-04   5.586791e-08   3.090851e-07   6.101581e-06   6.663807e-04   2.400000e+10   1.090824e-02   4.123982e-03   6.340581e-03   1.668878e-02   2.528735e-03   5.667088e-03  -1.022749e-03  -7.696593e-03  -7.661997e-03  -6.192235e-04   2.945060e-03  -2.819648e-03   1.314263e-05   3.281495e-02  -9.375928e-02  -7.055759e-01  -7.024043e-01
             83            135   1.494776e-02   2.151641e-03   4.893088e-03   1.494779e-02   2.151634e-03   4.893090e-03   1.277367e-03   1.523661e-03   2.307256e-08   1.778304e-07   4.003974e-06   6.948428e-04   2.400000e+10   2.956222e-03   1.478111e-03  -1.937826e-04   1.494777e-02   2.151638e-03   4.893089e-03   2.838265e-03  -7.900409e-04   2.435842e-04   3.820175e-04   1.419718e-03   1.525595e-04   2.313491e-05   1.597473e-01   9.600989e-01  -2.672468e-01   8.239715e-02
            115            161   1.179631e-02   6.123273e-03   2.531490e-03   1.179634e-02   6.123279e-03   2.531482e-03   9.367311e-04   1.295201e-03   3.412277e-08   1.013921e-06   4.306829e-06   5.435896e-04   2.400000e+10   4.702750e-03   2.351375e-03  -8.196725e-04   1.179633e-02   6.123276e-03   2.531486e-03   4.484651e-03   9.445533e-04  -1.054315e-03  -1.621512e-04  -1.364657e-03  -1.907979e-03   8.917975e-06   3.512212e-03   9.536232e-01   2.008513e-01  -2.241911e-01
            155            127   1.591443e-02   5.102544e-03   5.661421e-03   1.591443e-02   5.102551e-03   5.661440e-03   1.488232e-03   1.891312e-03   2.147797e-08   1.511789e-07   4.229455e-06   8.328670e-04   2.400000e+10   2.906883e-03   1.453442e-03  -1.902287e-03   1.591443e-02   5.102548e-03   5.661431e-03   6.919390e-04   9.137788e-04   2.671367e-03  -1.384152e-03   3.798981e-04   2.286783e-04   1.578560e-05   9.688150e-02   2.380346e-01   3.143500e-01   9.189796e-01
            187            283   1.648783e-02   4.102044e-03   7.910949e-03   1.648784e-02   4.102030e-03   7.910929e-03   7.919700e-04   1.367260e-03   2.607633e-08   1.661677e-07   3.616211e-06   5.014885e-04   2.400000e+10   3.017520e-03   7.013368e-04   1.800016e-03   1.648783e-02   4.102037e-03   7.910939e-03   9.930563e-04  -1.672371e-03  -2.307042e-03  -1.843883e-04   5.105646e-04  -4.440698e-04   1.707169e-05   6.015948e-02   3.290969e-01  -5.542203e-01  -7.645490e-01
            187            251   1.711064e-02   3.354118e-03   8.016870e-03   1.711063e-02   3.354124e-03   8.016823e-03   8.886410e-04   9.920604e-04   4.920508e-08   3.981883e-07   4.802609e-06   4.687536e-04   2.400000e+10   7.562008e-03   3.781004e-03   6.676453e-03   1.711063e-02   3.354121e-03   8.016847e-03  -1.835314e-03   9.862122e-04  -7.269318e-03   6.960061e-04  -3.655151e-03  -6.718907e-04   1.481374e-05   8.364871e-02  -2.427019e-01   1.304167e-01  -9.612946e-01
            227            183   1.248365e-02   4.846926e-03   3.862994e-03   1.248365e-02   4.846929e-03   3.863018e-03   6.660995e-04   1.079440e-03   2.466110e-08   6.349079e-07   3.187207e-06   4.119154e-04   2.400000e+10   2.515200e-03   1.257600e-03  -2.013983e-03   1.248365e-02   4.846927e-03   3.863006e-03   3.057133e-04   2.814239e-04   2.480640e-03  -1.129139e-03   5.483688e-04   7.677603e-05   8.345976e-06   3.055695e-02   1.215463e-01   1.118892e-01   9.862592e-01
             55             87   1.355717e-02   1.265278e-03   2.070213e-03   1.355723e-02   1.265260e-03   2.070245e-03   8.329326e-04   2.083568e-03   7.265982e-08   6.711227e-08   6.575441e-06   5.950528e-04   2.400000e+10   1.528865e-02   2.960458e-03  -6.752114e-03   1.355720e-02   1.265269e-03   2.070229e-03   1.314361e-02  -3.832956e-03   6.804174e-03  -1.200429e-03  -2.562639e-03   8.695773e-04   1.266021e-05   4.836872e-01   8.596972e-01  -2.507059e-01   4.450474e-01
             87            143   1.164500e-02   1.180183e-03   2.682165e-03   1.164503e-02   1.180194e-03   2.682135e-03   1.883267e-03   8.770841e-04   4.674166e-08   1.183362e-07   5.288670e-06   5.983962e-04   2.400000e+10   7.910439e-03   3.955220e-03   3.779316e-03   1.164501e-02   1.180189e-03   2.682150e-03   5.721207e-03   1.928630e-03  -5.111089e-03  -1.891236e-03  -1.972253e-03  -2.859582e-03   1.411660e-05   2.592334e-02   7.232477e-01   2.438082e-01  -6.461194e-01
             87             71   1.105216e-02   2.056842e-03   1.411951e-03   1.105216e-02   2.056842e-03   1.411951e-03   2.455207e-03   1.320051e-03   1.096297e-09   1.475479e-08   9.701305e-07   8.584842e-04   2.400000e+10   3.403363e-05   1.701681e-05  -1.415460e-05   1.105216e-02   2.056842e-03   1.411951e-03   3.369121e-05  -8.195673e-07   4.745342e-06  -1.977410e-06   7.212977e-06   1.528512e-05   4.278703e-05   6.625630e-01   9.899389e-01  -2.408110e-02   1.394310e-01
             73            161   1.108568e-02   6.147525e-03   1.720027e-03   1.108564e-02   6.147572e-03   1.719817e-03   1.883215e-03   5.210644e-04   2.190256e-07   5.730806e-07   9.454762e-06   4.081374e-04   2.400000e+10   6.626671e-02   3.313336e-02   6.435806e-02   1.108566e-02   6.147549e-03   1.719922e-03  -1.154433e-02   1.446506e-02  -6.362993e-02   1.723649e-02  -2.675675e-02  -9.208650e-03   6.018937e-06   3.190870e-02  -1.742101e-01   2.182855e-01  -9.602095e-01
            175            143   1.043216e-02   1.267283e-03   4.629917e-03   1.043216e-02   1.267290e-03   4.629954e-03   1.279865e-03   9.668135e-04   3.739505e-08   5.627546e-07   4.538267e-06   5.507646e-04   2.400000e+10   5.430679e-03   2.715340e-03  -5.984096e-03   1.043216e-02   1.267286e-03   4.629936e-03  -3.336398e-05   9.501743e-04   5.346806e-03  -2.645841e-03   5.979901e-04  -1.224789e-04   1.284914e-05   7.107231e-02  -6.143611e-03   1.749642e-01   9.845556e-01
            184            193   1.025109e-02   8.413467e-03   3.985366e-03   1.025109e-02   8.413497e-03   3.985349e-03   1.129547e-03   2.778978e-03   3.437254e-08   1.485579e-06   5.254049e-06   8.031129e-04   2.400000e+10   5.779039e-03   2.889520e-03   2.433728e-04   1.025109e-02   8.413482e-03   3.985358e-03  -4.856853e-05   5.038317e-03  -2.830246e-03  -2.017178e-03  -1.028154e-03  -1.795332e-03   1.531512e-05   1.404114e-02  -8.404257e-03   8.718261e-01  -4.897434e-01
            184            133   9.450121e-03   9.508300e-03   2.700369e-03   9.450202e-03   9.508339e-03   2.700441e-03   1.358453e-03   1.319911e-03   1.146127e-07   5.217015e-07   8.759437e-06   6.694524e-04   2.400000e+10   3.212617e-02   1.606308e-02  -1.746259e-02   9.450162e-03   9.508320e-03   2.700405e-03   2.250754e-02   1.091098e-02   2.016065e-02  -1.719926e-03  -1.316358e-02   9.043482e-03   1.096896e-05   2.406971e-02   7.005983e-01   3.396291e-01   6.275461e-01
            184            168   1.131661e-02   1.024505e-02   3.605114e-03   1.131660e-02   1.024504e-02   3.605109e-03   9.807599e-04   2.045889e-03   1.675145e-08   2.972542e-07   3.332480e-06   6.629530e-04   2.400000e+10   1.786364e-03   8.931818e-04   6.518200e-04   1.131660e-02   1.024505e-02   3.605111e-03  -1.528802e-03  -7.647470e-04  -5.186714e-04   2.246854e-04   1.305103e-04  -8.545509e-04   1.876241e-05   1.091176e-01  -8.558182e-01  -4.281027e-01  -2.903504e-01
            233            168   1.224576e-02   1.031513e-02   5.887840e-03   1.224525e-02   1.031493e-02   5.888382e-03   1.080236e-03   2.627972e-03   7.738647e-07   3.341041e-08   2.433998e-05   7.655530e-04   2.400000e+10   6.027472e-01   5.551519e-02  -3.668776e-01   1.224551e-02   1.031503e-02   5.888111e-03  -3.989648e-01  -1.607674e-01   4.222382e-01  -2.154810e-02  -3.762009e-02  -3.467483e-02   9.383249e-06   2.547439e-03  -6.619108e-01  -2.667244e-01   7.005228e-01
            336            330   1.206834e-02   1.011632e-02   1.010852e-02   1.206825e-02   1.011572e-02   1.010857e-02   9.479044e-04   1.161253e-03   6.100888e-07   5.429510e-08   1.784382e-05   5.218941e-04   2.400000e+10   3.483620e-01   1.221952e-02  -2.872819e-02   1.206830e-02   1.011602e-02   1.010854e-02  -4.981563e-02  -3.436523e-01   2.788448e-02   5.051498e-04   9.148333e-04   1.217475e-02   6.480004e-06   8.485015e-03  -1.429996e-01  -9.864806e-01   8.004455e-02
            451            409   1.359186e-02   8.068941e-03   1.620209e-02   1.359182e-02   8.068929e-03   1.620212e-02   1.777283e-03   1.197424e-03   4.558911e-08   1.703675e-06   5.710981e-06   7.154187e-04   2.400000e+10   8.331474e-03   4.165737e-03  -2.153264e-03   1.359184e-02   8.068935e-03   1.620210e-02  -5.747464e-03  -2.048887e-03   5.672933e-03  -8.763726e-04   4.032574e-03   5.689291e-04   1.433234e-05   1.547212e-02  -6.898496e-01  -2.459214e-01   6.809040e-01
            439            351   1.516164e-02   2.888407e-03   1.468895e-02   1.516155e-02   2.888306e-03   1.468902e-02   2.207318e-03   1.467731e-03   1.524846e-07   4.271146e-07   1.159410e-05   8.815527e-04   2.400000e+10   5.657349e-02   2.828674e-02  -2.440257e-02   1.516159e-02   2.888356e-03   1.468899e-02  -3.379356e-02  -3.756899e-02   2.543866e-02  -1.254855e-02   2.095306e-02   1.427036e-02   1.359549e-05   8.193244e-02  -5.973392e-01  -6.640742e-01   4.496569e-01
            415            393   1.118633e-02   5.426777e-03   1.274904e-02   1.118634e-02   5.426765e-03   1.274905e-02   1.401460e-03   8.066998e-04   2.148304e-08   6.783821e-06   3.316492e-06   5.119908e-04   2.400000e+10   2.279947e-03   1.139973e-03   7.272094e-04   1.118633e-02   5.426771e-03   1.274904e-02   1.597900e-03  -1.320474e-03   9.493265e-04   2.623813e-04   8.414938e-04   7.228996e-04   1.090891e-05   5.914807e-03   7.008497e-01  -5.791688e-01   4.163810e-01
            315            251   1.734854e-02   2.274339e-03   1.147736e-02   1.734852e-02   2.274313e-03   1.147740e-02   1.243484e-03   1.410952e-03   5.045331e-08   2.909272e-07   5.774774e-06   6.609677e-04   2.400000e+10   9.323406e-03   4.661703e-03  -7.877574e-03   1.734853e-02   2.274326e-03   1.147738e-02  -4.372131e-03  -4.859050e-03   6.648308e-03  -4.051827e-03   6.008576e-04  -2.225565e-03   1.753718e-05   5.960954e-02  -4.689414e-01  -5.211669e-01   7.130772e-01
            393            371   1.049162e-02   5.480890e-03   1.197112e-02   1.049163e-02   5.480896e-03   1.197113e-02   1.205146e-03   9.390334e-04   1.323437e-08   5.580149e-07   2.642904e-06   5.277881e-04   2.400000e+10   1.119269e-03   5.596346e-04  -4.954537e-04   1.049162e-02   5.480893e-03   1.197112e-02   5.531635e-04   5.774646e-04   7.831401e-04   3.117839e-04  -4.513135e-04   1.108954e-04   1.138425e-05   5.607156e-02   4.942184e-01   5.159300e-01   6.996888e-01
            375            369   9.104266e-03   4.106718e-03   1.296799e-02   9.104573e-03   4.106333e-03   1.296798e-02   8.036813e-04   1.589815e-03   4.933276e-07   1.274311e-06   1.622806e-05   5.338235e-04   2.400000e+10   2.561840e-01   1.280920e-01   3.602396e-03   9.104419e-03   4.106525e-03   1.296799e-02   1.597207e-01  -2.002622e-01  -3.819661e-03   5.629208e-02   4.688690e-02  -1.050732e-01   8.058796e-06   5.885662e-03   6.234610e-01  -7.817122e-01  -1.490983e-02
            251            187   1.711063e-02   3.354124e-03   8.016823e-03   1.711064e-02   3.354118e-03   8.016870e-03   9.920604e-04   8.886410e-04   4.920508e-08   3.981883e-07   4.802609e-06   4.687536e-04   2.400000e+10   7.562008e-03   3.781004e-03  -6.676453e-03   1.711063e-02   3.354121e-03   8.016847e-03   1.835314e-03  -9.862122e-04   7.269318e-03  -6.960061e-04   3.655151e-03   6.718907e-04   1.481374e-05   8.364871e-02   2.427019e-01  -1.304167e-01   9.612946e-01
            164            168   1.388940e-02   1.166003e-02   4.974679e-03   1.388955e-02   1.166017e-02   4.974759e-03   2.517135e-03   2.367886e-03   2.203712e-07   5.346466e-07   1.639751e-05   1.220115e-03   2.400000e+10   1.156332e-01   5.781660e-02  -4.539101e-02   1.388947e-02   1.166010e-02   4.974719e-03   8.178848e-02   7.016962e-02   4.192738e-02   2.631964e-02   6.910178e-05  -5.147845e-02   1.283468e-05   4.256933e-02   7.073097e-01   6.068294e-01   3.625894e-01
            276            112   1.841481e-02   1.234042e-02   9.636778e-03   1.841482e-02   1.234040e-02   9.636783e-03   1.522347e-03   2.579547e-03   2.666298e-08   1.139960e-06   5.052318e-06   9.573544e-04   2.400000e+10   4.310715e-03   2.155358e-03  -1.621164e-03   1.841481e-02   1.234041e-02   9.636781e-03   1.345369e-03  -4.012311e-03   8.207351e-04   6.799932e-04  -1.876761e-04  -2.036652e-03   1.523797e-05   2.274849e-02   3.120988e-01  -9.307762e-01   1.903942e-01
             40             90   1.063579e-02   1.866002e-02   2.986031e-03   1.063588e-02   1.866011e-02   2.985920e-03   1.286485e-03   1.579745e-03   1.705682e-07   6.988786e-07   1.099738e-05   7.090562e-04   2.400000e+10   6.002571e-02   3.001286e-02   2.731587e-02   1.063583e-02   1.866006e-02   2.985976e-03   3.152975e-02   3.298764e-02  -3.899714e-02  -1.216609e-02   2.499483e-02   1.131443e-02   8.254190e-06   5.299855e-03   5.252707e-01   5.495584e-01  -6.496739e-01
            112            252   1.762958e-02   1.439820e-02   1.025104e-02   1.762958e-02   1.439812e-02   1.025094e-02   1.782520e-03   1.985508e-03   1.303938e-07   3.066463e-06   1.106686e-05   9.392731e-04   2.400000e+10   4.617761e-02   1.533853e-02   2.771762e-02   1.762958e-02   1.439816e-02   1.025099e-02  -1.241299e-03  -3.078345e-02  -3.439783e-02  -5.660343e-03  -1.052437e-02   9.616066e-03   1.562290e-05   2.804272e-02  -2.688096e-02  -6.666314e-01  -7.449027e-01
            108             82   1.166343e-02   1.788052e-02   6.884453e-03   1.166346e-02   1.788053e-02   6.884352e-03   2.402834e-03   2.630335e-03   1.068238e-07   1.378723e-06   1.158192e-05   1.255721e-03   2.400000e+10   3.959122e-02   1.979561e-02   2.896990e-02   1.166345e-02   1.788053e-02   6.884402e-03   1.129795e-02   5.888742e-03  -3.748524e-02  -1.109227e-02   1.637794e-02  -7.686076e-04   1.360263e-05   3.434608e-02   2.853650e-01   1.487386e-01  -9.468071e-01
             95             39   1.099740e-02   1.325081e-02   1.502948e-03   1.099740e-02   1.325089e-02   1.502944e-03   1.894639e-03   1.361899e-03   7.446708e-08   8.970610e-07   7.681390e-06   7.923467e-04   2.400000e+10   1.830434e-02   9.152171e-03   5.401304e-04   1.099740e-02   1.325085e-02   1.502946e-03   8.798791e-05   1.827662e-02  -1.003098e-03   6.927113e-03  -3.610013e-04  -5.970512e-03   1.235812e-05   1.248723e-02   4.806942e-03   9.984857e-01  -5.480108e-02
            168            184   1.131660e-02   1.024504e-02   3.605109e-03   1.131661e-02   1.024505e-02   3.605114e-03   2.045889e-03   9.807599e-04   1.675145e-08   2.972542e-07   3.332480e-06   6.629530e-04   2.400000e+10   1.786364e-03   8.931818e-04  -6.518200e-04   1.131660e-02   1.024505e-02   3.605111e-03   1.528802e-03   7.647470e-04   5.186714e-04  -2.246854e-04  -1.305103e-04   8.545509e-04   1.876241e-05   1.091176e-01   8.558182e-01   4.281027e-01   2.903504e-01
            168            233   1.224525e-02   1.031493e-02   5.888382e-03   1.224576e-02   1.031513e-02   5.887840e-03   2.627972e-03   1.080236e-03   7.738647e-07   3.341041e-08   2.433998e-05   7.655530e-04   2.400000e+10   6.027472e-01   5.551519e-02   3.668776e-01   1.224551e-02   1.031503e-02   5.888111e-03   3.989648e-01   1.607674e-01  -4.222382e-01   2.154810e-02   3.762009e-02   3.467483e-02   9.383249e-06   2.547439e-03   6.619108e-01   2.667244e-01  -7.005228e-01
             39            133   9.699561e-03   9.807418e-03   1.646556e-03   9.699595e-03   9.807448e-03   1.646555e-03   1.631020e-03   1.291821e-03   4.532429e-08   1.055929e-06   5.716021e-06   7.208693e-04   2.400000e+10   8.290387e-03   4.145193e-03  -2.070814e-06   9.699578e-03   9.807433e-03   1.646556e-03   6.099177e-03   5.611330e-03  -2.086617e-04  -1.911778e-03   1.961250e-03  -3.111468e-03   1.936272e-05   1.393443e-02   7.356926e-01   6.768477e-01  -2.516912e-02
            148            252   1.887293e-02   1.746070e-02   1.076276e-02   1.887295e-02   1.746080e-02   1.076270e-02   9.452184e-04   1.614377e-03   1.138095e-07   6.613929e-07   8.237059e-06   5.961641e-04   2.400000e+10   2.999858e-02   1.499929e-02   5.161514e-03   1.887294e-02   1.746075e-02   1.076273e-02   6.784774e-03   2.543569e-02  -1.438427e-02   1.454126e-02  -2.205451e-03   2.943899e-03   1.193401e-05   3.941916e-03   2.261698e-01   8.478966e-01  -4.794982e-01
            330            336   1.206825e-02   1.011572e-02   1.010857e-02   1.206834e-02   1.011632e-02   1.010852e-02   1.161253e-03   9.479044e-04   6.100888e-07   5.429510e-08   1.784382e-05   5.218941e-04   2.400000e+10   3.483620e-01   1.221952e-02   2.872819e-02   1.206830e-02   1.011602e-02   1.010854e-02   4.981563e-02   3.436523e-01  -2.788448e-02  -5.051498e-04  -9.148333e-04  -1.217475e-02   6.480004e-06   8.485015e-03   1.429996e-01   9.864806e-01  -8.004455e-02
            348            360   1.089039e-02   1.212699e-02   1.156897e-02   1.089036e-02   1.212704e-02   1.156889e-02   7.457523e-04   1.001635e-03   1.000503e-07   5.392294e-07   6.539832e-06   4.274791e-04   2.400000e+10   2.093799e-02   1.046899e-02   2.018823e-02   1.089038e-02   1.212701e-02   1.156893e-02  -6.471488e-03   1.010381e-02  -1.715902e-02  -9.340585e-04  -9.135915e-03  -5.026173e-03   7.237054e-06   7.791873e-03  -3.090788e-01   4.825589e-01  -8.195165e-01
            268            252   1.805247e-02   1.435081e-02   1.225603e-02   1.805247e-02   1.435068e-02   1.225609e-02   2.388416e-03   1.519292e-03   1.446604e-07   2.909521e-07   1.159016e-05   9.286007e-04   2.400000e+10   5.365237e-02   2.682619e-02  -3.206031e-02   1.805247e-02   1.435075e-02   1.225606e-02   3.488692e-04  -4.846682e-02   2.300919e-02  -2.679086e-02  -7.424993e-04  -1.158746e-03   1.359780e-05   9.257619e-03   6.502401e-03  -9.033490e-01   4.288569e-01
            252            112   1.762958e-02   1.439812e-02   1.025094e-02   1.762958e-02   1.439820e-02   1.025104e-02   1.985508e-03   1.782520e-03   1.303938e-07   3.066463e-06   1.106686e-05   9.392731e-04   2.400000e+10   4.617761e-02   1.533853e-02  -2.771762e-02   1.762958e-02   1.439816e-02   1.025099e-02   1.241299e-03   3.078345e-02   3.439783e-02   5.660343e-03   1.052437e-02  -9.616066e-03   1.562290e-05   2.804272e-02   2.688096e-02   6.666314e-01   7.449027e-01
