  -1.896670e-06   6.229258e-06  -1.234070e-06   1.998285e-02   1.999969e-02   1.842312e-02

              6

              1              0
              1  -1.000000e+00   0.000000e+00   0.000000e+00  -1.896670e-06   1.000000e-02   1.000000e-02

              1              0
              2   1.000000e+00   0.000000e+00   0.000000e+00   1.998285e-02   1.000000e-02   1.000000e-02

              1              0
              3   0.000000e+00  -1.000000e+00   0.000000e+00   1.000000e-02   6.229258e-06   1.000000e-02

              1              0
              4   0.000000e+00   1.000000e+00   0.000000e+00   1.000000e-02   1.999969e-02   1.000000e-02

              1              0
              5   0.000000e+00   0.000000e+00  -1.000000e+00   1.000000e-02   1.000000e-02  -1.234070e-06

              1              0
              6   0.000000e+00   0.000000e+00   1.000000e+00   1.000000e-02   1.000000e-02   1.842312e-02
