     iteration=          10999       process=              0       (i,j,k)=              0              0              0       (x,y,z)=   4.996083e-03   5.005836e-03   4.614331e-03     particles=             75
fabric=[ ...   
   3.812504e-01   3.003026e-02   2.814929e-02;
   3.003026e-02   2.834926e-01   3.019211e-02;
   2.814929e-02   3.019211e-02   3.352570e-01]
sigma=[ ...    
  -2.813958e+03  -1.299251e+02  -3.725491e+02;
  -1.158536e+02  -2.348822e+03  -5.024029e+02;
  -3.604429e+02  -3.774076e+02  -4.132915e+03]
sigmaDot=[ ... 
   1.992808e+06  -5.763626e+05   1.187258e+07;
   1.907076e+05  -3.026009e+06  -1.339607e+07;
  -4.349569e+06  -1.365585e+06  -1.086473e+05]
intgraE=[ ...  
  -3.207159e-03   7.378907e-03  -9.006540e-03;
   7.378907e-03   4.090623e-03  -7.354749e-03;
  -9.006540e-03  -7.354749e-03  -2.130098e-02]
E=[ ...        
  -6.908479e-03   8.761915e-03  -1.221151e-02;
   8.761915e-03   4.858301e-03  -7.515890e-03;
  -1.221151e-02  -7.515890e-03  -2.060872e-02]
e=[ ...        
  -7.429689e-03   8.576729e-03  -1.284427e-02;
   8.576729e-03   4.437249e-03  -7.656993e-03;
  -1.284427e-02  -7.656993e-03  -2.187196e-02]
intgraF=[ ...  
   9.967410e-01   8.618470e-03  -1.068696e-02;
   6.012677e-03   1.003894e+00   2.420097e-03;
  -7.538280e-03  -1.742315e-02   9.784058e-01]
F=[ ...        
   9.929731e-01   1.066418e-02  -1.283439e-02;
   6.750838e-03   1.004709e+00  -2.393205e-03;
  -1.191176e-02  -1.275722e-02   9.790874e-01]
R=[ ...        
   9.999980e-01   1.926041e-03  -4.784548e-04;
  -1.923520e-03   9.999846e-01   5.214837e-03;
   4.884914e-04  -5.213906e-03   9.999863e-01]
U=[ ...        
   9.929523e-01   8.725347e-03  -1.235149e-02;
   8.725347e-03   1.004781e+00  -7.522757e-03;
  -1.235149e-02  -7.522757e-03   9.790676e-01]
l=[ ...        
   1.802422e-01   2.718654e-01  -2.739100e-01;
  -5.367563e-02   2.183508e-02   1.618369e-02;
  -8.510204e-02  -2.675668e-01  -3.071051e-01]
d=[ ...        
   1.802422e-01   1.090949e-01  -1.795060e-01;
   1.090949e-01   2.183508e-02  -1.256916e-01;
  -1.795060e-01  -1.256916e-01  -3.071051e-01]
     iteration=          10999       process=              1       (i,j,k)=              0              0              1       (x,y,z)=   4.996083e-03   5.005836e-03   1.384091e-02     particles=             53
fabric=[ ...   
   2.670190e-01  -3.945833e-02   1.769712e-02;
  -3.945833e-02   4.317786e-01  -1.601723e-02;
   1.769712e-02  -1.601723e-02   3.012024e-01]
sigma=[ ...    
  -2.198224e+03   2.212111e+02  -6.837771e+02;
   1.021376e+02  -1.870581e+03   8.315806e+01;
  -5.788425e+02   7.528990e+01  -2.316749e+03]
sigmaDot=[ ... 
  -1.819920e+07   2.564222e+06  -2.746106e+06;
   4.934528e+06   1.663045e+06   4.779163e+06;
   1.894083e+06   1.009080e+07   2.616203e+06]
intgraE=[ ...  
  -1.818351e-02   3.662280e-03  -4.686500e-04;
   3.662280e-03   1.165215e-02  -3.534645e-02;
  -4.686500e-04  -3.534645e-02   3.705301e-02]
E=[ ...        
  -4.896814e-02   1.472174e-02  -1.021941e-02;
   1.472174e-02   4.606813e-04   3.747798e-02;
  -1.021941e-02   3.747798e-02   2.948583e-01]
e=[ ...        
  -5.264213e-02   1.305405e-02  -2.753434e-02;
   1.305405e-02   1.421977e-03   3.375593e-02;
  -2.753434e-02   3.375593e-02   1.786284e-01]
intgraF=[ ...  
   9.816378e-01   3.393724e-03   1.594629e-03;
   3.822078e-03   1.010026e+00  -1.249691e-02;
  -2.368860e-03  -5.604101e-02   1.036314e+00]
F=[ ...        
   9.471713e-01   9.680998e-04  -1.087815e-01;
   2.948812e-02   1.000344e+00   9.413021e-02;
   6.372324e-02  -1.524925e-02   1.252606e+00]
R=[ ...        
   9.968456e-01  -1.164305e-02  -7.850615e-02;
   1.548212e-02   9.987046e-01   4.847159e-02;
   7.784009e-02  -4.953413e-02   9.957345e-01]
U=[ ...        
   9.496004e-01   1.526548e-02  -9.478000e-03;
   1.526548e-02   9.997921e-01   3.322805e-02;
  -9.478000e-03   3.322805e-02   1.260366e+00]
l=[ ...        
  -9.910901e-02   6.786065e-01   7.006670e-01;
  -1.984464e-01  -4.286415e-02  -3.648118e-01;
   1.689846e-01  -6.678962e-01   8.166516e-01]
d=[ ...        
  -9.910901e-02   2.400800e-01   4.348258e-01;
   2.400800e-01  -4.286415e-02  -5.163540e-01;
   4.348258e-01  -5.163540e-01   8.166516e-01]
     iteration=          10999       process=              2       (i,j,k)=              0              1              0       (x,y,z)=   4.996083e-03   1.500044e-02   4.614331e-03     particles=             70
fabric=[ ...   
   2.944774e-01  -4.287948e-02  -2.645507e-02;
  -4.287948e-02   2.900755e-01   4.955068e-03;
  -2.645507e-02   4.955068e-03   4.154471e-01]
sigma=[ ...    
  -1.967134e+03   5.873117e+02   3.326143e+02;
   6.597521e+02  -2.505378e+03   6.720925e+02;
   2.323527e+02   7.384646e+02  -4.052623e+03]
sigmaDot=[ ... 
  -4.185191e+06   6.196410e+05   5.919589e+06;
   6.707331e+05   3.310815e+06  -4.473480e+06;
   5.214902e+06  -3.768321e+05   3.063803e+06]
intgraE=[ ...  
   1.021182e-02   5.110941e-05  -4.260743e-03;
   5.110941e-05  -8.235716e-03   4.764816e-03;
  -4.260743e-03   4.764816e-03  -1.859404e-02]
E=[ ...        
   2.453409e-02   2.471366e-03  -1.967476e-04;
   2.471366e-03  -6.943193e-04   8.225229e-03;
  -1.967476e-04   8.225229e-03  -1.622512e-02]
e=[ ...        
   2.333860e-02   2.577272e-03  -5.984978e-04;
   2.577272e-03  -8.187761e-04   8.496406e-03;
  -5.984978e-04   8.496406e-03  -1.690594e-02]
intgraF=[ ...  
   1.010008e+00  -7.944714e-03   6.572212e-03;
   8.282738e-03   9.916822e-01   4.077195e-03;
  -1.548436e-02   5.644688e-03   9.811993e-01]
F=[ ...        
   1.024171e+00  -3.614695e-03   7.379346e-03;
   8.719778e-03   9.992636e-01   8.216011e-03;
  -8.156789e-03   8.405193e-03   9.835791e-01]
R=[ ...        
   9.999511e-01  -6.126974e-03   7.763519e-03;
   6.127783e-03   9.999812e-01  -8.041234e-05;
  -7.762880e-03   1.279816e-04   9.999699e-01]
U=[ ...        
   1.024237e+00   2.443503e-03  -2.060758e-04;
   2.443503e-03   9.992680e-01   8.296524e-03;
  -2.060758e-04   8.296524e-03   9.836061e-01]
l=[ ...        
   3.390363e-01  -9.377187e-02   2.567003e-01;
   8.760726e-02  -2.127379e-01   5.933487e-03;
  -2.607296e-01  -4.348340e-02  -2.032044e-01]
d=[ ...        
   3.390363e-01  -3.082304e-03  -2.014665e-03;
  -3.082304e-03  -2.127379e-01  -1.877495e-02;
  -2.014665e-03  -1.877495e-02  -2.032044e-01]
     iteration=          10999       process=              3       (i,j,k)=              0              1              1       (x,y,z)=   4.996083e-03   1.500044e-02   1.384091e-02     particles=             48
fabric=[ ...   
   2.882272e-01  -2.773579e-02  -3.125182e-02;
  -2.773579e-02   3.047037e-01   3.738575e-02;
  -3.125182e-02   3.738575e-02   4.070691e-01]
sigma=[ ...    
  -2.105067e+03   7.010668e+02   5.540739e+02;
   4.764574e+02  -2.698956e+03  -1.188503e+03;
   1.796276e+02  -9.167422e+02  -4.925096e+03]
sigmaDot=[ ... 
   1.226010e+07   2.498764e+06   3.629377e+07;
   6.636224e+06   6.144951e+06   2.905806e+06;
   1.994855e+06  -1.715778e+06   6.009021e+07]
intgraE=[ ...  
  -2.190016e-03   1.036164e-03  -4.941124e-04;
   1.036164e-03  -4.765930e-04  -5.284165e-03;
  -4.941124e-04  -5.284165e-03  -4.729130e-03]
E=[ ...        
   3.128479e-03   1.337995e-02  -2.771544e-03;
   1.337995e-02  -5.265468e-03   2.705059e-03;
  -2.771544e-03   2.705059e-03  -4.585042e-03]
e=[ ...        
   2.886822e-03   1.341975e-02  -2.804784e-03;
   1.341975e-02  -5.856781e-03   2.866215e-03;
  -2.804784e-03   2.866215e-03  -4.654885e-03]
intgraF=[ ...  
   9.977574e-01  -7.301787e-03  -4.412970e-03;
   9.359181e-03   9.994962e-01  -1.152676e-02;
   3.539780e-03   9.248504e-04   9.951831e-01]
F=[ ...        
   1.003090e+00   1.874367e-02  -4.013464e-03;
   8.009265e-03   9.945330e-01   8.264118e-04;
  -1.530888e-03   4.685022e-03   9.953960e-01]
R=[ ...        
   9.999848e-01   5.376692e-03  -1.241861e-03;
  -5.379089e-03   9.999837e-01  -1.934890e-03;
   1.231438e-03   1.941541e-03   9.999974e-01]
U=[ ...        
   1.003030e+00   1.339947e-02  -2.792080e-03;
   1.339947e-02   9.946266e-01   2.737421e-03;
  -2.792080e-03   2.737421e-03   9.953967e-01]
l=[ ...        
  -1.668975e-01   6.037803e-02  -4.999957e-01;
  -2.466051e-01  -2.213442e-01  -5.039717e-01;
  -1.330138e-01  -3.289480e-01  -3.992049e-01]
d=[ ...        
  -1.668975e-01  -9.311352e-02  -3.165047e-01;
  -9.311352e-02  -2.213442e-01  -4.164598e-01;
  -3.165047e-01  -4.164598e-01  -3.992049e-01]
     iteration=          10999       process=              4       (i,j,k)=              1              0              0       (x,y,z)=   1.498785e-02   5.005836e-03   4.614331e-03     particles=             68
fabric=[ ...   
   2.937496e-01  -2.572003e-02   3.809172e-03;
  -2.572003e-02   2.836344e-01  -7.880775e-03;
   3.809172e-03  -7.880775e-03   4.226159e-01]
sigma=[ ...    
  -1.760137e+03   6.951856e+01  -2.923595e+02;
   1.703399e+02  -2.111608e+03   5.381675e+01;
  -3.138799e+02   1.511968e+02  -3.660923e+03]
sigmaDot=[ ... 
  -9.607509e+05   1.354280e+05   5.741308e+04;
  -5.545325e+06   7.830068e+05  -9.506287e+04;
   8.091151e+05  -1.289233e+06   3.835489e+06]
intgraE=[ ...  
   5.901042e-03   4.896609e-03   9.327165e-03;
   4.896609e-03   1.140400e-02  -3.790806e-03;
   9.327165e-03  -3.790806e-03  -3.258462e-02]
E=[ ...        
   1.497427e-02   1.131059e-02   1.110488e-02;
   1.131059e-02   1.142244e-02  -3.497538e-03;
   1.110488e-02  -3.497538e-03  -1.798187e-02]
e=[ ...        
   1.383835e-02   1.106471e-02   1.142326e-02;
   1.106471e-02   1.073858e-02  -4.216967e-03;
   1.142326e-02  -4.216967e-03  -1.855694e-02]
intgraF=[ ...  
   1.005708e+00   1.361268e-02   8.102636e-04;
  -3.457740e-03   1.011015e+00   1.323428e-02;
   1.849985e-02  -2.169345e-02   9.667755e-01]
F=[ ...        
   1.014577e+00   1.230473e-02   7.240308e-04;
   1.048521e-02   1.011057e+00   1.381302e-02;
   2.172672e-02  -2.135942e-02   9.817560e-01]
R=[ ...        
   9.999432e-01   1.070464e-03  -1.060899e-02;
  -8.823832e-04   9.998426e-01   1.771727e-02;
   1.062629e-02  -1.770690e-02   9.997868e-01]
U=[ ...        
   1.014741e+00   1.118492e-02   1.114422e-02;
   1.118492e-02   1.011290e+00  -3.572233e-03;
   1.114422e-02  -3.572233e-03   9.817837e-01]
l=[ ...        
   6.640953e-02   2.910287e-01   4.982282e-02;
  -1.108041e-01   2.629251e-01   4.229742e-02;
   1.603151e-01   1.976993e-02  -4.943403e-02]
d=[ ...        
   6.640953e-02   9.011230e-02   1.050690e-01;
   9.011230e-02   2.629251e-01   3.103368e-02;
   1.050690e-01   3.103368e-02  -4.943403e-02]
     iteration=          10999       process=              5       (i,j,k)=              1              0              1       (x,y,z)=   1.498785e-02   5.005836e-03   1.384091e-02     particles=             43
fabric=[ ...   
   2.981840e-01  -2.229738e-02   4.378463e-02;
  -2.229738e-02   3.790383e-01   2.780888e-02;
   4.378463e-02   2.780888e-02   3.227777e-01]
sigma=[ ...    
  -3.130710e+03   7.918626e+02  -1.351257e+03;
   9.534517e+02  -3.551879e+03  -3.020025e+02;
  -1.072549e+03  -7.736905e+02  -6.086013e+03]
sigmaDot=[ ... 
  -5.923113e+06   1.436910e+06  -1.834658e+07;
   1.605574e+07   7.264187e+06   2.643547e+07;
   4.037123e+06  -1.154555e+07   3.488523e+07]
intgraE=[ ...  
   6.627212e-03   5.588729e-03   2.101641e-02;
   5.588729e-03   1.530801e-02  -2.516905e-02;
   2.101641e-02  -2.516905e-02  -1.642695e-02]
E=[ ...        
   1.085628e-02   6.726963e-03   1.715476e-02;
   6.726963e-03   1.448610e-02  -7.970615e-03;
   1.715476e-02  -7.970615e-03  -7.451783e-02]
e=[ ...        
   8.789625e-03   7.397685e-03   2.196072e-02;
   7.397685e-03   1.350885e-02  -1.142823e-02;
   2.196072e-02  -1.142823e-02  -8.713023e-02]
intgraF=[ ...  
   1.005424e+00  -8.135504e-03  -1.091029e-03;
   2.089980e-02   1.014299e+00  -9.106464e-03;
   4.405165e-02  -4.180455e-02   9.833931e-01]
F=[ ...        
   1.009841e+00  -4.795043e-03  -2.384458e-03;
   1.932282e-02   1.013842e+00   1.406217e-02;
   3.951325e-02  -3.275214e-02   9.223670e-01]
R=[ ...        
   9.996924e-01  -1.152687e-02  -2.196084e-02;
   1.205357e-02   9.996392e-01   2.400398e-02;
   2.167623e-02  -2.426130e-02   9.994706e-01]
U=[ ...        
   1.010619e+00   6.716907e-03   1.777921e-02;
   6.716907e-03   1.014327e+00  -8.293242e-03;
   1.777921e-02  -8.293242e-03   9.222687e-01]
l=[ ...        
  -5.928013e-03  -6.365814e-02  -1.898019e-02;
   3.349232e-01  -6.450636e-03  -2.433082e-01;
   3.139051e-01  -3.227563e-01  -5.401616e-01]
d=[ ...        
  -5.928013e-03   1.356325e-01   1.474624e-01;
   1.356325e-01  -6.450636e-03  -2.830322e-01;
   1.474624e-01  -2.830322e-01  -5.401616e-01]
     iteration=          10999       process=              6       (i,j,k)=              1              1              0       (x,y,z)=   1.498785e-02   1.500044e-02   4.614331e-03     particles=             56
fabric=[ ...   
   2.365636e-01   2.265351e-02  -7.184868e-02;
   2.265351e-02   3.794327e-01   4.590930e-03;
  -7.184868e-02   4.590930e-03   3.840037e-01]
sigma=[ ...    
  -3.074292e+03  -8.804602e+02   1.553950e+03;
  -9.061791e+02  -3.670093e+03   5.300920e+02;
   1.502705e+03   6.286561e+02  -3.563939e+03]
sigmaDot=[ ... 
   6.383625e+06   9.189880e+06  -1.088191e+07;
   8.899895e+06   1.964159e+06  -5.661033e+06;
   3.095559e+06   1.041683e+07   4.065116e+06]
intgraE=[ ...  
  -1.277407e-02  -1.330605e-02   8.920040e-03;
  -1.330605e-02  -1.494851e-02   8.676246e-03;
   8.920040e-03   8.676246e-03  -2.389717e-02]
E=[ ...        
  -5.546711e-03  -1.187785e-02   8.338797e-03;
  -1.187785e-02  -8.427947e-03   7.239890e-03;
   8.338797e-03   7.239890e-03  -2.051557e-02]
e=[ ...        
  -6.268657e-03  -1.239704e-02   9.193486e-03;
  -1.239704e-02  -8.872706e-03   7.718094e-03;
   9.193486e-03   7.718094e-03  -2.157249e-02]
intgraF=[ ...  
   9.868525e-01  -1.276266e-02  -7.204892e-04;
  -1.432551e-02   9.848439e-01   1.290683e-02;
   1.920213e-02   4.747326e-03   9.757246e-01]
F=[ ...        
   9.941878e-01  -1.009189e-02  -2.400694e-04;
  -1.389504e-02   9.914800e-01   1.153351e-02;
   1.743924e-02   3.106732e-03   9.792016e-01]
R=[ ...        
   9.999581e-01   1.985388e-03  -8.935824e-03;
  -1.947570e-03   9.999891e-01   4.238818e-03;
   8.944142e-03  -4.221237e-03   9.999511e-01]
U=[ ...        
   9.943292e-01  -1.199466e-02   8.495597e-03;
  -1.199466e-02   9.914361e-01   7.399462e-03;
   8.495597e-03   7.399462e-03   9.792047e-01]
l=[ ...        
  -1.941977e-01  -2.543679e-01  -1.621942e-01;
  -9.862762e-02  -8.468525e-02   2.733645e-01;
   2.251063e-01  -1.165764e-01  -2.272433e-01]
d=[ ...        
  -1.941977e-01  -1.764978e-01   3.145609e-02;
  -1.764978e-01  -8.468525e-02   7.839402e-02;
   3.145609e-02   7.839402e-02  -2.272433e-01]
     iteration=          10999       process=              7       (i,j,k)=              1              1              1       (x,y,z)=   1.498785e-02   1.500044e-02   1.384091e-02     particles=             52
fabric=[ ...   
   3.896384e-01  -1.316008e-01   8.668535e-03;
  -1.316008e-01   2.805443e-01  -5.942187e-03;
   8.668535e-03  -5.942187e-03   3.298173e-01]
sigma=[ ...    
  -7.913559e+02   3.914609e+02  -8.107629e+01;
   3.883202e+02  -5.246445e+02   1.859866e+02;
  -3.535463e+01   1.705235e+02  -1.160547e+03]
sigmaDot=[ ... 
  -5.878749e+05   7.666962e+05   5.646524e+05;
  -4.971528e+06   2.451260e+06  -5.448536e+06;
  -9.404333e+05  -1.996010e+06  -2.604817e+06]
intgraE=[ ...  
   9.556550e-03  -1.120641e-03   1.551431e-03;
  -1.120641e-03  -1.842071e-02   1.354645e-03;
   1.551431e-03   1.354645e-03   2.152511e-02]
E=[ ...        
   1.082344e-02  -3.014003e-03   3.252971e-04;
  -3.014003e-03  -1.258162e-02  -1.292651e-03;
   3.252971e-04  -1.292651e-03   2.227029e-03]
e=[ ...        
   1.056972e-02  -2.966845e-03   4.823886e-04;
  -2.966845e-03  -1.295198e-02  -1.284846e-03;
   4.823886e-04  -1.284846e-03   2.243293e-03]
intgraF=[ ...  
   1.009332e+00  -3.809289e-03  -1.612873e-02;
   1.611377e-03   9.813983e-01   1.483502e-03;
   1.897795e-02   1.167235e-03   1.021170e+00]
F=[ ...        
   1.010586e+00  -4.300701e-03  -1.817034e-02;
  -1.566854e-03   9.873033e-01   4.510997e-03;
   1.898144e-02  -7.102611e-03   1.002050e+00]
R=[ ...        
   9.998289e-01  -1.325304e-03  -1.845222e-02;
   1.432485e-03   9.999822e-01   5.796573e-03;
   1.844421e-02  -5.822014e-03   9.998129e-01]
U=[ ...        
   1.010761e+00  -3.016670e-03   3.212522e-04;
  -3.016670e-03   9.873328e-01  -1.298949e-03;
   3.212522e-04  -1.298949e-03   1.002224e+00]
l=[ ...        
   1.499052e-01  -5.542909e-01  -5.461747e-01;
   1.850877e-01   5.182982e-03   5.751530e-01;
   1.905863e-01  -6.417965e-01   6.539776e-01]
d=[ ...        
   1.499052e-01  -1.846016e-01  -1.777942e-01;
  -1.846016e-01   5.182982e-03  -3.332177e-02;
  -1.777942e-01  -3.332177e-02   6.539776e-01]
