   7.749790e-06   1.366820e-05   9.973292e-06   1.998494e-02   1.999093e-02   1.867670e-02

              6

              1              0
              1  -1.000000e+00   0.000000e+00   0.000000e+00   7.749790e-06   1.000000e-02   1.000000e-02

              1              0
              2   1.000000e+00   0.000000e+00   0.000000e+00   1.998494e-02   1.000000e-02   1.000000e-02

              1              0
              3   0.000000e+00  -1.000000e+00   0.000000e+00   1.000000e-02   1.366820e-05   1.000000e-02

              1              0
              4   0.000000e+00   1.000000e+00   0.000000e+00   1.000000e-02   1.999093e-02   1.000000e-02

              1              0
              5   0.000000e+00   0.000000e+00  -1.000000e+00   1.000000e-02   1.000000e-02   9.973292e-06

              1              0
              6   0.000000e+00   0.000000e+00   1.000000e+00   1.000000e-02   1.000000e-02   1.867670e-02
