              6

              1
             10
          pos_x          pos_y          pos_z       normal_x       normal_y       normal_z        tangt_x        tangt_y        tangt_z          pentr
   9.556060e-06   1.005086e-03   2.047315e-03  -5.238024e-02   0.000000e+00   0.000000e+00  -0.000000e+00  -1.622633e-02  -1.212955e-02   8.065972e-08
   9.556060e-06   5.716063e-03   5.120008e-03  -3.034894e-03   0.000000e+00   0.000000e+00   0.000000e+00   1.513457e-03  -1.099710e-04   1.114673e-08
   9.556060e-06   1.153787e-03   9.009543e-03  -4.902845e-03   0.000000e+00   0.000000e+00  -0.000000e+00   1.020260e-03   1.563913e-03   1.820764e-08
   9.556060e-06   1.817912e-02   4.844355e-03  -1.498274e-02   0.000000e+00   0.000000e+00  -0.000000e+00  -2.504268e-03  -6.646526e-03   3.761285e-08
   9.556060e-06   1.728519e-02   2.792591e-03  -1.519794e-02   0.000000e+00   0.000000e+00   0.000000e+00  -7.566390e-03   7.029121e-04   3.462254e-08
   9.556060e-06   1.390803e-02   2.759819e-03  -3.097126e-02   0.000000e+00   0.000000e+00  -0.000000e+00   3.293455e-03  -1.451569e-02   5.135819e-08
   9.556060e-06   1.510825e-02   7.252589e-03  -6.394084e-03   0.000000e+00   0.000000e+00   0.000000e+00  -1.733991e-03  -2.685955e-03   1.981447e-08
   9.556060e-06   1.181621e-02   9.234147e-03  -3.534077e-02   0.000000e+00   0.000000e+00  -0.000000e+00  -1.306219e-02   2.096619e-03   8.336922e-08
   9.556060e-06   1.843604e-02   1.188419e-02  -1.284662e-01   0.000000e+00   0.000000e+00   0.000000e+00   3.022666e-02  -5.667662e-02   1.578549e-07
   9.556060e-06   1.362757e-02   9.279922e-03  -9.134762e-02   0.000000e+00   0.000000e+00  -0.000000e+00  -2.202564e-02  -1.356794e-02   1.167681e-07
                                               -3.830186e-01   0.000000e+00   0.000000e+00   0.000000e+00  -2.706498e-02  -1.019688e-01   6.114143e-08

              2
              5
          pos_x          pos_y          pos_z       normal_x       normal_y       normal_z        tangt_x        tangt_y        tangt_z          pentr
   1.998846e-02   3.248008e-03   3.327517e-03   1.892839e-02   0.000000e+00   0.000000e+00  -0.000000e+00   1.670368e-03   1.823621e-03   3.326276e-08
   1.998846e-02   1.805608e-03   6.316420e-03   2.163891e-02   0.000000e+00   0.000000e+00  -0.000000e+00   7.892613e-04   1.390906e-03   3.551201e-08
   1.998846e-02   6.720887e-03   1.063437e-02   2.428278e-02   0.000000e+00   0.000000e+00  -0.000000e+00   1.083106e-04   4.367328e-03   3.727745e-08
   1.998846e-02   1.348339e-02   1.448187e-02   1.256088e-01   0.000000e+00   0.000000e+00  -0.000000e+00  -3.118502e-02  -1.550420e-02   2.012463e-07
   1.998846e-02   1.112154e-02   9.368995e-03   1.365087e-04   0.000000e+00   0.000000e+00   0.000000e+00  -6.815507e-05   3.680315e-06   1.684579e-09
                                                1.905954e-01   0.000000e+00   0.000000e+00   0.000000e+00  -2.868524e-02  -7.918660e-03   6.179662e-08

              3
              3
          pos_x          pos_y          pos_z       normal_x       normal_y       normal_z        tangt_x        tangt_y        tangt_z          pentr
   9.669667e-03   1.036239e-05   1.392909e-03   0.000000e+00  -1.672447e-03   0.000000e+00  -5.841036e-04   0.000000e+00   5.984085e-04   8.908905e-09
   7.959348e-03   1.036239e-05   8.760995e-03   0.000000e+00  -2.524912e-02   0.000000e+00  -6.505893e-03  -0.000000e+00   2.508915e-03   5.116627e-08
   1.435757e-02   1.036239e-05   1.446106e-02   0.000000e+00  -2.829691e-01   0.000000e+00  -3.169170e-02  -0.000000e+00  -1.167293e-01   2.544139e-07
                                                0.000000e+00  -3.098907e-01   0.000000e+00  -3.878170e-02   0.000000e+00  -1.136220e-01   1.048297e-07

              4
              7
          pos_x          pos_y          pos_z       normal_x       normal_y       normal_z        tangt_x        tangt_y        tangt_z          pentr
   6.315572e-03   1.998920e-02   6.225669e-03   0.000000e+00   1.714510e-02   0.000000e+00   1.470435e-03  -0.000000e+00   1.100744e-03   3.842710e-08
   3.793406e-03   1.998920e-02   4.098817e-03   0.000000e+00   1.353852e-02   0.000000e+00   1.448835e-03  -0.000000e+00  -4.945108e-04   2.872863e-08
   1.717161e-03   1.998920e-02   4.816731e-03   0.000000e+00   3.255701e-02   0.000000e+00  -2.228742e-04  -0.000000e+00  -6.206369e-03   6.545317e-08
   7.675888e-03   1.998920e-02   1.612454e-02   0.000000e+00   8.187747e-03   0.000000e+00  -1.654509e-03  -0.000000e+00   2.735155e-03   2.795749e-08
   3.698016e-03   1.998920e-02   9.589204e-03   0.000000e+00   1.122871e-02   0.000000e+00  -1.433029e-03  -0.000000e+00   1.087373e-03   2.139910e-08
   1.546684e-02   1.998920e-02   7.860982e-03   0.000000e+00   4.215968e-03   0.000000e+00   1.966725e-03   0.000000e+00   7.586767e-04   1.528564e-08
   1.374238e-02   1.998920e-02   1.760326e-02   0.000000e+00   1.003074e-01   0.000000e+00  -3.170608e-03  -0.000000e+00   2.248949e-02   1.292107e-07
                                                0.000000e+00   1.871805e-01   0.000000e+00  -1.595026e-03   0.000000e+00   2.147055e-02   4.663741e-08

              5
             11
          pos_x          pos_y          pos_z       normal_x       normal_y       normal_z        tangt_x        tangt_y        tangt_z          pentr
   6.333115e-03   1.427879e-03   1.184346e-05   0.000000e+00   0.000000e+00  -2.328502e-02  -7.019719e-03   9.288253e-03   0.000000e+00   4.147861e-08
   6.037592e-03   8.968718e-03   1.184346e-05   0.000000e+00   0.000000e+00  -5.181690e-03   1.504946e-03   2.108937e-03   0.000000e+00   2.143016e-08
   3.382636e-03   3.021221e-03   1.184346e-05   0.000000e+00   0.000000e+00  -9.600250e-04   3.827485e-04   2.896819e-04   0.000000e+00   6.991926e-09
   5.061047e-03   3.546136e-03   1.184346e-05   0.000000e+00   0.000000e+00  -2.318788e-02  -2.960763e-03  -1.926608e-03  -0.000000e+00   4.891354e-08
   1.075190e-03   1.843066e-02   1.184346e-05   0.000000e+00   0.000000e+00  -2.477761e-02  -8.217836e-03  -2.147013e-03  -0.000000e+00   4.435655e-08
   6.803651e-03   1.507838e-02   1.184346e-05   0.000000e+00   0.000000e+00  -6.651424e-05  -1.452267e-05  -2.991869e-05   0.000000e+00   9.440932e-10
   2.470689e-03   1.445686e-02   1.184346e-05   0.000000e+00   0.000000e+00  -1.275740e-01   2.330678e-02   5.210209e-02  -0.000000e+00   1.437827e-07
   1.602185e-02   8.099049e-03   1.184346e-05   0.000000e+00   0.000000e+00  -6.365030e-02   5.483397e-03   9.152187e-03  -0.000000e+00   9.373420e-08
   1.703161e-02   1.934495e-03   1.184346e-05   0.000000e+00   0.000000e+00  -3.211085e-02   1.535753e-03   4.135801e-03  -0.000000e+00   5.535463e-08
   1.124839e-02   1.396254e-02   1.184346e-05   0.000000e+00   0.000000e+00  -6.909115e-02   3.365584e-02   7.789835e-03   0.000000e+00   1.097002e-07
   1.113463e-02   1.069717e-02   1.184346e-05   0.000000e+00   0.000000e+00  -1.880566e-02   3.546013e-03  -2.537391e-03  -0.000000e+00   3.136559e-08
                                                0.000000e+00   0.000000e+00  -3.886907e-01   5.120263e-02   7.822586e-02   0.000000e+00   5.436839e-08

              6
              2
          pos_x          pos_y          pos_z       normal_x       normal_y       normal_z        tangt_x        tangt_y        tangt_z          pentr
   3.359934e-03   1.567952e-02   1.891256e-02   0.000000e+00   0.000000e+00   2.278904e-01   1.121235e-02  -1.133922e-01   0.000000e+00   1.591489e-07
   1.396504e-02   4.341819e-03   1.891256e-02   0.000000e+00   0.000000e+00   6.692246e-03   2.834575e-03   1.778124e-03   0.000000e+00   2.108926e-08
                                                0.000000e+00   0.000000e+00   2.345826e-01   1.404692e-02  -1.116141e-01   0.000000e+00   9.011909e-08

