              6

              1
             22
          pos_x          pos_y          pos_z       normal_x       normal_y       normal_z        tangt_x        tangt_y        tangt_z          pentr
   1.003913e-05   9.021606e-03   1.302477e-03  -8.351884e-03   0.000000e+00   0.000000e+00  -0.000000e+00   1.599711e-03  -3.629923e-03   2.033446e-08
   1.003913e-05   1.015223e-03   2.102063e-03  -5.565397e-02   0.000000e+00   0.000000e+00  -0.000000e+00   2.118905e-02   1.459503e-02   8.451354e-08
   1.003913e-05   3.984777e-03   2.353558e-03  -9.672968e-03   0.000000e+00   0.000000e+00  -0.000000e+00  -2.035441e-03   3.658588e-03   2.619536e-08
   1.003913e-05   5.968551e-03   2.760021e-03  -1.024996e-02   0.000000e+00   0.000000e+00  -0.000000e+00   1.615873e-03   4.398293e-03   2.840066e-08
   1.003913e-05   2.711597e-03   4.700590e-03  -8.875465e-03   0.000000e+00   0.000000e+00  -0.000000e+00  -1.171333e-03   3.455605e-04   2.514523e-08
   1.003913e-05   5.077019e-03   7.314590e-03  -1.704022e-04   0.000000e+00   0.000000e+00  -0.000000e+00   5.357075e-06  -2.077971e-05   1.765827e-09
   1.003913e-05   6.577236e-03   1.048763e-02  -2.803074e-03   0.000000e+00   0.000000e+00  -0.000000e+00  -2.808116e-04  -1.565343e-04   1.156586e-08
   1.003913e-05   8.137518e-03   1.513814e-02  -1.215172e-02   0.000000e+00   0.000000e+00  -0.000000e+00  -1.474812e-03  -4.253112e-04   3.397276e-08
   1.003913e-05   4.357948e-03   1.278560e-02  -9.801513e-03   0.000000e+00   0.000000e+00  -0.000000e+00  -1.659818e-03   1.757853e-03   2.478616e-08
   1.003913e-05   1.794252e-02   8.706510e-04  -4.652094e-02   0.000000e+00   0.000000e+00  -0.000000e+00  -1.213749e-04   5.892318e-05   8.085819e-08
   1.003913e-05   1.816201e-02   4.772006e-03  -2.737913e-02   0.000000e+00   0.000000e+00  -0.000000e+00  -3.270876e-03  -1.480278e-03   5.571744e-08
   1.003913e-05   1.728761e-02   2.787458e-03  -4.206709e-03   0.000000e+00   0.000000e+00  -0.000000e+00   8.903536e-04  -1.819603e-03   1.472339e-08
   1.003913e-05   1.393436e-02   2.750898e-03  -1.124231e-02   0.000000e+00   0.000000e+00  -0.000000e+00   7.237402e-04   5.561467e-03   2.622940e-08
   1.003913e-05   1.525745e-02   7.077001e-03  -1.594088e-04   0.000000e+00   0.000000e+00   0.000000e+00   2.466018e-05  -7.579356e-05   1.729028e-09
   1.003913e-05   1.611935e-02   8.347012e-03  -2.067627e-02   0.000000e+00   0.000000e+00  -0.000000e+00   4.726067e-04  -1.136129e-03   4.426344e-08
   1.003913e-05   1.154948e-02   7.402095e-03  -9.967325e-03   0.000000e+00   0.000000e+00  -0.000000e+00  -3.871826e-03  -1.434367e-03   3.034064e-08
   1.003913e-05   1.362006e-02   6.321531e-03  -2.957225e-04   0.000000e+00   0.000000e+00  -0.000000e+00   8.823219e-07   2.578369e-05   2.810049e-09
   1.003913e-05   1.752088e-02   1.472851e-02  -3.644193e-02   0.000000e+00   0.000000e+00  -0.000000e+00  -7.221590e-03  -1.232969e-02   5.346963e-08
   1.003913e-05   1.160930e-02   1.292831e-02  -1.227084e-02   0.000000e+00   0.000000e+00  -0.000000e+00   4.380476e-03   2.940278e-03   2.831903e-08
   1.003913e-05   1.448631e-02   1.201031e-02  -8.842003e-03   0.000000e+00   0.000000e+00  -0.000000e+00  -6.587708e-04  -1.675756e-03   2.521560e-08
   1.003913e-05   1.842711e-02   1.161733e-02  -4.037705e-02   0.000000e+00   0.000000e+00  -0.000000e+00  -4.154922e-03  -1.870349e-02   7.322031e-08
   1.003913e-05   1.366105e-02   9.033407e-03  -2.464985e-02   0.000000e+00   0.000000e+00  -0.000000e+00  -7.231127e-03  -3.067500e-03   4.904230e-08
                                               -3.607604e-01   0.000000e+00   0.000000e+00   0.000000e+00  -2.249988e-03  -1.261338e-02   3.375538e-08

              2
             15
          pos_x          pos_y          pos_z       normal_x       normal_y       normal_z        tangt_x        tangt_y        tangt_z          pentr
   1.995554e-02   3.251228e-03   3.288260e-03   5.781423e-02   0.000000e+00   0.000000e+00   0.000000e+00   1.395029e-02   2.531819e-02   6.973331e-08
   1.995554e-02   5.573290e-03   5.211628e-03   2.204272e-02   0.000000e+00   0.000000e+00  -0.000000e+00   7.021620e-04   4.005486e-03   4.435159e-08
   1.995554e-02   6.036548e-03   7.557090e-03   3.005305e-02   0.000000e+00   0.000000e+00  -0.000000e+00   5.978747e-03  -1.240997e-03   5.446356e-08
   1.995554e-02   9.697472e-03   1.060755e-03   2.094726e-02   0.000000e+00   0.000000e+00  -0.000000e+00   3.509510e-03   1.897077e-04   4.079694e-08
   1.995554e-02   9.031326e-03   1.604830e-02   2.736357e-02   0.000000e+00   0.000000e+00  -0.000000e+00   1.158644e-03   7.947803e-03   5.136505e-08
   1.995554e-02   2.176804e-03   1.544351e-02   1.058767e-02   0.000000e+00   0.000000e+00   0.000000e+00   1.465066e-03   5.087069e-03   2.852026e-08
   1.995554e-02   4.701305e-03   1.251668e-02   1.816482e-02   0.000000e+00   0.000000e+00   0.000000e+00   7.342797e-03  -5.345418e-03   4.024657e-08
   1.995554e-02   3.522464e-03   1.088524e-02   2.897507e-02   0.000000e+00   0.000000e+00  -0.000000e+00   4.953205e-03   2.589493e-03   5.458400e-08
   1.995554e-02   6.729386e-03   1.045650e-02   1.063428e-02   0.000000e+00   0.000000e+00  -0.000000e+00  -7.130436e-05   2.321240e-04   2.139765e-08
   1.995554e-02   1.885445e-02   1.165089e-03   8.638229e-03   0.000000e+00   0.000000e+00  -0.000000e+00   1.903259e-03  -1.436719e-03   3.013301e-08
   1.995554e-02   1.707213e-02   4.653380e-03   3.609729e-03   0.000000e+00   0.000000e+00   0.000000e+00  -9.733861e-04   1.519887e-03   1.703315e-08
   1.995554e-02   1.811674e-02   6.535639e-03   5.896176e-03   0.000000e+00   0.000000e+00  -0.000000e+00  -2.529861e-04   1.488990e-03   1.774138e-08
   1.995554e-02   1.237302e-02   3.917712e-03   1.033472e-02   0.000000e+00   0.000000e+00  -0.000000e+00   7.649588e-04  -4.594347e-03   2.562952e-08
   1.995554e-02   1.213945e-02   6.949851e-04   2.081551e-03   0.000000e+00   0.000000e+00  -0.000000e+00   7.810216e-04   5.579949e-04   1.264803e-08
   1.995554e-02   1.558340e-02   1.517181e-02   2.178321e-03   0.000000e+00   0.000000e+00  -0.000000e+00   2.549163e-04   3.461386e-04   1.011249e-08
                                                2.593214e-01   0.000000e+00   0.000000e+00   0.000000e+00   4.146690e-02   3.666541e-02   3.458377e-08

              3
             15
          pos_x          pos_y          pos_z       normal_x       normal_y       normal_z        tangt_x        tangt_y        tangt_z          pentr
   2.235910e-03   1.680819e-05   9.551081e-04   0.000000e+00  -6.745534e-03   0.000000e+00   2.347827e-03  -0.000000e+00   5.827094e-04   2.501709e-08
   6.142117e-03   1.680819e-05   9.669732e-04   0.000000e+00  -2.305212e-02   0.000000e+00   2.455003e-03  -0.000000e+00  -6.588234e-03   5.360037e-08
   6.425165e-04   1.680819e-05   1.847057e-03   0.000000e+00  -3.516897e-02   0.000000e+00   1.544962e-02  -0.000000e+00  -5.627045e-03   8.507918e-08
   2.094008e-03   1.680819e-05   3.522748e-03   0.000000e+00  -1.044053e-02   0.000000e+00  -1.659211e-04  -0.000000e+00   4.106960e-04   2.816556e-08
   9.640126e-03   1.680819e-05   1.403897e-03   0.000000e+00  -1.760233e-02   0.000000e+00  -6.980231e-03  -0.000000e+00  -1.859419e-03   4.274306e-08
   8.237231e-03   1.680819e-05   1.238844e-02   0.000000e+00  -2.206144e-02   0.000000e+00   2.237406e-03  -0.000000e+00   6.697929e-03   4.265824e-08
   5.736354e-03   1.680819e-05   1.094564e-02   0.000000e+00  -2.252814e-02   0.000000e+00   5.599521e-03  -0.000000e+00  -1.782825e-03   5.494396e-08
   1.760100e-02   1.680819e-05   1.831424e-03   0.000000e+00  -7.185854e-02   0.000000e+00   5.330504e-03  -0.000000e+00   1.895323e-02   9.473494e-08
   1.726533e-02   1.680819e-05   4.678199e-03   0.000000e+00  -2.383850e-02   0.000000e+00  -2.320798e-03  -0.000000e+00   2.822845e-03   4.300930e-08
   1.287702e-02   1.680819e-05   5.076585e-03   0.000000e+00  -1.992364e-03   0.000000e+00  -6.608706e-04  -0.000000e+00   1.742511e-04   9.396376e-09
   1.015699e-02   1.680819e-05   1.052097e-02   0.000000e+00  -2.011512e-02   0.000000e+00   1.935553e-03  -0.000000e+00   1.253769e-03   4.417432e-08
   1.737992e-02   1.680819e-05   1.542030e-02   0.000000e+00  -8.333478e-03   0.000000e+00  -3.667608e-03   0.000000e+00   1.977464e-03   2.151779e-08
   1.433993e-02   1.680819e-05   1.426397e-02   0.000000e+00  -4.691875e-02   0.000000e+00   1.558616e-02  -0.000000e+00  -1.252938e-03   7.827479e-08
   1.598746e-02   1.680819e-05   1.258161e-02   0.000000e+00  -9.921885e-03   0.000000e+00  -1.454139e-03  -0.000000e+00   1.543563e-03   2.513877e-08
   1.294564e-02   1.680819e-05   1.197550e-02   0.000000e+00  -4.356913e-02   0.000000e+00   4.367536e-03  -0.000000e+00   6.944272e-03   8.717512e-08
                                                0.000000e+00  -3.641468e-01   0.000000e+00   4.005956e-02   0.000000e+00   2.425026e-02   4.904193e-08

              4
             13
          pos_x          pos_y          pos_z       normal_x       normal_y       normal_z        tangt_x        tangt_y        tangt_z          pentr
   1.717964e-03   1.998617e-02   2.488359e-03   0.000000e+00   3.234694e-02   0.000000e+00   8.773424e-03  -0.000000e+00   6.208644e-03   5.344169e-08
   3.790430e-03   1.998617e-02   3.997559e-03   0.000000e+00   5.068954e-03   0.000000e+00   1.266739e-03  -0.000000e+00  -4.985084e-04   1.502478e-08
   9.879290e-03   1.998617e-02   7.033795e-03   0.000000e+00   1.791582e-02   0.000000e+00   5.430112e-03  -0.000000e+00   3.896319e-03   4.130475e-08
   1.663521e-03   1.998617e-02   4.803693e-03   0.000000e+00   8.413410e-03   0.000000e+00   1.622352e-04  -0.000000e+00  -9.298457e-04   2.704678e-08
   4.850179e-03   1.998617e-02   1.233494e-03   0.000000e+00   8.177329e-03   0.000000e+00   1.199311e-03  -0.000000e+00   9.537434e-05   2.187601e-08
   5.977460e-03   1.998617e-02   1.738665e-02   0.000000e+00   7.829425e-02   0.000000e+00  -1.147145e-02  -0.000000e+00  -1.486434e-02   1.079882e-07
   2.289615e-03   1.998617e-02   1.535278e-02   0.000000e+00   6.125590e-02   0.000000e+00   9.000425e-03  -0.000000e+00  -2.372719e-02   7.854128e-08
   1.660223e-03   1.998617e-02   1.108582e-02   0.000000e+00   2.513485e-02   0.000000e+00   1.065875e-03  -0.000000e+00  -1.885733e-03   5.033092e-08
   3.961114e-03   1.998617e-02   9.462229e-03   0.000000e+00   4.458321e-02   0.000000e+00   1.783614e-02  -0.000000e+00  -9.759704e-03   5.417619e-08
   1.813891e-02   1.998617e-02   5.426106e-03   0.000000e+00   4.128191e-02   0.000000e+00   8.885052e-03  -0.000000e+00   2.785813e-04   7.509666e-08
   1.749798e-02   1.998617e-02   2.725546e-03   0.000000e+00   1.600290e-02   0.000000e+00  -2.561243e-03  -0.000000e+00  -3.407096e-03   3.704719e-08
   1.551513e-02   1.998617e-02   7.665018e-03   0.000000e+00   2.748590e-03   0.000000e+00   8.536624e-04  -0.000000e+00  -1.216737e-04   1.196425e-08
   1.221497e-02   1.998617e-02   1.409753e-02   0.000000e+00   4.160895e-03   0.000000e+00   6.632983e-04  -0.000000e+00   1.178518e-03   1.702005e-08
                                                0.000000e+00   3.453850e-01   0.000000e+00   4.110359e-02   0.000000e+00  -4.353665e-02   4.545067e-08

              5
             20
          pos_x          pos_y          pos_z       normal_x       normal_y       normal_z        tangt_x        tangt_y        tangt_z          pentr
   2.218923e-03   1.552069e-03   3.222046e-06   0.000000e+00   0.000000e+00  -4.707652e-03   7.938539e-04   1.040329e-03  -0.000000e+00   1.423874e-08
   3.377067e-03   3.020218e-03   3.222046e-06   0.000000e+00   0.000000e+00  -1.722284e-02   1.675257e-03   7.706972e-04  -0.000000e+00   4.807276e-08
   4.988423e-03   3.706060e-03   3.222046e-06   0.000000e+00   0.000000e+00  -2.193034e-02  -2.143295e-03   3.847853e-04  -0.000000e+00   4.741670e-08
   8.474751e-03   5.186496e-03   3.222046e-06   0.000000e+00   0.000000e+00  -7.707505e-02   4.654025e-03  -1.056941e-02  -0.000000e+00   9.643058e-08
   8.302832e-03   8.007360e-03   3.222046e-06   0.000000e+00   0.000000e+00  -2.468357e-02   5.677999e-03   1.095810e-02   0.000000e+00   4.413574e-08
   1.099886e-03   1.844579e-02   3.222046e-06   0.000000e+00   0.000000e+00  -5.411695e-02   2.765906e-03  -6.430029e-04  -0.000000e+00   7.474036e-08
   4.054910e-03   1.872897e-02   3.222046e-06   0.000000e+00   0.000000e+00  -2.116449e-04   1.002222e-04  -3.396919e-05   0.000000e+00   1.940398e-09
   2.324422e-03   1.685255e-02   3.222046e-06   0.000000e+00   0.000000e+00  -2.209885e-02   1.502967e-03  -8.373929e-04  -0.000000e+00   5.207182e-08
   3.085580e-03   1.264245e-02   3.222046e-06   0.000000e+00   0.000000e+00  -3.206539e-02   5.049588e-03  -7.353685e-03  -0.000000e+00   5.821761e-08
   9.569442e-03   1.895882e-02   3.222046e-06   0.000000e+00   0.000000e+00  -7.705539e-07   2.986173e-08   3.841180e-07   0.000000e+00   6.373342e-11
   4.809046e-03   1.155773e-02   3.222046e-06   0.000000e+00   0.000000e+00  -1.574553e-02   7.265123e-03  -2.795651e-03  -0.000000e+00   4.284570e-08
   8.826171e-03   1.348619e-02   3.222046e-06   0.000000e+00   0.000000e+00  -6.022792e-04   2.868221e-05  -1.230257e-04  -0.000000e+00   3.808476e-09
   1.700317e-02   1.931669e-03   3.222046e-06   0.000000e+00   0.000000e+00  -7.427780e-02  -2.589420e-02   2.020119e-02  -0.000000e+00   9.662719e-08
   1.547442e-02   4.835606e-03   3.222046e-06   0.000000e+00   0.000000e+00  -4.495959e-05   9.046591e-06   2.057913e-05   0.000000e+00   8.314784e-10
   1.243953e-02   1.725716e-03   3.222046e-06   0.000000e+00   0.000000e+00  -1.268714e-02   7.919406e-04   6.293943e-03   0.000000e+00   3.119679e-08
   1.337571e-02   9.117955e-03   3.222046e-06   0.000000e+00   0.000000e+00  -5.062404e-03  -4.211380e-04   1.702716e-03  -0.000000e+00   1.755946e-08
   1.883647e-02   9.206276e-03   3.222046e-06   0.000000e+00   0.000000e+00  -7.382600e-03  -2.044793e-03   3.073193e-03   0.000000e+00   1.926587e-08
   1.872418e-02   1.896585e-02   3.222046e-06   0.000000e+00   0.000000e+00  -7.147888e-03  -2.270205e-03   1.358259e-03  -0.000000e+00   2.556543e-08
   1.890880e-02   1.184696e-02   3.222046e-06   0.000000e+00   0.000000e+00  -3.834666e-03  -5.798860e-04   8.614946e-04  -0.000000e+00   1.422147e-08
   1.125409e-02   1.101291e-02   3.222046e-06   0.000000e+00   0.000000e+00  -2.247840e-02  -5.523343e-04   8.827557e-03  -0.000000e+00   3.485734e-08
                                                0.000000e+00   0.000000e+00  -4.033767e-01  -3.591215e-03   3.313709e-02   0.000000e+00   3.620538e-08

              6
              8
          pos_x          pos_y          pos_z       normal_x       normal_y       normal_z        tangt_x        tangt_y        tangt_z          pentr
   1.696644e-03   8.694956e-03   1.832813e-02   0.000000e+00   0.000000e+00   8.017268e-03   1.507116e-03  -3.583152e-04  -0.000000e+00   1.832389e-08
   3.371868e-03   1.582341e-02   1.832813e-02   0.000000e+00   0.000000e+00   1.535448e-01   1.207813e-02  -1.225741e-02  -0.000000e+00   1.211530e-07
   6.396388e-03   1.887380e-02   1.832813e-02   0.000000e+00   0.000000e+00   7.355621e-02   1.978923e-02  -2.141210e-02  -0.000000e+00   9.328047e-08
   1.591773e-02   7.472074e-03   1.832813e-02   0.000000e+00   0.000000e+00   1.275030e-03  -1.678556e-04  -2.459288e-04  -0.000000e+00   5.583336e-09
   1.401377e-02   4.623106e-03   1.832813e-02   0.000000e+00   0.000000e+00   9.177439e-02   1.163781e-02   2.147543e-02  -0.000000e+00   1.185916e-07
   1.206152e-02   8.235787e-03   1.832813e-02   0.000000e+00   0.000000e+00   5.631283e-02   5.844610e-04   6.502608e-04  -0.000000e+00   7.654789e-08
   1.225775e-02   1.383021e-02   1.832813e-02   0.000000e+00   0.000000e+00   1.657078e-03   2.902890e-05  -2.085870e-05  -0.000000e+00   9.862253e-09
   1.525606e-02   1.530111e-02   1.832813e-02   0.000000e+00   0.000000e+00   3.972387e-04   4.876351e-05   1.788937e-04  -0.000000e+00   2.957474e-09
                                                0.000000e+00   0.000000e+00   3.865348e-01   4.550668e-02  -1.199003e-02   0.000000e+00   5.578749e-08

