              6

              1
             16
          pos_x          pos_y          pos_z       normal_x       normal_y       normal_z        tangt_x        tangt_y        tangt_z          pentr
  -4.095313e-06   8.990794e-03   1.304334e-03  -1.766810e-02   0.000000e+00   0.000000e+00   0.000000e+00  -6.966888e-03  -5.431663e-03   3.371275e-08
  -4.095313e-06   9.931808e-04   2.076274e-03  -9.378003e-03   0.000000e+00   0.000000e+00  -0.000000e+00  -1.466160e-03  -1.829094e-03   2.572541e-08
  -4.095313e-06   5.956692e-03   2.734163e-03  -1.306332e-02   0.000000e+00   0.000000e+00  -0.000000e+00  -1.502990e-03   3.781684e-04   3.340039e-08
  -4.095313e-06   2.704243e-03   4.677920e-03  -3.995004e-02   0.000000e+00   0.000000e+00  -0.000000e+00  -3.989806e-03  -3.486880e-03   6.868884e-08
  -4.095313e-06   5.008627e-03   7.320989e-03  -7.588051e-02   0.000000e+00   0.000000e+00  -0.000000e+00   3.754199e-03  -1.066183e-02   1.028771e-07
  -4.095313e-06   8.167427e-03   1.511245e-02  -5.593341e-02   0.000000e+00   0.000000e+00  -0.000000e+00  -5.992589e-03  -1.536437e-03   9.430146e-08
  -4.095313e-06   4.347183e-03   1.275553e-02  -6.122836e-02   0.000000e+00   0.000000e+00  -0.000000e+00  -9.818636e-04  -3.229388e-03   8.402188e-08
  -4.095313e-06   1.826985e-02   7.068077e-03  -1.902072e-02   0.000000e+00   0.000000e+00  -0.000000e+00  -1.638816e-03  -4.706587e-03   4.596500e-08
  -4.095313e-06   1.392947e-02   2.738169e-03  -5.476916e-03   0.000000e+00   0.000000e+00  -0.000000e+00   5.319184e-04  -2.656404e-03   1.621621e-08
  -4.095313e-06   1.157590e-02   7.420529e-03  -8.160498e-02   0.000000e+00   0.000000e+00  -0.000000e+00  -4.052085e-02   2.087484e-03   1.237885e-07
  -4.095313e-06   1.183407e-02   9.112017e-03  -1.180511e-01   0.000000e+00   0.000000e+00  -0.000000e+00  -3.883104e-02  -3.996920e-03   1.855538e-07
  -4.095313e-06   1.046753e-02   1.477759e-02  -5.261268e-05   0.000000e+00   0.000000e+00   0.000000e+00   2.601581e-05  -3.898849e-06   8.393060e-10
  -4.095313e-06   1.158929e-02   1.289260e-02  -2.586234e-02   0.000000e+00   0.000000e+00   0.000000e+00   3.471710e-03   1.245642e-02   4.670665e-08
  -4.095313e-06   1.444372e-02   1.209055e-02  -8.928093e-02   0.000000e+00   0.000000e+00   0.000000e+00   1.164050e-03  -4.462529e-02   1.184102e-07
  -4.095313e-06   1.678680e-02   1.199551e-02  -7.474898e-03   0.000000e+00   0.000000e+00   0.000000e+00  -6.851444e-04  -3.674113e-03   2.211435e-08
  -4.095313e-06   1.022793e-02   9.545169e-03  -7.365707e-03   0.000000e+00   0.000000e+00  -0.000000e+00   4.191965e-05   3.681618e-04   2.170937e-08
                                               -6.272919e-01   0.000000e+00   0.000000e+00   0.000000e+00  -9.358634e-02  -7.054827e-02   6.400195e-08

              2
             14
          pos_x          pos_y          pos_z       normal_x       normal_y       normal_z        tangt_x        tangt_y        tangt_z          pentr
   1.998139e-02   3.235685e-03   3.287752e-03   5.298974e-02   0.000000e+00   0.000000e+00  -0.000000e+00  -2.181369e-02   3.857427e-03   6.586138e-08
   1.998139e-02   5.553620e-03   5.206882e-03   2.913239e-02   0.000000e+00   0.000000e+00  -0.000000e+00  -7.998558e-03  -8.123724e-03   5.340005e-08
   1.998139e-02   6.037932e-03   7.546955e-03   3.342730e-02   0.000000e+00   0.000000e+00  -0.000000e+00   8.296440e-03  -8.527720e-03   5.849249e-08
   1.998139e-02   8.883514e-03   2.700371e-03   4.530550e-04   0.000000e+00   0.000000e+00   0.000000e+00  -6.889365e-05  -2.157971e-04   3.966474e-09
   1.998139e-02   9.698145e-03   1.069828e-03   6.093610e-03   0.000000e+00   0.000000e+00  -0.000000e+00   2.444745e-03  -1.735874e-05   1.790259e-08
   1.998139e-02   9.056246e-03   1.596305e-02   1.989871e-02   0.000000e+00   0.000000e+00  -0.000000e+00   1.274394e-03   1.263425e-03   4.178895e-08
   1.998139e-02   5.286786e-03   1.593128e-02   2.813571e-02   0.000000e+00   0.000000e+00  -0.000000e+00  -5.051673e-03   6.685002e-03   5.078195e-08
   1.998139e-02   4.691876e-03   1.247250e-02   1.395805e-02   0.000000e+00   0.000000e+00  -0.000000e+00   4.123944e-04  -2.685312e-04   3.400269e-08
   1.998139e-02   3.476574e-03   1.087464e-02   2.417633e-02   0.000000e+00   0.000000e+00  -0.000000e+00   3.668950e-03   2.025340e-03   4.843717e-08
   1.998139e-02   6.714441e-03   1.044825e-02   5.682820e-02   0.000000e+00   0.000000e+00  -0.000000e+00  -6.678919e-04  -5.413103e-03   6.544615e-08
   1.998139e-02   1.122962e-03   9.267947e-03   3.081567e-02   0.000000e+00   0.000000e+00  -0.000000e+00  -3.184238e-03  -6.982246e-03   6.021795e-08
   1.998139e-02   1.707783e-02   4.573302e-03   6.289816e-03   0.000000e+00   0.000000e+00   0.000000e+00  -1.655121e-03   2.674139e-03   2.532195e-08
   1.998139e-02   1.237442e-02   3.889602e-03   6.025717e-03   0.000000e+00   0.000000e+00   0.000000e+00  -1.160415e-03  -2.780424e-03   1.789812e-08
   1.998139e-02   1.275677e-02   1.216541e-02   7.379344e-03   0.000000e+00   0.000000e+00   0.000000e+00   3.654400e-03  -5.089563e-04   2.279201e-08
                                                3.156037e-01   0.000000e+00   0.000000e+00   0.000000e+00  -2.184915e-02  -1.633253e-02   4.045071e-08

              3
             17
          pos_x          pos_y          pos_z       normal_x       normal_y       normal_z        tangt_x        tangt_y        tangt_z          pentr
   2.221161e-03   4.182227e-06   9.386178e-04   0.000000e+00  -1.045886e-03   0.000000e+00  -3.907808e-04  -0.000000e+00  -3.007245e-04   7.219073e-09
   6.158002e-03   4.182227e-06   9.635060e-04   0.000000e+00  -1.465537e-02   0.000000e+00  -3.501063e-03  -0.000000e+00  -2.181429e-03   3.958866e-08
   6.181170e-04   4.182227e-06   1.838197e-03   0.000000e+00  -1.330700e-02   0.000000e+00  -3.600930e-03   0.000000e+00  -5.594849e-03   4.459519e-08
   3.901128e-03   4.182227e-06   1.921838e-03   0.000000e+00  -3.145715e-03   0.000000e+00  -4.237582e-04  -0.000000e+00   4.007385e-05   1.259845e-08
   2.090185e-03   4.182227e-06   3.494259e-03   0.000000e+00  -5.146227e-03   0.000000e+00  -1.797196e-04  -0.000000e+00  -2.464596e-05   1.757887e-08
   7.850105e-03   4.182227e-06   6.320160e-03   0.000000e+00  -2.023015e-02   0.000000e+00   6.917707e-03  -0.000000e+00   3.365767e-03   4.036201e-08
   9.660195e-03   4.182227e-06   1.393718e-03   0.000000e+00  -1.022588e-02   0.000000e+00  -1.768520e-03  -0.000000e+00  -2.254225e-03   2.975732e-08
   4.914743e-03   4.182227e-06   1.296659e-02   0.000000e+00  -1.132985e-02   0.000000e+00  -2.349733e-03  -0.000000e+00   4.019711e-04   3.206248e-08
   5.733377e-03   4.182227e-06   1.090539e-02   0.000000e+00  -2.834737e-02   0.000000e+00   7.282414e-03  -0.000000e+00  -2.330141e-03   6.403626e-08
   1.762017e-02   4.182227e-06   1.821488e-03   0.000000e+00  -2.697853e-02   0.000000e+00  -3.647039e-03  -0.000000e+00  -1.155115e-02   4.944315e-08
   1.729836e-02   4.182227e-06   4.665152e-03   0.000000e+00  -5.048061e-02   0.000000e+00   1.574412e-02  -0.000000e+00  -1.878351e-02   7.124463e-08
   1.276910e-02   4.182227e-06   1.471245e-03   0.000000e+00  -8.362674e-03   0.000000e+00   2.541330e-03  -0.000000e+00   1.513081e-03   2.537006e-08
   1.017954e-02   4.182227e-06   1.052198e-02   0.000000e+00  -7.385436e-02   0.000000e+00  -2.323133e-02  -0.000000e+00   4.200136e-03   1.051456e-07
   1.434936e-02   4.182227e-06   1.428560e-02   0.000000e+00  -1.690174e-01   0.000000e+00   5.128298e-03  -0.000000e+00  -5.025470e-02   1.835671e-07
   1.601470e-02   4.182227e-06   1.258366e-02   0.000000e+00  -3.342903e-02   0.000000e+00   1.348278e-02  -0.000000e+00   4.729862e-03   5.658661e-08
   1.295004e-02   4.182227e-06   1.199668e-02   0.000000e+00  -3.992631e-02   0.000000e+00  -9.862382e-04  -0.000000e+00  -1.501884e-02   8.221528e-08
   1.859476e-02   4.182227e-06   9.271599e-03   0.000000e+00  -1.548688e-02   0.000000e+00  -1.928582e-03  -0.000000e+00  -2.874549e-03   3.215762e-08
                                                0.000000e+00  -5.249692e-01   0.000000e+00   9.088955e-03   0.000000e+00  -9.691787e-02   5.256049e-08

              4
             12
          pos_x          pos_y          pos_z       normal_x       normal_y       normal_z        tangt_x        tangt_y        tangt_z          pentr
   1.760549e-03   2.000168e-02   2.462667e-03   0.000000e+00   3.650893e-03   0.000000e+00  -1.113788e-03   0.000000e+00  -1.446282e-03   1.253539e-08
   6.365630e-03   2.000168e-02   6.162755e-03   0.000000e+00   1.390702e-02   0.000000e+00   1.120342e-03  -0.000000e+00  -4.383611e-03   3.324930e-08
   9.296685e-03   2.000168e-02   1.252104e-03   0.000000e+00   2.312476e-02   0.000000e+00   3.930389e-03  -0.000000e+00  -1.389863e-03   5.392307e-08
   5.949789e-03   2.000168e-02   1.745503e-02   0.000000e+00   9.220872e-02   0.000000e+00   5.921493e-03  -0.000000e+00  -2.749510e-02   1.205943e-07
   7.769530e-03   2.000168e-02   1.591075e-02   0.000000e+00   5.844611e-02   0.000000e+00   2.062781e-02   0.000000e+00  -2.069976e-02   1.072004e-07
   2.293625e-03   2.000168e-02   1.542896e-02   0.000000e+00   6.252409e-02   0.000000e+00   1.140334e-03  -0.000000e+00  -1.815882e-02   8.029374e-08
   3.826387e-03   2.000168e-02   9.457946e-03   0.000000e+00   1.201699e-02   0.000000e+00  -2.750415e-03   0.000000e+00  -5.342025e-03   2.246953e-08
   8.308831e-03   2.000168e-02   9.444914e-03   0.000000e+00   1.774773e-02   0.000000e+00  -1.411731e-03  -0.000000e+00   5.884596e-03   3.518167e-08
   1.809676e-02   2.000168e-02   5.378013e-03   0.000000e+00   3.349292e-02   0.000000e+00   8.455971e-03  -0.000000e+00   3.374573e-03   6.478061e-08
   1.747916e-02   2.000168e-02   2.734945e-03   0.000000e+00   1.018130e-02   0.000000e+00  -1.684469e-03  -0.000000e+00  -3.255608e-03   2.756094e-08
   1.446909e-02   2.000168e-02   9.943588e-03   0.000000e+00   3.479115e-02   0.000000e+00   1.727892e-02   0.000000e+00   2.011211e-03   6.671126e-08
   1.206095e-02   2.000168e-02   1.146519e-02   0.000000e+00   2.309922e-02   0.000000e+00   9.161030e-03  -0.000000e+00  -7.674521e-04   3.931265e-08
                                                0.000000e+00   3.851909e-01   0.000000e+00   6.067589e-02   0.000000e+00  -7.166815e-02   5.531774e-08

              5
             14
          pos_x          pos_y          pos_z       normal_x       normal_y       normal_z        tangt_x        tangt_y        tangt_z          pentr
   4.255370e-03   1.297454e-03  -3.386523e-06   0.000000e+00   0.000000e+00  -9.831950e-03  -7.517184e-04  -2.655860e-03  -0.000000e+00   2.631260e-08
   5.002496e-03   3.622346e-03  -3.386523e-06   0.000000e+00   0.000000e+00  -1.900823e-02  -9.032343e-03  -2.957187e-03   0.000000e+00   4.286927e-08
   8.454094e-03   5.130572e-03  -3.386523e-06   0.000000e+00   0.000000e+00  -8.802701e-02  -7.599409e-03  -3.293600e-02  -0.000000e+00   1.063118e-07
   8.273543e-03   7.965696e-03  -3.386523e-06   0.000000e+00   0.000000e+00  -5.099814e-02   3.914950e-03   2.433782e-03  -0.000000e+00   7.139585e-08
   9.310136e-03   2.227295e-03  -3.386523e-06   0.000000e+00   0.000000e+00  -1.322250e-02  -1.289963e-03  -8.152520e-04  -0.000000e+00   2.569797e-08
   3.112654e-03   1.262594e-02  -3.386523e-06   0.000000e+00   0.000000e+00  -1.587932e-01   3.214569e-03   4.177015e-02  -0.000000e+00   1.691587e-07
   2.460123e-03   1.447931e-02  -3.386523e-06   0.000000e+00   0.000000e+00  -8.030522e-02   1.662503e-02   2.577128e-02  -0.000000e+00   1.055928e-07
   9.413630e-03   1.898043e-02  -3.386523e-06   0.000000e+00   0.000000e+00  -9.446215e-03   4.049986e-03   2.430095e-03   0.000000e+00   3.420586e-08
   8.784789e-03   1.347291e-02  -3.386523e-06   0.000000e+00   0.000000e+00  -1.105083e-03  -3.856936e-05  -1.004264e-04  -0.000000e+00   5.730701e-09
   1.702431e-02   1.922876e-03  -3.386523e-06   0.000000e+00   0.000000e+00  -3.120785e-02  -9.777239e-03  -5.997673e-03  -0.000000e+00   5.423016e-08
   1.547729e-02   4.833002e-03  -3.386523e-06   0.000000e+00   0.000000e+00  -3.822540e-03   8.924445e-04  -1.243937e-03  -0.000000e+00   1.608073e-08
   1.338708e-02   9.095389e-03  -3.386523e-06   0.000000e+00   0.000000e+00  -7.475629e-02  -1.271966e-02  -1.516855e-03  -0.000000e+00   1.058180e-07
   1.090094e-02   6.094511e-03  -3.386523e-06   0.000000e+00   0.000000e+00  -2.546977e-02  -6.503631e-04   1.970126e-03  -0.000000e+00   4.587596e-08
   1.121449e-02   1.088927e-02  -3.386523e-06   0.000000e+00   0.000000e+00  -3.341371e-02   1.969864e-03   5.068619e-04  -0.000000e+00   4.554452e-08
                                                0.000000e+00   0.000000e+00  -5.994077e-01  -1.119242e-02   2.665911e-02   0.000000e+00   6.105892e-08

              6
              4
          pos_x          pos_y          pos_z       normal_x       normal_y       normal_z        tangt_x        tangt_y        tangt_z          pentr
   3.379616e-03   1.577758e-02   1.839827e-02   0.000000e+00   0.000000e+00   1.156905e-01   4.476596e-02   3.070342e-02  -0.000000e+00   1.002821e-07
   6.370258e-03   1.888626e-02   1.839827e-02   0.000000e+00   0.000000e+00   4.956109e-02   1.175759e-03  -1.250047e-03  -0.000000e+00   7.173711e-08
   1.402613e-02   4.574887e-03   1.839827e-02   0.000000e+00   0.000000e+00   1.000830e-01   5.974310e-03   1.089538e-02  -0.000000e+00   1.262428e-07
   1.207121e-02   8.186560e-03   1.839827e-02   0.000000e+00   0.000000e+00   4.491323e-02   3.040522e-03   2.224983e-02   0.000000e+00   6.591081e-08
                                                0.000000e+00   0.000000e+00   3.102478e-01   5.495655e-02   6.259859e-02   0.000000e+00   9.104320e-08

