   9.255254e-06   8.454267e-06   9.793212e-06   1.999084e-02   1.999063e-02   1.906321e-02

              6

              1              0
              1  -1.000000e+00   0.000000e+00   0.000000e+00   9.255254e-06   1.000000e-02   1.000000e-02

              1              0
              2   1.000000e+00   0.000000e+00   0.000000e+00   1.999084e-02   1.000000e-02   1.000000e-02

              1              0
              3   0.000000e+00  -1.000000e+00   0.000000e+00   1.000000e-02   8.454267e-06   1.000000e-02

              1              0
              4   0.000000e+00   1.000000e+00   0.000000e+00   1.000000e-02   1.999063e-02   1.000000e-02

              1              0
              5   0.000000e+00   0.000000e+00  -1.000000e+00   1.000000e-02   1.000000e-02   9.793212e-06

              1              0
              6   0.000000e+00   0.000000e+00   1.000000e+00   1.000000e-02   1.000000e-02   1.906321e-02
