              6

              1
              6
          pos_x          pos_y          pos_z       normal_x       normal_y       normal_z        tangt_x        tangt_y        tangt_z          pentr
  -6.506519e-06   9.880215e-04   2.087670e-03  -2.813694e-02   0.000000e+00   0.000000e+00  -0.000000e+00  -6.047029e-03   5.265570e-03   5.360919e-08
  -6.506519e-06   4.043159e-03   2.207413e-03  -5.348495e-03   0.000000e+00   0.000000e+00  -0.000000e+00  -5.760431e-04   2.133160e-03   1.786578e-08
  -6.506519e-06   5.672757e-03   4.907077e-03  -5.103257e-03   0.000000e+00   0.000000e+00   0.000000e+00   2.551057e-03  -5.401004e-05   1.582974e-08
  -6.506519e-06   1.525292e-02   7.077401e-03  -4.805001e-03   0.000000e+00   0.000000e+00   0.000000e+00  -1.618376e-03  -1.775632e-03   1.680254e-08
  -6.506519e-06   1.045641e-02   1.475780e-02  -1.633412e-03   0.000000e+00   0.000000e+00  -0.000000e+00  -2.113790e-04   6.917115e-04   8.308247e-09
  -6.506519e-06   1.677445e-02   1.190381e-02  -1.638475e-02   0.000000e+00   0.000000e+00  -0.000000e+00  -4.381849e-03  -5.809622e-03   3.759334e-08
                                               -6.141185e-02   0.000000e+00   0.000000e+00   0.000000e+00  -1.028362e-02   4.511775e-04   2.500147e-08

              2
              6
          pos_x          pos_y          pos_z       normal_x       normal_y       normal_z        tangt_x        tangt_y        tangt_z          pentr
   1.997515e-02   3.230914e-03   3.279601e-03   3.023376e-02   0.000000e+00   0.000000e+00  -0.000000e+00   2.159241e-03   6.570467e-03   4.527842e-08
   1.997515e-02   8.493473e-03   5.750093e-03   2.946086e-03   0.000000e+00   0.000000e+00  -0.000000e+00   5.929084e-04   5.956301e-04   1.040410e-08
   1.997515e-02   9.685226e-03   1.058857e-03   1.838432e-03   0.000000e+00   0.000000e+00  -0.000000e+00  -2.361205e-04  -3.571321e-04   8.059120e-09
   1.997515e-02   3.496896e-03   1.086898e-02   1.146319e-03   0.000000e+00   0.000000e+00  -0.000000e+00   4.928368e-04   6.284687e-05   6.347601e-09
   1.997515e-02   1.814259e-02   6.370783e-03   1.617754e-04   0.000000e+00   0.000000e+00  -0.000000e+00  -1.725596e-05   6.228552e-05   1.638949e-09
   1.997515e-02   1.236628e-02   3.895446e-03   7.764391e-04   0.000000e+00   0.000000e+00   0.000000e+00   7.684178e-05  -3.805388e-04   4.564578e-09
                                                3.710281e-02   0.000000e+00   0.000000e+00   0.000000e+00   3.068451e-03   6.553559e-03   1.271546e-08

              3
              9
          pos_x          pos_y          pos_z       normal_x       normal_y       normal_z        tangt_x        tangt_y        tangt_z          pentr
   6.152885e-03   1.177328e-06   9.594709e-04   0.000000e+00  -7.755576e-03   0.000000e+00  -1.150607e-03  -0.000000e+00   8.677427e-04   2.590146e-08
   3.899174e-03   1.177328e-06   1.916785e-03   0.000000e+00  -7.013738e-03   0.000000e+00   2.064505e-03  -0.000000e+00   2.062973e-03   2.149952e-08
   2.086221e-03   1.177328e-06   3.504588e-03   0.000000e+00  -9.628339e-03   0.000000e+00  -1.046257e-03  -0.000000e+00   1.351194e-03   2.666192e-08
   4.907753e-03   1.177328e-06   1.295428e-02   0.000000e+00  -4.897337e-03   0.000000e+00  -1.888660e-03  -0.000000e+00   3.546999e-04   1.835435e-08
   1.761492e-02   1.177328e-06   1.817583e-03   0.000000e+00  -1.397364e-02   0.000000e+00  -7.942333e-04  -0.000000e+00   3.206362e-03   3.185992e-08
   1.729202e-02   1.177328e-06   4.661715e-03   0.000000e+00  -1.887639e-03   0.000000e+00  -8.437209e-04   0.000000e+00   4.230013e-04   7.952365e-09
   1.506033e-02   1.177328e-06   2.830188e-03   0.000000e+00  -1.590691e-02   0.000000e+00  -6.240405e-04  -0.000000e+00   2.009152e-03   3.381897e-08
   1.276769e-02   1.177328e-06   1.467019e-03   0.000000e+00  -1.420333e-03   0.000000e+00  -4.574710e-04  -0.000000e+00  -1.597454e-04   7.778957e-09
   1.017916e-02   1.177328e-06   1.051644e-02   0.000000e+00  -1.135368e-02   0.000000e+00   8.036916e-04  -0.000000e+00   1.826699e-04   3.016589e-08
                                                0.000000e+00  -7.383719e-02   0.000000e+00  -3.936793e-03   0.000000e+00   1.029805e-02   2.266593e-08

              4
              7
          pos_x          pos_y          pos_z       normal_x       normal_y       normal_z        tangt_x        tangt_y        tangt_z          pentr
   7.789513e-03   2.000474e-02   1.587650e-02   0.000000e+00   4.869130e-03   0.000000e+00   1.469304e-03  -0.000000e+00  -1.409793e-03   2.049051e-08
   2.285362e-03   2.000474e-02   1.537996e-02   0.000000e+00   1.686184e-02   0.000000e+00   1.890721e-03  -0.000000e+00   6.073312e-03   3.331701e-08
   8.331454e-03   2.000474e-02   9.418390e-03   0.000000e+00   4.167790e-03   0.000000e+00  -7.543572e-05  -0.000000e+00   3.033309e-04   1.337392e-08
   1.397812e-02   2.000474e-02   1.899949e-03   0.000000e+00   3.701752e-02   0.000000e+00   1.270697e-03  -0.000000e+00   1.223300e-02   6.320468e-08
   1.526781e-02   2.000474e-02   7.381762e-03   0.000000e+00   7.112376e-04   0.000000e+00  -9.259325e-06  -0.000000e+00  -9.033002e-05   4.789802e-09
   1.178588e-02   2.000474e-02   1.925070e-03   0.000000e+00   9.518524e-03   0.000000e+00   1.999749e-03  -0.000000e+00  -1.988519e-03   2.267464e-08
   1.210287e-02   2.000474e-02   1.146441e-02   0.000000e+00   5.399669e-03   0.000000e+00   1.174736e-03  -0.000000e+00   1.796043e-03   1.491943e-08
                                                0.000000e+00   7.854570e-02   0.000000e+00   7.720512e-03   0.000000e+00   1.691705e-02   2.468143e-08

              5
             16
          pos_x          pos_y          pos_z       normal_x       normal_y       normal_z        tangt_x        tangt_y        tangt_z          pentr
   2.204613e-03   1.525041e-03  -7.559046e-06   0.000000e+00   0.000000e+00  -1.628391e-02   6.139259e-03   3.995346e-03  -0.000000e+00   3.256391e-08
   6.322123e-03   1.404926e-03  -7.559046e-06   0.000000e+00   0.000000e+00  -4.133610e-03  -1.273778e-04   7.463837e-04  -0.000000e+00   1.307139e-08
   4.274096e-03   1.275910e-03  -7.559046e-06   0.000000e+00   0.000000e+00  -1.134944e-04   1.584124e-06  -6.344781e-06  -0.000000e+00   1.344602e-09
   4.993002e-03   3.623617e-03  -7.559046e-06   0.000000e+00   0.000000e+00  -1.368935e-03  -2.671856e-05  -2.673699e-05  -0.000000e+00   7.429304e-09
   8.457564e-03   5.134874e-03  -7.559046e-06   0.000000e+00   0.000000e+00  -2.095724e-02   2.682276e-03  -1.773617e-03  -0.000000e+00   4.074157e-08
   8.301742e-03   7.971905e-03  -7.559046e-06   0.000000e+00   0.000000e+00  -2.190563e-03   6.987879e-05   1.093050e-03   0.000000e+00   8.754816e-09
   4.029880e-03   1.873726e-02  -7.559046e-06   0.000000e+00   0.000000e+00  -1.598640e-02  -7.187295e-03  -2.711744e-03  -0.000000e+00   3.475301e-08
   6.923213e-03   1.513458e-02  -7.559046e-06   0.000000e+00   0.000000e+00  -1.161141e-03  -5.128384e-04  -2.721376e-04   0.000000e+00   6.325255e-09
   3.096229e-03   1.260449e-02  -7.559046e-06   0.000000e+00   0.000000e+00  -5.609293e-04   6.191841e-05   1.680405e-04  -0.000000e+00   3.932200e-09
   2.459395e-03   1.448224e-02  -7.559046e-06   0.000000e+00   0.000000e+00  -4.925873e-02   3.751476e-03   3.883337e-03  -0.000000e+00   7.621539e-08
   4.822850e-03   1.157354e-02  -7.559046e-06   0.000000e+00   0.000000e+00  -1.142798e-03  -5.824252e-07  -2.162942e-04  -0.000000e+00   7.447661e-09
   1.801567e-02   5.675917e-03  -7.559046e-06   0.000000e+00   0.000000e+00  -8.995829e-03  -1.829421e-03   4.109070e-03   0.000000e+00   2.409236e-08
   1.702066e-02   1.918848e-03  -7.559046e-06   0.000000e+00   0.000000e+00  -3.174998e-02  -6.665457e-03   5.208406e-03  -0.000000e+00   5.482145e-08
   1.874911e-02   1.892369e-02  -7.559046e-06   0.000000e+00   0.000000e+00  -2.410534e-05  -1.194034e-05   1.641681e-06   0.000000e+00   5.778708e-10
   1.389982e-02   1.848445e-02  -7.559046e-06   0.000000e+00   0.000000e+00  -1.291040e-02   3.973835e-03   2.199376e-04  -0.000000e+00   3.645874e-08
   1.124831e-02   1.095327e-02  -7.559046e-06   0.000000e+00   0.000000e+00  -1.789778e-03  -8.816735e-05   5.307480e-04  -0.000000e+00   6.460285e-09
                                                0.000000e+00   0.000000e+00  -1.686278e-01   2.304288e-04   1.494909e-02   0.000000e+00   2.218686e-08

              6
              1
          pos_x          pos_y          pos_z       normal_x       normal_y       normal_z        tangt_x        tangt_y        tangt_z          pentr
   1.206150e-02   8.221312e-03   1.834668e-02   0.000000e+00   0.000000e+00   5.212145e-03   9.550851e-04   1.766876e-03  -0.000000e+00   1.564832e-08
                                                0.000000e+00   0.000000e+00   5.212145e-03   9.550851e-04   1.766876e-03   0.000000e+00   1.564832e-08

