0 0 0
4.52461e-06 4.48487e-06           0
2.70672e-05 2.69875e-05           0
8.56408e-05 8.55216e-05           0
 0.00019825 0.000198091           0
0.000382887 0.000382688           0
0.000657524 0.000657285           0
0.00104011 0.00103983          0
0.00154858 0.00154826          0
0.00220081 0.00220045          0
0.00301467 0.00301427          0
0.00400798 0.00400754          0
0.00519851 0.00519803          0
0.00660398 0.00660346          0
0.00824207 0.00824151          0
0.0101304 0.0101298         0
0.0122865 0.0122859         0
0.0147279 0.0147272         0
0.0174719 0.0174712         0
 0.020536 0.0205353         0
0.0239374 0.0239366         0
0.0276933 0.0276925         0
0.0318207 0.0318199         0
0.0363367 0.0363358         0
0.0412582 0.0412572         0
0.0466019 0.0466009         0
0.0523846 0.0523836         0
0.0586229 0.0586219         0
0.0653332 0.0653322         0
 0.072532 0.0725309         0
0.0802354 0.0802342         0
0.0884595 0.0884584         0
0.0972205 0.0972193         0
0.106534 0.106533        0
0.116416 0.116415        0
0.126882  0.12688        0
0.137947 0.137946        0
0.149627 0.149625        0
0.161936 0.161935        0
0.174891 0.174889        0
0.188505 0.188503        0
0.202793 0.202791        0
 0.21777 0.217768        0
 0.23345 0.233448        0
0.249847 0.249845        0
0.266975 0.266974        0
0.284849 0.284847        0
0.303481 0.303479        0
0.322885 0.322883        0
0.343074 0.343072        0
0.364061  0.36406        0
 0.38586 0.385858        0
0.408482 0.408481        0
0.431941 0.431939        0
0.456248 0.456246        0
0.481416 0.481414        0
0.507455 0.507453        0
0.534379 0.534377        0
0.562198 0.562196        0
0.590923 0.590921        0
0.620565 0.620563        0
0.651136 0.651134        0
0.682645 0.682643        0
0.715103 0.715101        0
0.748519 0.748517        0
0.782904 0.782902        0
0.818268 0.818265        0
0.854618 0.854616        0
0.891965 0.891963        0
0.930317 0.930315        0
0.969683 0.969681        0
1.01007 1.01007       0
1.05149 1.05149       0
1.09394 1.09394       0
1.13745 1.13744       0
1.182 1.182     0
1.22761 1.22761       0
 1.2743 1.27429       0
1.32205 1.32205       0
1.37088 1.37088       0
1.4208 1.4208      0
1.47181 1.47181       0
1.52391 1.52391       0
1.57712 1.57712       0
1.63143 1.63143       0
1.68686 1.68686       0
1.7434 1.7434      0
1.80106 1.80106       0
1.85984 1.85984       0
1.91975 1.91975       0
1.98079 1.98079       0
2.04296 2.04296       0
2.10627 2.10627       0
2.17072 2.17071       0
2.2363 2.2363      0
2.30303 2.30303       0
2.3709 2.3709      0
2.43992 2.43992       0
2.51008 2.51008       0
2.58139 2.58139       0
2.65385 2.65385       0
2.72745 2.72745       0
2.8022 2.8022      0
2.8781 2.8781      0
2.95514 2.95514       0
3.03333 3.03333       0
3.11266 3.11266       0
3.19313 3.19313       0
3.27474 3.27474       0
 3.3575 3.35749       0
3.44138 3.44138       0
3.5264 3.5264      0
3.61255 3.61255       0
3.69983 3.69983       0
3.78823 3.78823       0
3.87775 3.87774       0
3.96838 3.96838       0
4.06013 4.06013       0
4.15298 4.15298       0
4.24693 4.24693       0
4.34198 4.34198       0
4.43812 4.43812       0
4.53535 4.53535       0
4.63366 4.63365       0
4.73304 4.73303       0
4.83348 4.83348       0
4.93499 4.93498       0
5.03754 5.03754       0
5.14115 5.14114       0
5.24579 5.24579       0
5.35146 5.35146       0
5.45815 5.45815       0
5.56586 5.56586       0
5.67457 5.67457       0
5.78428 5.78428       0
5.89498 5.89497       0
6.00665 6.00665       0
6.11929 6.11929       0
6.23289 6.23289       0
6.34744 6.34744       0
6.46293 6.46293       0
6.57935 6.57935       0
6.69668 6.69668       0
6.81492 6.81492       0
6.93406 6.93406       0
7.05408 7.05408       0
7.17497 7.17497       0
7.29672 7.29672       0
7.41932 7.41932       0
7.54276 7.54276       0
7.66702 7.66702       0
7.79209 7.79209       0
7.91796 7.91796       0
8.04462 8.04462       0
8.17205 8.17204       0
8.30023 8.30023       0
8.42916 8.42916       0
8.55882 8.55882       0
8.6892 8.6892      0
8.82029 8.82028       0
8.95206 8.95205       0
9.0845 9.0845      0
9.21761  9.2176       0
9.35136 9.35135       0
9.48574 9.48573       0
9.62073 9.62073       0
9.75632 9.75632       0
9.8925 9.8925      0
10.0292 10.0292       0
10.1665 10.1665       0
10.3044 10.3044       0
10.4427 10.4427       0
10.5816 10.5816       0
10.7209 10.7209       0
10.8608 10.8608       0
11.001 11.001      0
11.1418 11.1418       0
11.2829 11.2829       0
11.4244 11.4244       0
11.5664 11.5664       0
11.7087 11.7087       0
11.8513 11.8513       0
11.9943 11.9943       0
12.1376 12.1376       0
12.2813 12.2813       0
12.4252 12.4252       0
12.5693 12.5693       0
12.7138 12.7138       0
12.8584 12.8584       0
13.0033 13.0033       0
13.1483 13.1483       0
13.2936 13.2936       0
13.439 13.439      0
13.5845 13.5845       0
13.7302 13.7302       0
13.876 13.876      0
14.0219 14.0219       0
14.1678 14.1678       0
14.3138 14.3138       0
14.4599 14.4599       0
14.6059 14.6059       0
