0 0 0
0 0 0
0 0 0
           0            0 -3.97334e-07
           0            0 -3.97334e-07
           0            0 -3.97334e-07
           0            0 -3.97334e-07
           0            0 -7.96906e-07
           0            0 -7.96906e-07
           0            0 -7.96906e-07
           0            0 -7.96906e-07
           0            0 -1.19162e-06
           0            0 -1.19162e-06
           0            0 -1.19162e-06
           0            0 -1.19162e-06
         0          0 -1.593e-06
         0          0 -1.593e-06
         0          0 -1.593e-06
         0          0 -1.593e-06
           0            0 -1.98477e-06
           0            0 -1.98477e-06
           0            0 -1.98477e-06
           0            0 -1.98477e-06
           0            0 -2.38747e-06
           0            0 -2.38747e-06
           0            0 -2.38747e-06
           0            0 -2.38747e-06
           0            0 -2.77603e-06
           0            0 -2.77603e-06
           0            0 -2.77603e-06
           0            0 -2.77603e-06
          0           0 -3.1795e-06
          0           0 -3.1795e-06
          0           0 -3.1795e-06
          0           0 -3.1795e-06
           0            0 -3.56464e-06
           0            0 -3.56464e-06
           0            0 -3.56464e-06
           0            0 -3.56464e-06
           0            0 -3.96831e-06
           0            0 -3.96831e-06
           0            0 -3.96831e-06
           0            0 -3.96831e-06
           0            0 -4.34983e-06
           0            0 -4.34983e-06
           0            0 -4.34983e-06
           0            0 -4.34983e-06
           0            0 -4.75307e-06
           0            0 -4.75307e-06
           0            0 -4.75307e-06
           0            0 -4.75307e-06
           0            0 -5.13087e-06
           0            0 -5.13087e-06
           0            0 -5.13087e-06
           0            0 -5.13087e-06
           0            0 -5.53301e-06
           0            0 -5.53301e-06
           0            0 -5.53301e-06
           0            0 -5.53301e-06
           0            0 -5.90698e-06
           0            0 -5.90698e-06
           0            0 -5.90698e-06
           0            0 -5.90698e-06
           0            0 -6.30733e-06
           0            0 -6.30733e-06
           0            0 -6.30733e-06
           0            0 -6.30733e-06
           0            0 -6.67742e-06
           0            0 -6.67742e-06
           0            0 -6.67742e-06
           0            0 -6.67742e-06
           0            0 -7.07527e-06
           0            0 -7.07527e-06
           0            0 -7.07527e-06
           0            0 -7.07527e-06
           0            0 -7.44144e-06
           0            0 -7.44144e-06
           0            0 -7.44144e-06
           0            0 -7.44144e-06
           0            0 -7.83606e-06
           0            0 -7.83606e-06
           0            0 -7.83606e-06
           0            0 -7.83606e-06
           0            0 -8.19828e-06
           0            0 -8.19828e-06
           0            0 -8.19828e-06
           0            0 -8.19828e-06
           0            0 -8.58894e-06
           0            0 -8.58894e-06
           0            0 -8.58894e-06
           0            0 -8.58894e-06
          0           0 -8.9472e-06
          0           0 -8.9472e-06
          0           0 -8.9472e-06
          0           0 -8.9472e-06
           0            0 -9.33318e-06
           0            0 -9.33318e-06
           0            0 -9.33318e-06
           0            0 -9.33318e-06
           0            0 -9.68747e-06
           0            0 -9.68747e-06
           0            0 -9.68747e-06
           0            0 -9.68747e-06
          0           0 -1.0068e-05
          0           0 -1.0068e-05
          0           0 -1.0068e-05
          0           0 -1.0068e-05
           0            0 -1.04183e-05
           0            0 -1.04183e-05
           0            0 -1.04183e-05
           0            0 -1.04183e-05
           0            0 -1.07928e-05
           0            0 -1.07928e-05
           0            0 -1.07928e-05
           0            0 -1.07928e-05
           0            0 -1.11391e-05
           0            0 -1.11391e-05
           0            0 -1.11391e-05
           0            0 -1.11391e-05
           0            0 -1.15068e-05
           0            0 -1.15068e-05
           0            0 -1.15068e-05
           0            0 -1.15068e-05
           0            0 -1.18489e-05
           0            0 -1.18489e-05
           0            0 -1.18489e-05
           0            0 -1.18489e-05
           0            0 -1.22093e-05
           0            0 -1.22093e-05
           0            0 -1.22093e-05
           0            0 -1.22093e-05
           0            0 -1.25472e-05
           0            0 -1.25472e-05
           0            0 -1.25472e-05
           0            0 -1.25472e-05
           0            0 -1.28996e-05
           0            0 -1.28996e-05
           0            0 -1.28996e-05
           0            0 -1.28996e-05
           0            0 -1.32333e-05
           0            0 -1.32333e-05
           0            0 -1.32333e-05
           0            0 -1.32333e-05
           0            0 -1.35771e-05
           0            0 -1.35771e-05
           0            0 -1.35771e-05
           0            0 -1.35771e-05
           0            0 -1.39063e-05
           0            0 -1.39063e-05
           0            0 -1.39063e-05
           0            0 -1.39063e-05
           0            0 -1.42412e-05
           0            0 -1.42412e-05
           0            0 -1.42412e-05
           0            0 -1.42412e-05
           0            0 -1.45657e-05
           0            0 -1.45657e-05
           0            0 -1.45657e-05
           0            0 -1.45657e-05
           0            0 -1.48911e-05
           0            0 -1.48911e-05
           0            0 -1.48911e-05
           0            0 -1.48911e-05
           0            0 -1.52107e-05
           0            0 -1.52107e-05
           0            0 -1.52107e-05
           0            0 -1.52107e-05
           0            0 -1.55264e-05
           0            0 -1.55264e-05
           0            0 -1.55264e-05
           0            0 -1.55264e-05
           0            0 -1.58407e-05
           0            0 -1.58407e-05
           0            0 -1.58407e-05
           0            0 -1.58407e-05
           0            0 -1.61463e-05
           0            0 -1.61463e-05
           0            0 -1.61463e-05
           0            0 -1.61463e-05
          0           0 -1.6455e-05
          0           0 -1.6455e-05
          0           0 -1.6455e-05
          0           0 -1.6455e-05
           0            0 -1.67504e-05
           0            0 -1.67504e-05
           0            0 -1.67504e-05
           0            0 -1.67504e-05
           0            0 -1.70531e-05
           0            0 -1.70531e-05
           0            0 -1.70531e-05
           0            0 -1.70531e-05
           0            0 -1.73379e-05
           0            0 -1.73379e-05
           0            0 -1.73379e-05
           0            0 -1.73379e-05
           0            0 -1.76342e-05
           0            0 -1.76342e-05
           0            0 -1.76342e-05
           0            0 -1.76342e-05
           0            0 -1.79085e-05
           0            0 -1.79085e-05
           0            0 -1.79085e-05
           0            0 -1.79085e-05
           0            0 -1.81979e-05
           0            0 -1.81979e-05
           0            0 -1.81979e-05
           0            0 -1.81979e-05
           0            0 -1.84615e-05
           0            0 -1.84615e-05
           0            0 -1.84615e-05
           0            0 -1.84615e-05
           0            0 -1.87434e-05
           0            0 -1.87434e-05
           0            0 -1.87434e-05
           0            0 -1.87434e-05
           0            0 -1.89964e-05
           0            0 -1.89964e-05
           0            0 -1.89964e-05
           0            0 -1.89964e-05
           0            0 -1.92703e-05
           0            0 -1.92703e-05
           0            0 -1.92703e-05
           0            0 -1.92703e-05
           0            0 -1.95127e-05
           0            0 -1.95127e-05
           0            0 -1.95127e-05
           0            0 -1.95127e-05
           0            0 -1.97781e-05
           0            0 -1.97781e-05
           0            0 -1.97781e-05
           0            0 -1.97781e-05
           0            0 -2.00099e-05
           0            0 -2.00099e-05
           0            0 -2.00099e-05
           0            0 -2.00099e-05
           0            0 -2.02662e-05
           0            0 -2.02662e-05
           0            0 -2.02662e-05
           0            0 -2.02662e-05
           0            0 -2.04875e-05
           0            0 -2.04875e-05
           0            0 -2.04875e-05
           0            0 -2.04875e-05
           0            0 -2.07341e-05
           0            0 -2.07341e-05
           0            0 -2.07341e-05
           0            0 -2.07341e-05
           0            0 -2.09451e-05
           0            0 -2.09451e-05
           0            0 -2.09451e-05
           0            0 -2.09451e-05
           0            0 -2.11814e-05
           0            0 -2.11814e-05
           0            0 -2.11814e-05
           0            0 -2.11814e-05
           0            0 -2.13822e-05
           0            0 -2.13822e-05
           0            0 -2.13822e-05
           0            0 -2.13822e-05
           0            0 -2.16076e-05
           0            0 -2.16076e-05
           0            0 -2.16076e-05
           0            0 -2.16076e-05
           0            0 -2.17983e-05
           0            0 -2.17983e-05
           0            0 -2.17983e-05
           0            0 -2.17983e-05
           0            0 -2.20123e-05
           0            0 -2.20123e-05
           0            0 -2.20123e-05
           0            0 -2.20123e-05
           0            0 -2.21931e-05
           0            0 -2.21931e-05
           0            0 -2.21931e-05
           0            0 -2.21931e-05
           0            0 -2.23951e-05
           0            0 -2.23951e-05
           0            0 -2.23951e-05
           0            0 -2.23951e-05
           0            0 -2.25661e-05
           0            0 -2.25661e-05
           0            0 -2.25661e-05
           0            0 -2.25661e-05
           0            0 -2.27557e-05
           0            0 -2.27557e-05
           0            0 -2.27557e-05
           0            0 -2.27557e-05
          0           0 -2.2917e-05
          0           0 -2.2917e-05
          0           0 -2.2917e-05
          0           0 -2.2917e-05
           0            0 -2.30937e-05
           0            0 -2.30937e-05
           0            0 -2.30937e-05
           0            0 -2.30937e-05
           0            0 -2.32454e-05
           0            0 -2.32454e-05
           0            0 -2.32454e-05
           0            0 -2.32454e-05
           0            0 -2.34088e-05
           0            0 -2.34088e-05
           0            0 -2.34088e-05
           0            0 -2.34088e-05
          0           0 -2.3551e-05
          0           0 -2.3551e-05
          0           0 -2.3551e-05
          0           0 -2.3551e-05
           0            0 -2.37007e-05
           0            0 -2.37007e-05
           0            0 -2.37007e-05
           0            0 -2.37007e-05
           0            0 -2.38334e-05
           0            0 -2.38334e-05
           0            0 -2.38334e-05
           0            0 -2.38334e-05
           0            0 -2.39692e-05
           0            0 -2.39692e-05
           0            0 -2.39692e-05
           0            0 -2.39692e-05
           0            0 -2.40923e-05
           0            0 -2.40923e-05
           0            0 -2.40923e-05
           0            0 -2.40923e-05
          0           0 -2.4214e-05
          0           0 -2.4214e-05
          0           0 -2.4214e-05
          0           0 -2.4214e-05
           0            0 -2.43275e-05
           0            0 -2.43275e-05
           0            0 -2.43275e-05
           0            0 -2.43275e-05
           0            0 -2.44348e-05
           0            0 -2.44348e-05
           0            0 -2.44348e-05
           0            0 -2.44348e-05
           0            0 -2.45387e-05
           0            0 -2.45387e-05
           0            0 -2.45387e-05
           0            0 -2.45387e-05
           0            0 -2.46316e-05
           0            0 -2.46316e-05
           0            0 -2.46316e-05
           0            0 -2.46316e-05
           0            0 -2.47256e-05
           0            0 -2.47256e-05
           0            0 -2.47256e-05
           0            0 -2.47256e-05
           0            0 -2.48041e-05
           0            0 -2.48041e-05
           0            0 -2.48041e-05
           0            0 -2.48041e-05
          0           0 -2.4888e-05
          0           0 -2.4888e-05
          0           0 -2.4888e-05
          0           0 -2.4888e-05
           0            0 -2.49522e-05
           0            0 -2.49522e-05
           0            0 -2.49522e-05
           0            0 -2.49522e-05
           0            0 -2.50259e-05
           0            0 -2.50259e-05
           0            0 -2.50259e-05
           0            0 -2.50259e-05
           0            0 -2.50757e-05
           0            0 -2.50757e-05
           0            0 -2.50757e-05
           0            0 -2.50757e-05
           0            0 -2.51389e-05
           0            0 -2.51389e-05
           0            0 -2.51389e-05
           0            0 -2.51389e-05
           0            0 -2.51746e-05
           0            0 -2.51746e-05
           0            0 -2.51746e-05
           0            0 -2.51746e-05
          0           0 -2.5227e-05
          0           0 -2.5227e-05
          0           0 -2.5227e-05
          0           0 -2.5227e-05
           0            0 -2.52488e-05
           0            0 -2.52488e-05
           0            0 -2.52488e-05
           0            0 -2.52488e-05
           0            0 -2.52901e-05
           0            0 -2.52901e-05
           0            0 -2.52901e-05
           0            0 -2.52901e-05
           0            0 -2.52982e-05
           0            0 -2.52982e-05
           0            0 -2.52982e-05
           0            0 -2.52982e-05
          0           0 -2.5328e-05
          0           0 -2.5328e-05
          0           0 -2.5328e-05
          0           0 -2.5328e-05
           0            0 -2.53228e-05
           0            0 -2.53228e-05
           0            0 -2.53228e-05
           0            0 -2.53228e-05
           0            0 -2.53408e-05
           0            0 -2.53408e-05
           0            0 -2.53408e-05
           0            0 -2.53408e-05
           0            0 -2.53226e-05
           0            0 -2.53226e-05
           0            0 -2.53226e-05
           0            0 -2.53226e-05
           0            0 -2.53285e-05
           0            0 -2.53285e-05
           0            0 -2.53285e-05
           0            0 -2.53285e-05
           0            0 -2.52976e-05
           0            0 -2.52976e-05
           0            0 -2.52976e-05
           0            0 -2.52976e-05
           0            0 -2.52909e-05
           0            0 -2.52909e-05
           0            0 -2.52909e-05
           0            0 -2.52909e-05
           0            0 -2.52478e-05
           0            0 -2.52478e-05
           0            0 -2.52478e-05
           0            0 -2.52478e-05
           0            0 -2.52283e-05
           0            0 -2.52283e-05
           0            0 -2.52283e-05
           0            0 -2.52283e-05
           0            0 -2.51732e-05
           0            0 -2.51732e-05
           0            0 -2.51732e-05
           0            0 -2.51732e-05
           0            0 -2.51405e-05
           0            0 -2.51405e-05
           0            0 -2.51405e-05
           0            0 -2.51405e-05
           0            0 -2.50739e-05
           0            0 -2.50739e-05
           0            0 -2.50739e-05
           0            0 -2.50739e-05
           0            0 -2.50278e-05
           0            0 -2.50278e-05
           0            0 -2.50278e-05
           0            0 -2.50278e-05
           0            0 -2.49501e-05
           0            0 -2.49501e-05
           0            0 -2.49501e-05
           0            0 -2.49501e-05
           0            0 -2.48903e-05
           0            0 -2.48903e-05
           0            0 -2.48903e-05
           0            0 -2.48903e-05
           0            0 -2.48017e-05
           0            0 -2.48017e-05
           0            0 -2.48017e-05
           0            0 -2.48017e-05
          0           0 -2.4728e-05
          0           0 -2.4728e-05
          0           0 -2.4728e-05
          0           0 -2.4728e-05
          0           0 -2.4629e-05
          0           0 -2.4629e-05
          0           0 -2.4629e-05
          0           0 -2.4629e-05
           0            0 -2.45413e-05
           0            0 -2.45413e-05
           0            0 -2.45413e-05
           0            0 -2.45413e-05
           0            0 -2.44321e-05
           0            0 -2.44321e-05
           0            0 -2.44321e-05
           0            0 -2.44321e-05
           0            0 -2.43302e-05
           0            0 -2.43302e-05
           0            0 -2.43302e-05
           0            0 -2.43302e-05
           0            0 -2.42112e-05
           0            0 -2.42112e-05
           0            0 -2.42112e-05
           0            0 -2.42112e-05
           0            0 -2.40951e-05
           0            0 -2.40951e-05
           0            0 -2.40951e-05
           0            0 -2.40951e-05
           0            0 -2.39664e-05
           0            0 -2.39664e-05
           0            0 -2.39664e-05
           0            0 -2.39664e-05
           0            0 -2.38362e-05
           0            0 -2.38362e-05
           0            0 -2.38362e-05
           0            0 -2.38362e-05
          0           0 -2.3698e-05
          0           0 -2.3698e-05
          0           0 -2.3698e-05
          0           0 -2.3698e-05
           0            0 -2.35537e-05
           0            0 -2.35537e-05
           0            0 -2.35537e-05
           0            0 -2.35537e-05
           0            0 -2.34062e-05
           0            0 -2.34062e-05
           0            0 -2.34062e-05
           0            0 -2.34062e-05
          0           0 -2.3248e-05
          0           0 -2.3248e-05
          0           0 -2.3248e-05
          0           0 -2.3248e-05
           0            0 -2.30913e-05
           0            0 -2.30913e-05
           0            0 -2.30913e-05
           0            0 -2.30913e-05
           0            0 -2.29194e-05
           0            0 -2.29194e-05
           0            0 -2.29194e-05
           0            0 -2.29194e-05
           0            0 -2.27535e-05
           0            0 -2.27535e-05
           0            0 -2.27535e-05
           0            0 -2.27535e-05
           0            0 -2.25682e-05
           0            0 -2.25682e-05
           0            0 -2.25682e-05
           0            0 -2.25682e-05
           0            0 -2.23932e-05
           0            0 -2.23932e-05
           0            0 -2.23932e-05
           0            0 -2.23932e-05
           0            0 -2.21949e-05
           0            0 -2.21949e-05
           0            0 -2.21949e-05
           0            0 -2.21949e-05
           0            0 -2.20107e-05
           0            0 -2.20107e-05
           0            0 -2.20107e-05
           0            0 -2.20107e-05
           0            0 -2.17997e-05
           0            0 -2.17997e-05
           0            0 -2.17997e-05
           0            0 -2.17997e-05
           0            0 -2.16063e-05
           0            0 -2.16063e-05
           0            0 -2.16063e-05
           0            0 -2.16063e-05
           0            0 -2.13832e-05
           0            0 -2.13832e-05
           0            0 -2.13832e-05
           0            0 -2.13832e-05
           0            0 -2.11805e-05
           0            0 -2.11805e-05
           0            0 -2.11805e-05
           0            0 -2.11805e-05
           0            0 -2.09457e-05
           0            0 -2.09457e-05
           0            0 -2.09457e-05
           0            0 -2.09457e-05
           0            0 -2.07337e-05
           0            0 -2.07337e-05
           0            0 -2.07337e-05
           0            0 -2.07337e-05
           0            0 -2.04877e-05
           0            0 -2.04877e-05
           0            0 -2.04877e-05
           0            0 -2.04877e-05
           0            0 -2.02662e-05
           0            0 -2.02662e-05
           0            0 -2.02662e-05
           0            0 -2.02662e-05
           0            0 -2.00097e-05
           0            0 -2.00097e-05
           0            0 -2.00097e-05
           0            0 -2.00097e-05
           0            0 -1.97785e-05
           0            0 -1.97785e-05
           0            0 -1.97785e-05
           0            0 -1.97785e-05
          0           0 -1.9512e-05
          0           0 -1.9512e-05
          0           0 -1.9512e-05
          0           0 -1.9512e-05
           0            0 -1.92712e-05
           0            0 -1.92712e-05
           0            0 -1.92712e-05
           0            0 -1.92712e-05
           0            0 -1.89953e-05
           0            0 -1.89953e-05
           0            0 -1.89953e-05
           0            0 -1.89953e-05
           0            0 -1.87447e-05
           0            0 -1.87447e-05
           0            0 -1.87447e-05
           0            0 -1.87447e-05
           0            0 -1.84601e-05
           0            0 -1.84601e-05
           0            0 -1.84601e-05
           0            0 -1.84601e-05
           0            0 -1.81995e-05
           0            0 -1.81995e-05
           0            0 -1.81995e-05
           0            0 -1.81995e-05
           0            0 -1.79067e-05
           0            0 -1.79067e-05
           0            0 -1.79067e-05
           0            0 -1.79067e-05
           0            0 -1.76362e-05
           0            0 -1.76362e-05
           0            0 -1.76362e-05
           0            0 -1.76362e-05
           0            0 -1.73358e-05
           0            0 -1.73358e-05
           0            0 -1.73358e-05
           0            0 -1.73358e-05
           0            0 -1.70553e-05
           0            0 -1.70553e-05
           0            0 -1.70553e-05
           0            0 -1.70553e-05
          0           0 -1.6748e-05
          0           0 -1.6748e-05
          0           0 -1.6748e-05
          0           0 -1.6748e-05
           0            0 -1.64575e-05
           0            0 -1.64575e-05
           0            0 -1.64575e-05
           0            0 -1.64575e-05
           0            0 -1.61438e-05
           0            0 -1.61438e-05
           0            0 -1.61438e-05
           0            0 -1.61438e-05
           0            0 -1.58433e-05
           0            0 -1.58433e-05
           0            0 -1.58433e-05
           0            0 -1.58433e-05
           0            0 -1.55237e-05
           0            0 -1.55237e-05
           0            0 -1.55237e-05
           0            0 -1.55237e-05
           0            0 -1.52134e-05
           0            0 -1.52134e-05
           0            0 -1.52134e-05
           0            0 -1.52134e-05
           0            0 -1.48883e-05
           0            0 -1.48883e-05
           0            0 -1.48883e-05
           0            0 -1.48883e-05
           0            0 -1.45684e-05
           0            0 -1.45684e-05
           0            0 -1.45684e-05
           0            0 -1.45684e-05
           0            0 -1.42384e-05
           0            0 -1.42384e-05
           0            0 -1.42384e-05
           0            0 -1.42384e-05
           0            0 -1.39091e-05
           0            0 -1.39091e-05
           0            0 -1.39091e-05
           0            0 -1.39091e-05
           0            0 -1.35744e-05
           0            0 -1.35744e-05
           0            0 -1.35744e-05
           0            0 -1.35744e-05
          0           0 -1.3236e-05
          0           0 -1.3236e-05
          0           0 -1.3236e-05
          0           0 -1.3236e-05
          0           0 -1.2897e-05
          0           0 -1.2897e-05
          0           0 -1.2897e-05
          0           0 -1.2897e-05
           0            0 -1.25498e-05
           0            0 -1.25498e-05
           0            0 -1.25498e-05
           0            0 -1.25498e-05
           0            0 -1.22068e-05
           0            0 -1.22068e-05
           0            0 -1.22068e-05
           0            0 -1.22068e-05
           0            0 -1.18513e-05
           0            0 -1.18513e-05
           0            0 -1.18513e-05
           0            0 -1.18513e-05
           0            0 -1.15046e-05
           0            0 -1.15046e-05
           0            0 -1.15046e-05
           0            0 -1.15046e-05
           0            0 -1.11411e-05
           0            0 -1.11411e-05
           0            0 -1.11411e-05
           0            0 -1.11411e-05
           0            0 -1.07909e-05
           0            0 -1.07909e-05
           0            0 -1.07909e-05
           0            0 -1.07909e-05
           0            0 -1.04201e-05
           0            0 -1.04201e-05
           0            0 -1.04201e-05
           0            0 -1.04201e-05
           0            0 -1.00664e-05
           0            0 -1.00664e-05
           0            0 -1.00664e-05
           0            0 -1.00664e-05
           0            0 -9.68888e-06
           0            0 -9.68888e-06
           0            0 -9.68888e-06
           0            0 -9.68888e-06
           0            0 -9.33196e-06
           0            0 -9.33196e-06
           0            0 -9.33196e-06
           0            0 -9.33196e-06
           0            0 -8.94823e-06
           0            0 -8.94823e-06
           0            0 -8.94823e-06
           0            0 -8.94823e-06
           0            0 -8.58812e-06
           0            0 -8.58812e-06
           0            0 -8.58812e-06
           0            0 -8.58812e-06
          0           0 -8.1989e-06
          0           0 -8.1989e-06
          0           0 -8.1989e-06
          0           0 -8.1989e-06
           0            0 -7.83565e-06
           0            0 -7.83565e-06
           0            0 -7.83565e-06
           0            0 -7.83565e-06
           0            0 -7.44163e-06
           0            0 -7.44163e-06
           0            0 -7.44163e-06
           0            0 -7.44163e-06
           0            0 -7.07529e-06
           0            0 -7.07529e-06
           0            0 -7.07529e-06
           0            0 -7.07529e-06
           0            0 -6.67719e-06
           0            0 -6.67719e-06
           0            0 -6.67719e-06
           0            0 -6.67719e-06
           0            0 -6.30778e-06
           0            0 -6.30778e-06
           0            0 -6.30778e-06
           0            0 -6.30778e-06
           0            0 -5.90633e-06
           0            0 -5.90633e-06
           0            0 -5.90633e-06
           0            0 -5.90633e-06
           0            0 -5.53387e-06
           0            0 -5.53387e-06
           0            0 -5.53387e-06
           0            0 -5.53387e-06
           0            0 -5.12981e-06
           0            0 -5.12981e-06
           0            0 -5.12981e-06
           0            0 -5.12981e-06
           0            0 -4.75433e-06
           0            0 -4.75433e-06
           0            0 -4.75433e-06
           0            0 -4.75433e-06
           0            0 -4.34839e-06
           0            0 -4.34839e-06
           0            0 -4.34839e-06
           0            0 -4.34839e-06
           0            0 -3.96993e-06
           0            0 -3.96993e-06
           0            0 -3.96993e-06
           0            0 -3.96993e-06
           0            0 -3.56285e-06
           0            0 -3.56285e-06
           0            0 -3.56285e-06
           0            0 -3.56285e-06
           0            0 -3.18145e-06
           0            0 -3.18145e-06
           0            0 -3.18145e-06
           0            0 -3.18145e-06
           0            0 -2.77393e-06
           0            0 -2.77393e-06
           0            0 -2.77393e-06
           0            0 -2.77393e-06
          0           0 -2.3897e-06
          0           0 -2.3897e-06
          0           0 -2.3897e-06
          0           0 -2.3897e-06
           0            0 -1.98242e-06
           0            0 -1.98242e-06
           0            0 -1.98242e-06
           0            0 -1.98242e-06
           0            0 -1.59546e-06
           0            0 -1.59546e-06
           0            0 -1.59546e-06
           0            0 -1.59546e-06
           0            0 -1.18907e-06
           0            0 -1.18907e-06
           0            0 -1.18907e-06
           0            0 -1.18907e-06
          0           0 -7.9954e-07
          0           0 -7.9954e-07
          0           0 -7.9954e-07
          0           0 -7.9954e-07
           0            0 -3.94637e-07
           0            0 -3.94637e-07
           0            0 -3.94637e-07
           0            0 -3.94637e-07
          0           0 -2.7441e-09
          0           0 -2.7441e-09
          0           0 -2.7441e-09
          0           0 -2.7441e-09
