0 0 0
0 0 0
0 0 0
       0        0 -7152.01
       0        0 -7152.01
       0        0 -7152.01
       0        0 -7152.01
       0        0 -14344.3
       0        0 -14344.3
       0        0 -14344.3
       0        0 -14344.3
       0        0 -21449.2
       0        0 -21449.2
       0        0 -21449.2
       0        0 -21449.2
     0      0 -28674
     0      0 -28674
     0      0 -28674
     0      0 -28674
       0        0 -35725.9
       0        0 -35725.9
       0        0 -35725.9
       0        0 -35725.9
       0        0 -42974.4
       0        0 -42974.4
       0        0 -42974.4
       0        0 -42974.4
       0        0 -49968.6
       0        0 -49968.6
       0        0 -49968.6
       0        0 -49968.6
       0        0 -57231.1
       0        0 -57231.1
       0        0 -57231.1
       0        0 -57231.1
       0        0 -64163.5
       0        0 -64163.5
       0        0 -64163.5
       0        0 -64163.5
       0        0 -71429.5
       0        0 -71429.5
       0        0 -71429.5
       0        0 -71429.5
     0      0 -78297
     0      0 -78297
     0      0 -78297
     0      0 -78297
       0        0 -85555.3
       0        0 -85555.3
       0        0 -85555.3
       0        0 -85555.3
       0        0 -92355.6
       0        0 -92355.6
       0        0 -92355.6
       0        0 -92355.6
       0        0 -99594.1
       0        0 -99594.1
       0        0 -99594.1
       0        0 -99594.1
      0       0 -106326
      0       0 -106326
      0       0 -106326
      0       0 -106326
      0       0 -113532
      0       0 -113532
      0       0 -113532
      0       0 -113532
      0       0 -120194
      0       0 -120194
      0       0 -120194
      0       0 -120194
      0       0 -127355
      0       0 -127355
      0       0 -127355
      0       0 -127355
      0       0 -133946
      0       0 -133946
      0       0 -133946
      0       0 -133946
      0       0 -141049
      0       0 -141049
      0       0 -141049
      0       0 -141049
      0       0 -147569
      0       0 -147569
      0       0 -147569
      0       0 -147569
      0       0 -154601
      0       0 -154601
      0       0 -154601
      0       0 -154601
      0       0 -161050
      0       0 -161050
      0       0 -161050
      0       0 -161050
      0       0 -167997
      0       0 -167997
      0       0 -167997
      0       0 -167997
      0       0 -174374
      0       0 -174374
      0       0 -174374
      0       0 -174374
      0       0 -181225
      0       0 -181225
      0       0 -181225
      0       0 -181225
      0       0 -187530
      0       0 -187530
      0       0 -187530
      0       0 -187530
      0       0 -194271
      0       0 -194271
      0       0 -194271
      0       0 -194271
      0       0 -200503
      0       0 -200503
      0       0 -200503
      0       0 -200503
      0       0 -207122
      0       0 -207122
      0       0 -207122
      0       0 -207122
      0       0 -213281
      0       0 -213281
      0       0 -213281
      0       0 -213281
      0       0 -219767
      0       0 -219767
      0       0 -219767
      0       0 -219767
      0       0 -225850
      0       0 -225850
      0       0 -225850
      0       0 -225850
      0       0 -232193
      0       0 -232193
      0       0 -232193
      0       0 -232193
      0       0 -238199
      0       0 -238199
      0       0 -238199
      0       0 -238199
      0       0 -244388
      0       0 -244388
      0       0 -244388
      0       0 -244388
      0       0 -250313
      0       0 -250313
      0       0 -250313
      0       0 -250313
      0       0 -256341
      0       0 -256341
      0       0 -256341
      0       0 -256341
      0       0 -262182
      0       0 -262182
      0       0 -262182
      0       0 -262182
      0       0 -268040
      0       0 -268040
      0       0 -268040
      0       0 -268040
      0       0 -273792
      0       0 -273792
      0       0 -273792
      0       0 -273792
      0       0 -279475
      0       0 -279475
      0       0 -279475
      0       0 -279475
      0       0 -285132
      0       0 -285132
      0       0 -285132
      0       0 -285132
      0       0 -290634
      0       0 -290634
      0       0 -290634
      0       0 -290634
      0       0 -296190
      0       0 -296190
      0       0 -296190
      0       0 -296190
      0       0 -301506
      0       0 -301506
      0       0 -301506
      0       0 -301506
      0       0 -306955
      0       0 -306955
      0       0 -306955
      0       0 -306955
      0       0 -312083
      0       0 -312083
      0       0 -312083
      0       0 -312083
      0       0 -317416
      0       0 -317416
      0       0 -317416
      0       0 -317416
      0       0 -322353
      0       0 -322353
      0       0 -322353
      0       0 -322353
      0       0 -327561
      0       0 -327561
      0       0 -327561
      0       0 -327561
      0       0 -332307
      0       0 -332307
      0       0 -332307
      0       0 -332307
      0       0 -337381
      0       0 -337381
      0       0 -337381
      0       0 -337381
      0       0 -341935
      0       0 -341935
      0       0 -341935
      0       0 -341935
      0       0 -346866
      0       0 -346866
      0       0 -346866
      0       0 -346866
      0       0 -351228
      0       0 -351228
      0       0 -351228
      0       0 -351228
      0       0 -356006
      0       0 -356006
      0       0 -356006
      0       0 -356006
      0       0 -360178
      0       0 -360178
      0       0 -360178
      0       0 -360178
      0       0 -364791
      0       0 -364791
      0       0 -364791
      0       0 -364791
      0       0 -368775
      0       0 -368775
      0       0 -368775
      0       0 -368775
      0       0 -373214
      0       0 -373214
      0       0 -373214
      0       0 -373214
      0       0 -377011
      0       0 -377011
      0       0 -377011
      0       0 -377011
      0       0 -381265
      0       0 -381265
      0       0 -381265
      0       0 -381265
      0       0 -384879
      0       0 -384879
      0       0 -384879
      0       0 -384879
      0       0 -388936
      0       0 -388936
      0       0 -388936
      0       0 -388936
      0       0 -392369
      0       0 -392369
      0       0 -392369
      0       0 -392369
      0       0 -396221
      0       0 -396221
      0       0 -396221
      0       0 -396221
      0       0 -399476
      0       0 -399476
      0       0 -399476
      0       0 -399476
      0       0 -403112
      0       0 -403112
      0       0 -403112
      0       0 -403112
      0       0 -406190
      0       0 -406190
      0       0 -406190
      0       0 -406190
      0       0 -409603
      0       0 -409603
      0       0 -409603
      0       0 -409603
      0       0 -412506
      0       0 -412506
      0       0 -412506
      0       0 -412506
      0       0 -415687
      0       0 -415687
      0       0 -415687
      0       0 -415687
      0       0 -418418
      0       0 -418418
      0       0 -418418
      0       0 -418418
      0       0 -421359
      0       0 -421359
      0       0 -421359
      0       0 -421359
      0       0 -423918
      0       0 -423918
      0       0 -423918
      0       0 -423918
      0       0 -426613
      0       0 -426613
      0       0 -426613
      0       0 -426613
      0       0 -429001
      0       0 -429001
      0       0 -429001
      0       0 -429001
      0       0 -431445
      0       0 -431445
      0       0 -431445
      0       0 -431445
      0       0 -433662
      0       0 -433662
      0       0 -433662
      0       0 -433662
      0       0 -435851
      0       0 -435851
      0       0 -435851
      0       0 -435851
      0       0 -437895
      0       0 -437895
      0       0 -437895
      0       0 -437895
      0       0 -439827
      0       0 -439827
      0       0 -439827
      0       0 -439827
      0       0 -441696
      0       0 -441696
      0       0 -441696
      0       0 -441696
      0       0 -443369
      0       0 -443369
      0       0 -443369
      0       0 -443369
      0       0 -445060
      0       0 -445060
      0       0 -445060
      0       0 -445060
      0       0 -446473
      0       0 -446473
      0       0 -446473
      0       0 -446473
      0       0 -447985
      0       0 -447985
      0       0 -447985
      0       0 -447985
      0       0 -449139
      0       0 -449139
      0       0 -449139
      0       0 -449139
      0       0 -450466
      0       0 -450466
      0       0 -450466
      0       0 -450466
      0       0 -451363
      0       0 -451363
      0       0 -451363
      0       0 -451363
      0       0 -452500
      0       0 -452500
      0       0 -452500
      0       0 -452500
      0       0 -453143
      0       0 -453143
      0       0 -453143
      0       0 -453143
      0       0 -454086
      0       0 -454086
      0       0 -454086
      0       0 -454086
      0       0 -454478
      0       0 -454478
      0       0 -454478
      0       0 -454478
      0       0 -455221
      0       0 -455221
      0       0 -455221
      0       0 -455221
      0       0 -455368
      0       0 -455368
      0       0 -455368
      0       0 -455368
      0       0 -455905
      0       0 -455905
      0       0 -455905
      0       0 -455905
      0       0 -455811
      0       0 -455811
      0       0 -455811
      0       0 -455811
      0       0 -456135
      0       0 -456135
      0       0 -456135
      0       0 -456135
      0       0 -455807
      0       0 -455807
      0       0 -455807
      0       0 -455807
      0       0 -455912
      0       0 -455912
      0       0 -455912
      0       0 -455912
      0       0 -455357
      0       0 -455357
      0       0 -455357
      0       0 -455357
      0       0 -455237
      0       0 -455237
      0       0 -455237
      0       0 -455237
      0       0 -454460
      0       0 -454460
      0       0 -454460
      0       0 -454460
      0       0 -454109
      0       0 -454109
      0       0 -454109
      0       0 -454109
      0       0 -453117
      0       0 -453117
      0       0 -453117
      0       0 -453117
      0       0 -452529
      0       0 -452529
      0       0 -452529
      0       0 -452529
      0       0 -451331
      0       0 -451331
      0       0 -451331
      0       0 -451331
      0       0 -450501
      0       0 -450501
      0       0 -450501
      0       0 -450501
      0       0 -449101
      0       0 -449101
      0       0 -449101
      0       0 -449101
      0       0 -448025
      0       0 -448025
      0       0 -448025
      0       0 -448025
      0       0 -446431
      0       0 -446431
      0       0 -446431
      0       0 -446431
      0       0 -445105
      0       0 -445105
      0       0 -445105
      0       0 -445105
      0       0 -443323
      0       0 -443323
      0       0 -443323
      0       0 -443323
      0       0 -441743
      0       0 -441743
      0       0 -441743
      0       0 -441743
      0       0 -439778
      0       0 -439778
      0       0 -439778
      0       0 -439778
      0       0 -437944
      0       0 -437944
      0       0 -437944
      0       0 -437944
      0       0 -435801
      0       0 -435801
      0       0 -435801
      0       0 -435801
      0       0 -433712
      0       0 -433712
      0       0 -433712
      0       0 -433712
      0       0 -431395
      0       0 -431395
      0       0 -431395
      0       0 -431395
      0       0 -429051
      0       0 -429051
      0       0 -429051
      0       0 -429051
      0       0 -426564
      0       0 -426564
      0       0 -426564
      0       0 -426564
      0       0 -423966
      0       0 -423966
      0       0 -423966
      0       0 -423966
      0       0 -421311
      0       0 -421311
      0       0 -421311
      0       0 -421311
      0       0 -418464
      0       0 -418464
      0       0 -418464
      0       0 -418464
      0       0 -415643
      0       0 -415643
      0       0 -415643
      0       0 -415643
      0       0 -412549
      0       0 -412549
      0       0 -412549
      0       0 -412549
      0       0 -409563
      0       0 -409563
      0       0 -409563
      0       0 -409563
      0       0 -406228
      0       0 -406228
      0       0 -406228
      0       0 -406228
      0       0 -403077
      0       0 -403077
      0       0 -403077
      0       0 -403077
      0       0 -399507
      0       0 -399507
      0       0 -399507
      0       0 -399507
      0       0 -396192
      0       0 -396192
      0       0 -396192
      0       0 -396192
      0       0 -392395
      0       0 -392395
      0       0 -392395
      0       0 -392395
      0       0 -388914
      0       0 -388914
      0       0 -388914
      0       0 -388914
      0       0 -384897
      0       0 -384897
      0       0 -384897
      0       0 -384897
      0       0 -381250
      0       0 -381250
      0       0 -381250
      0       0 -381250
      0       0 -377023
      0       0 -377023
      0       0 -377023
      0       0 -377023
      0       0 -373206
      0       0 -373206
      0       0 -373206
      0       0 -373206
      0       0 -368779
      0       0 -368779
      0       0 -368779
      0       0 -368779
      0       0 -364791
      0       0 -364791
      0       0 -364791
      0       0 -364791
      0       0 -360174
      0       0 -360174
      0       0 -360174
      0       0 -360174
      0       0 -356014
      0       0 -356014
      0       0 -356014
      0       0 -356014
      0       0 -351217
      0       0 -351217
      0       0 -351217
      0       0 -351217
      0       0 -346881
      0       0 -346881
      0       0 -346881
      0       0 -346881
      0       0 -341916
      0       0 -341916
      0       0 -341916
      0       0 -341916
      0       0 -337404
      0       0 -337404
      0       0 -337404
      0       0 -337404
      0       0 -332281
      0       0 -332281
      0       0 -332281
      0       0 -332281
      0       0 -327590
      0       0 -327590
      0       0 -327590
      0       0 -327590
      0       0 -322321
      0       0 -322321
      0       0 -322321
      0       0 -322321
      0       0 -317451
      0       0 -317451
      0       0 -317451
      0       0 -317451
      0       0 -312045
      0       0 -312045
      0       0 -312045
      0       0 -312045
      0       0 -306995
      0       0 -306995
      0       0 -306995
      0       0 -306995
      0       0 -301464
      0       0 -301464
      0       0 -301464
      0       0 -301464
      0       0 -296234
      0       0 -296234
      0       0 -296234
      0       0 -296234
      0       0 -290588
      0       0 -290588
      0       0 -290588
      0       0 -290588
      0       0 -285179
      0       0 -285179
      0       0 -285179
      0       0 -285179
      0       0 -279426
      0       0 -279426
      0       0 -279426
      0       0 -279426
      0       0 -273841
      0       0 -273841
      0       0 -273841
      0       0 -273841
      0       0 -267990
      0       0 -267990
      0       0 -267990
      0       0 -267990
      0       0 -262232
      0       0 -262232
      0       0 -262232
      0       0 -262232
      0       0 -256291
      0       0 -256291
      0       0 -256291
      0       0 -256291
      0       0 -250363
      0       0 -250363
      0       0 -250363
      0       0 -250363
      0       0 -244339
      0       0 -244339
      0       0 -244339
      0       0 -244339
      0       0 -238247
      0       0 -238247
      0       0 -238247
      0       0 -238247
      0       0 -232146
      0       0 -232146
      0       0 -232146
      0       0 -232146
      0       0 -225896
      0       0 -225896
      0       0 -225896
      0       0 -225896
      0       0 -219723
      0       0 -219723
      0       0 -219723
      0       0 -219723
      0       0 -213323
      0       0 -213323
      0       0 -213323
      0       0 -213323
      0       0 -207082
      0       0 -207082
      0       0 -207082
      0       0 -207082
      0       0 -200541
      0       0 -200541
      0       0 -200541
      0       0 -200541
      0       0 -194236
      0       0 -194236
      0       0 -194236
      0       0 -194236
      0       0 -187562
      0       0 -187562
      0       0 -187562
      0       0 -187562
      0       0 -181196
      0       0 -181196
      0       0 -181196
      0       0 -181196
      0       0 -174400
      0       0 -174400
      0       0 -174400
      0       0 -174400
      0       0 -167975
      0       0 -167975
      0       0 -167975
      0       0 -167975
      0       0 -161068
      0       0 -161068
      0       0 -161068
      0       0 -161068
      0       0 -154586
      0       0 -154586
      0       0 -154586
      0       0 -154586
      0       0 -147580
      0       0 -147580
      0       0 -147580
      0       0 -147580
      0       0 -141042
      0       0 -141042
      0       0 -141042
      0       0 -141042
      0       0 -133949
      0       0 -133949
      0       0 -133949
      0       0 -133949
      0       0 -127355
      0       0 -127355
      0       0 -127355
      0       0 -127355
      0       0 -120189
      0       0 -120189
      0       0 -120189
      0       0 -120189
      0       0 -113540
      0       0 -113540
      0       0 -113540
      0       0 -113540
      0       0 -106314
      0       0 -106314
      0       0 -106314
      0       0 -106314
       0        0 -99609.6
       0        0 -99609.6
       0        0 -99609.6
       0        0 -99609.6
       0        0 -92336.5
       0        0 -92336.5
       0        0 -92336.5
       0        0 -92336.5
       0        0 -85577.9
       0        0 -85577.9
       0        0 -85577.9
       0        0 -85577.9
     0      0 -78271
     0      0 -78271
     0      0 -78271
     0      0 -78271
       0        0 -71458.7
       0        0 -71458.7
       0        0 -71458.7
       0        0 -71458.7
       0        0 -64131.2
       0        0 -64131.2
       0        0 -64131.2
       0        0 -64131.2
       0        0 -57266.2
       0        0 -57266.2
       0        0 -57266.2
       0        0 -57266.2
       0        0 -49930.8
       0        0 -49930.8
       0        0 -49930.8
       0        0 -49930.8
       0        0 -43014.6
       0        0 -43014.6
       0        0 -43014.6
       0        0 -43014.6
       0        0 -35683.6
       0        0 -35683.6
       0        0 -35683.6
       0        0 -35683.6
       0        0 -28718.3
       0        0 -28718.3
       0        0 -28718.3
       0        0 -28718.3
       0        0 -21403.2
       0        0 -21403.2
       0        0 -21403.2
       0        0 -21403.2
       0        0 -14391.7
       0        0 -14391.7
       0        0 -14391.7
       0        0 -14391.7
       0        0 -7103.46
       0        0 -7103.46
       0        0 -7103.46
       0        0 -7103.46
       0        0 -49.3938
       0        0 -49.3939
       0        0 -49.3939
       0        0 -49.3938
