             33             93   2.143339e-03   5.069971e-03   1.880244e-03   2.143339e-03   5.069971e-03   1.880244e-03   1.885378e-03   2.789490e-03   9.599449e-12   1.083397e-08   1.039202e-07   1.125003e-03   2.400000e+10   3.064380e-19   1.532190e-19   2.021640e-19   2.143339e-03   5.069971e-03   1.880244e-03   4.414598e-20  -2.260201e-19  -2.021640e-19   1.383433e-19   5.488938e-20  -3.639157e-20   7.288106e-03   1.843490e+13   1.382913e-12  -7.080285e-12  -6.332972e-12
            165            309   7.463596e-04   5.389239e-03   6.463694e-03   7.463596e-04   5.389239e-03   6.463694e-03   1.297592e-03   6.703236e-04   9.995626e-12   3.340430e-10   6.646807e-08   4.419938e-04   2.400000e+10   2.125118e-19   1.062559e-19   1.929185e-19   7.463596e-04   5.389239e-03   6.463694e-03   3.430656e-20   8.226046e-20  -1.929185e-19   2.993763e-20  -9.910317e-20  -2.392941e-20   4.891066e-03   2.954307e+13   1.613630e-12   3.869172e-12  -9.074042e-12
            177            189   3.866859e-03   6.283037e-03   4.471086e-03   3.866859e-03   6.283037e-03   4.471086e-03   7.707104e-04   1.174440e-03   9.816296e-12   7.503949e-11   6.758623e-08   4.653384e-04   2.400000e+10   2.084028e-19   1.042014e-19   1.871226e-20   3.866859e-03   6.283037e-03   4.471086e-03  -1.157675e-20  -2.072379e-19  -1.871226e-20  -2.802779e-20  -7.023960e-21  -1.001151e-19   4.865095e-03   5.595273e+13  -5.452943e-13  -9.761427e-12  -8.813948e-13
            253            273   7.924071e-03   9.046305e-03   6.709131e-03   7.924071e-03   9.046305e-03   6.709131e-03   1.913590e-03   1.835805e-03   9.997499e-12   6.400065e-08   9.678383e-08   9.369454e-04   2.400000e+10   3.095534e-19   1.547767e-19   1.806125e-19   7.924071e-03   9.046305e-03   6.709131e-03   5.527337e-20   2.452494e-19  -1.806125e-19  -8.116827e-20  -6.596111e-20  -1.140906e-19   5.994723e-03   1.069765e+14   1.785138e-12   7.920704e-12  -5.833157e-12
            295            263   1.012378e-02   2.026752e-03   7.461860e-03   1.012378e-02   2.026752e-03   7.461860e-03   1.199555e-03   9.809133e-04   9.157718e-12   5.613877e-10   7.029819e-08   5.396362e-04   2.400000e+10   1.886552e-19   9.432759e-20  -9.212116e-20   1.012378e-02   2.026752e-03   7.461860e-03  -1.634082e-19  -2.005586e-20   9.212116e-20   5.322044e-20  -4.920631e-20   6.036570e-20   4.825865e-03   4.039745e+13  -7.932176e-12  -9.735537e-13   4.471755e-12
            429            413   4.579778e-03   3.426232e-03   1.530541e-02   4.579778e-03   3.426232e-03   1.530541e-02   1.423248e-03   1.060801e-03   9.972768e-12   5.495445e-09   7.785475e-08   6.077913e-04   2.400000e+10   2.477802e-19   1.238901e-19  -2.295445e-19   4.579778e-03   3.426232e-03   1.530541e-02  -8.573492e-20   3.679447e-20   2.295445e-19   1.204978e-19  -5.741713e-21   2.821482e-20   7.930336e-03   4.594267e+13  -3.450698e-12   1.480920e-12   9.238813e-12
            455            365   8.016149e-03   1.814280e-03   1.556984e-02   8.016149e-03   1.814280e-03   1.556984e-02   1.256036e-03   1.335515e-03   9.125680e-12   6.236517e-10   7.685606e-08   6.472783e-04   2.400000e+10   2.048135e-19   1.024067e-19  -4.079738e-20   8.016149e-03   1.814280e-03   1.556984e-02   2.006361e-19   5.410595e-21   4.079738e-20   1.319302e-20  -8.917446e-20  -4.859013e-20   4.957214e-03   2.457563e+14   8.939554e-12   2.410747e-13   1.817770e-12
            455            391   9.090620e-03   1.723981e-03   1.522413e-02   9.090620e-03   1.723981e-03   1.522413e-02   1.100686e-03   1.792197e-03   6.758965e-12   3.681723e-07   6.788898e-08   6.818964e-04   2.400000e+10   9.924523e-20   4.962261e-20  -5.079335e-20   9.090620e-03   1.723981e-03   1.522413e-02  -8.502837e-20   6.310821e-21   5.079335e-20  -3.567020e-22   4.950717e-20  -3.364026e-21   5.653697e-03   1.601073e+12  -5.790745e-12   4.297901e-13   3.459214e-12
            437            469   1.105622e-03   2.492362e-03   1.486566e-02   1.105622e-03   2.492362e-03   1.486566e-02   9.776713e-04   1.020885e-03   5.992219e-12   9.613272e-09   5.470418e-08   4.994056e-04   2.400000e+10   6.285587e-20   3.142794e-20  -1.131729e-20   1.105622e-03   2.492362e-03   1.486566e-02   4.800956e-20   3.895975e-20   1.131729e-20  -1.437211e-20   2.304542e-20   1.581347e-20   5.871335e-03   1.628728e+11   4.576880e-12   3.714137e-12   1.078908e-12
            433            405   4.221930e-03   1.533910e-03   1.363705e-02   4.221930e-03   1.533910e-03   1.363705e-02   7.770675e-04   1.398018e-03   9.946568e-12   9.542626e-09   7.048297e-08   4.994537e-04   2.400000e+10   2.231417e-19   1.115708e-19  -2.089626e-19   4.221930e-03   1.533910e-03   1.363705e-02  -7.705490e-20   1.376099e-20   2.089626e-19   5.257887e-20   9.754494e-20   1.298069e-20   7.030693e-03   7.384329e+14  -3.434732e-12   6.133978e-13   9.314535e-12
            465            353   7.465049e-03   7.184343e-03   1.286220e-02   7.465049e-03   7.184343e-03   1.286220e-02   8.870024e-04   8.835904e-04   2.713514e-11   1.795655e-08   1.095960e-07   4.426466e-04   2.400000e+10   9.516488e-08   4.758244e-08  -9.490745e-09   7.465049e-03   7.184343e-03   1.286220e-02   3.234430e-08  -5.229856e-08   7.262963e-08  -2.268366e-08   2.848473e-08   3.062940e-08   5.590463e-05   5.339785e+01   3.398764e-01  -5.495573e-01   7.631978e-01
            381            373   9.670361e-04   1.534973e-03   1.170146e-02   9.670362e-04   1.534973e-03   1.170146e-02   1.005287e-03   5.893719e-04   9.783933e-12   3.921408e-09   6.029240e-08   3.715452e-04   2.400000e+10   1.846883e-19   9.234417e-20  -1.346861e-19   9.670361e-04   1.534973e-03   1.170146e-02   1.986240e-20  -1.247995e-19   1.346861e-19  -6.809567e-20  -4.813943e-20  -3.966133e-20   4.149210e-03   2.931310e+13   1.052218e-12  -6.611301e-12   7.135046e-12
             42            130   4.745958e-03   1.722952e-02   5.382777e-03   4.745958e-03   1.722952e-02   5.382777e-03   1.222761e-03   1.260094e-03   9.924153e-12   1.045752e-08   7.847716e-08   6.205733e-04   2.400000e+10   2.473319e-19   1.236660e-19   2.898468e-20   4.745958e-03   1.722952e-02   5.382777e-03   2.119288e-19   1.241738e-19  -2.898468e-20  -2.975336e-20   5.374563e-20  -1.073285e-19   4.837642e-03   1.547779e+12   8.503609e-12   4.982455e-12  -1.163005e-12
             42            280   7.283489e-03   1.935687e-02   6.492439e-03   7.283489e-03   1.935687e-02   6.492439e-03   1.286390e-03   7.523039e-04   9.782456e-12   1.003937e-10   6.814452e-08   4.746943e-04   2.400000e+10   2.086780e-19   1.043390e-19   1.077411e-19   7.283489e-03   1.935687e-02   6.492439e-03  -1.753602e-19  -3.445525e-20  -1.077411e-19   4.870391e-20  -4.924509e-21  -9.214288e-20   5.203923e-03   1.453531e+14  -8.220577e-12  -1.615201e-12  -5.050712e-12
            130            166   3.805331e-03   1.649654e-02   5.935180e-03   3.805331e-03   1.649654e-02   5.935180e-03   1.090330e-03   1.128512e-03   9.767305e-12   6.390010e-11   7.359635e-08   5.545463e-04   2.400000e+10   2.246755e-19   1.123378e-19   2.570525e-20   3.805331e-03   1.649654e-02   5.935180e-03   1.732137e-19   1.407670e-19  -2.570525e-20  -1.813153e-20   2.252762e-20  -1.085520e-19   4.666105e-03   1.436917e+14   7.530107e-12   6.119556e-12  -1.117483e-12
            210            142   3.375587e-03   1.353299e-02   7.462516e-03   3.375587e-03   1.353299e-02   7.462516e-03   8.732902e-04   1.316737e-03   8.568823e-12   7.483819e-09   6.707562e-08   5.250591e-04   2.400000e+10   1.576003e-19   7.880014e-20   6.006240e-20   3.375587e-03   1.353299e-02   7.462516e-03   6.624324e-20  -1.297775e-19  -6.006240e-20   1.917930e-20   3.436980e-20  -6.826664e-20   8.762625e-03   2.173547e+12   3.601685e-12  -7.056080e-12  -3.265629e-12
            210            190   5.019347e-03   1.168972e-02   5.984493e-03   5.019347e-03   1.168972e-02   5.984493e-03   8.147956e-04   9.932188e-04   1.158020e-11   1.038679e-10   7.199525e-08   4.476017e-04   2.400000e+10   2.667901e-08   3.857292e-10  -3.273468e-09   5.019347e-03   1.168972e-02   5.984493e-03  -1.623681e-08   1.829637e-08   1.064794e-08   1.457504e-10   2.672315e-10  -2.369201e-10   1.020157e-04   2.642863e+02  -6.085986e-01   6.857963e-01   3.991131e-01
            101            238   9.531408e-04   1.349637e-02   5.968720e-03   9.531408e-04   1.349637e-02   5.968720e-03   1.664771e-03   1.177554e-03   1.412410e-11   2.128283e-10   9.869867e-08   6.897023e-04   2.400000e+10   4.460897e-08   2.230448e-08   6.336373e-07   9.531408e-04   1.349637e-02   5.968720e-03   2.240373e-08  -2.150833e-08  -3.202225e-08  -5.621748e-10  -1.900889e-08   1.165488e-08   6.502357e-05   7.358074e+00   5.022248e-01  -4.821527e-01  -7.178433e-01
            166            142   2.715819e-03   1.567305e-02   6.609571e-03   2.715819e-03   1.567305e-02   6.609571e-03   1.752610e-03   2.228836e-03   1.055197e-11   1.818134e-10   1.017485e-07   9.811210e-04   2.400000e+10   3.435673e-08   1.717837e-08   1.438905e-08   2.715819e-03   1.567305e-02   6.609571e-03  -2.085780e-09   9.615944e-09  -3.291760e-08   1.261473e-08   1.135730e-08   2.641297e-09   1.017746e-04   7.658043e+02  -6.070951e-02   2.798853e-01  -9.581120e-01
            142            261   2.241451e-03   1.414137e-02   8.504189e-03   2.241451e-03   1.414137e-02   8.504189e-03   2.387142e-03   2.389091e-03   3.617884e-11   3.190186e-07   2.078452e-07   1.194058e-03   2.400000e+10   2.406272e-07   1.203136e-07   1.808155e-08   2.241451e-03   1.414137e-02   8.504189e-03   1.168370e-07   1.188826e-07  -1.735439e-07  -2.029105e-08  -9.102656e-08  -7.601185e-08   9.243942e-05   1.736221e+02   4.855521e-01   4.940528e-01  -7.212149e-01
            270            313   3.975890e-03   1.212302e-02   9.039743e-03   3.975890e-03   1.212302e-02   9.039743e-03   1.173657e-03   1.936641e-03   2.635979e-11   1.447963e-09   1.387922e-07   7.307828e-04   2.400000e+10   1.170731e-07   5.853654e-08   2.048114e-08   3.975890e-03   1.212302e-02   9.039743e-03  -9.361700e-09   4.831970e-08  -1.062246e-07   3.669065e-08  -4.011667e-08  -2.170198e-08   4.967782e-05   6.987566e+01  -7.996457e-02   4.127310e-01  -9.073361e-01
            270            217   4.400927e-03   1.182106e-02   8.294153e-03   4.400927e-03   1.182106e-02   8.294153e-03   7.164334e-04   1.527922e-03   2.497674e-11   1.626518e-09   1.103724e-07   4.877366e-04   2.400000e+10   8.821578e-08   4.410789e-08  -1.233222e-08   4.400927e-03   1.182106e-02   8.294153e-03  -4.381849e-08   7.343885e-08   2.164944e-08  -9.922177e-09  -1.772563e-08   3.915173e-08   6.096987e-05   1.036229e+02  -4.967195e-01   8.324911e-01   2.454146e-01
            261            254   1.527861e-03   1.433766e-02   1.127633e-02   1.527861e-03   1.433766e-02   1.127633e-02   1.526201e-03   2.045061e-03   1.901372e-11   1.181416e-10   1.289086e-07   8.739697e-04   2.400000e+10   7.843302e-08   3.232351e-08   4.395486e-08   1.527861e-03   1.433766e-02   1.127633e-02  -1.035743e-09  -1.829325e-08  -7.626285e-08   2.022992e-08   2.367299e-08  -8.668867e-09   1.173779e-04   5.671192e+02  -1.320545e-02  -2.332341e-01  -9.723309e-01
            254            261   1.527861e-03   1.433766e-02   1.127633e-02   1.527861e-03   1.433766e-02   1.127633e-02   2.045061e-03   1.526201e-03   1.901372e-11   1.181416e-10   1.289086e-07   8.739697e-04   2.400000e+10   7.843302e-08   3.232351e-08  -4.395486e-08   1.527861e-03   1.433766e-02   1.127633e-02   1.035743e-09   1.829325e-08   7.626285e-08  -2.022992e-08  -2.367299e-08   8.668867e-09   1.173779e-04   5.671192e+02   1.320545e-02   2.332341e-01   9.723309e-01
            107             16   1.786765e-02   1.055604e-02   4.712265e-03   1.786765e-02   1.055604e-02   4.712265e-03   1.133361e-03   2.022130e-03   1.000028e-11   9.091459e-10   8.522386e-08   7.262905e-04   2.400000e+10   2.727239e-08   3.610823e-10  -8.616749e-09   1.786765e-02   1.055604e-02   4.712265e-03   4.269132e-09  -2.526229e-08   9.347437e-09   3.506875e-10   2.934604e-11  -8.085487e-11   1.585743e-04   5.862592e+03   1.565368e-01  -9.262953e-01   3.427436e-01
            243            225   1.345932e-02   4.548130e-03   7.128569e-03   1.345932e-02   4.548130e-03   7.128569e-03   1.050411e-03   9.495118e-04   1.466061e-11   1.449357e-09   8.550651e-08   4.987080e-04   2.400000e+10   4.011448e-08   2.005724e-08  -1.578344e-08   1.345932e-02   4.548130e-03   7.128569e-03   7.802303e-09  -2.235166e-08   3.238362e-08  -1.393808e-08  -1.325332e-08  -5.689660e-09   6.329152e-05   2.039138e+02   1.945009e-01  -5.571969e-01   8.072800e-01
            243            239   1.318781e-02   3.778706e-03   7.490663e-03   1.318781e-02   3.778706e-03   7.490663e-03   9.600618e-04   1.312846e-03   1.110383e-11   6.140622e-10   7.846969e-08   5.545379e-04   2.400000e+10   2.788204e-08   1.394102e-08  -3.031596e-09   1.318781e-02   3.778706e-03   7.490663e-03   1.637051e-08   2.223495e-08   3.875787e-09  -2.676274e-09   4.488407e-09  -1.292454e-08   6.606845e-05   6.687747e+02   5.871345e-01   7.974649e-01   1.390066e-01
            299            225   1.371185e-02   6.414081e-03   6.569005e-03   1.371185e-02   6.414081e-03   6.569005e-03   1.953018e-03   1.725209e-03   1.849599e-11   9.552986e-08   1.301648e-07   9.160295e-04   2.400000e+10   7.704084e-08   3.852042e-08  -8.296229e-09   1.371185e-02   6.414081e-03   6.569005e-03  -6.514526e-09   6.263374e-08   4.438317e-08   1.680977e-08   2.118777e-08  -2.742869e-08   9.493485e-05   2.777144e+02  -8.455939e-02   8.129941e-01   5.760993e-01
            263            295   1.012378e-02   2.026752e-03   7.461860e-03   1.012378e-02   2.026752e-03   7.461860e-03   9.809133e-04   1.199555e-03   9.157718e-12   5.613877e-10   7.029819e-08   5.396362e-04   2.400000e+10   1.886552e-19   9.432759e-20   9.212116e-20   1.012378e-02   2.026752e-03   7.461860e-03   1.634082e-19   2.005586e-20  -9.212116e-20  -5.322044e-20   4.920631e-20  -6.036570e-20   4.825865e-03   4.039745e+13   7.932176e-12   9.735537e-13  -4.471755e-12
            417            407   1.847266e-02   4.215625e-03   1.539363e-02   1.847266e-02   4.215625e-03   1.539363e-02   1.258485e-03   2.592823e-03   1.805847e-11   3.847589e-06   1.236935e-07   8.472521e-04   2.400000e+10   7.147886e-08   3.573943e-08   8.406355e-10   1.847266e-02   4.215625e-03   1.539363e-02  -6.072629e-09  -7.118243e-08  -2.326456e-09  -2.023453e-08   2.687960e-09  -2.933676e-08   5.759333e-05   1.602537e+02  -8.495699e-02  -9.958529e-01  -3.254746e-02
            417            351   1.791402e-02   3.501190e-03   1.465833e-02   1.791402e-02   3.501190e-03   1.465833e-02   6.521803e-04   2.171762e-03   1.455904e-11   1.018249e-07   8.545322e-08   5.015614e-04   2.400000e+10   3.981175e-08   1.990588e-08  -2.495663e-08   1.791402e-02   3.501190e-03   1.465833e-02   2.465531e-08   3.594960e-09   3.105104e-08   2.571506e-09   1.926856e-08  -4.284133e-09   6.929172e-05   4.032744e+02   6.192974e-01   9.029897e-02   7.799467e-01
            391            439   1.323677e-02   1.969373e-03   1.515904e-02   1.323677e-02   1.969373e-03   1.515904e-02   1.512569e-03   2.144208e-03   7.021721e-12   8.203437e-07   7.891574e-08   8.869184e-04   2.400000e+10   1.245090e-19   6.225449e-20  -3.089204e-21   1.323677e-02   1.969373e-03   1.515904e-02  -1.242952e-19   6.606242e-21   3.089204e-21  -1.207432e-20  -5.247838e-20  -3.123863e-20   1.190851e-02   3.971516e+11  -7.009665e-12   3.725609e-13   1.742165e-13
            391            455   9.090620e-03   1.723981e-03   1.522413e-02   9.090620e-03   1.723981e-03   1.522413e-02   1.792197e-03   1.100686e-03   6.758965e-12   3.681723e-07   6.788898e-08   6.818964e-04   2.400000e+10   9.924523e-20   4.962261e-20   5.079335e-20   9.090620e-03   1.723981e-03   1.522413e-02   8.502837e-20  -6.310821e-21  -5.079335e-20   3.567020e-22  -4.950717e-20   3.364026e-21   5.653697e-03   1.601073e+12   5.790745e-12  -4.297901e-13  -3.459214e-12
            439            351   1.515617e-02   2.797931e-03   1.462297e-02   1.515617e-02   2.797931e-03   1.462297e-02   2.328820e-03   1.544459e-03   9.623170e-12   8.600264e-08   9.453134e-08   9.286103e-04   2.400000e+10   2.801316e-19   1.400658e-19  -1.288394e-19   1.515617e-02   2.797931e-03   1.462297e-02  -1.541302e-19  -1.952384e-19   1.288394e-19  -1.132552e-19   8.157717e-20  -1.169875e-20   1.032379e-02   6.321948e+13  -5.294728e-12  -6.706892e-12   4.425930e-12
             18             88   1.446292e-02   1.919982e-02   5.217807e-03   1.446292e-02   1.919982e-02   5.217807e-03   1.698114e-03   1.104186e-03   9.684715e-12   6.762798e-10   8.049904e-08   6.691054e-04   2.400000e+10   2.416097e-19   1.208048e-19   2.296326e-19   1.446292e-02   1.919982e-02   5.217807e-03   3.189216e-20  -6.802202e-20  -2.296326e-19   1.091301e-19  -3.930281e-20   3.375979e-20   4.795985e-03   1.613161e+15   1.278370e-12  -2.726604e-12  -9.204624e-12
             16            107   1.786765e-02   1.055604e-02   4.712265e-03   1.786765e-02   1.055604e-02   4.712265e-03   2.022130e-03   1.133361e-03   1.000028e-11   9.091459e-10   8.522386e-08   7.262905e-04   2.400000e+10   2.727239e-08   3.610823e-10   8.616749e-09   1.786765e-02   1.055604e-02   4.712265e-03  -4.269132e-09   2.526229e-08  -9.347437e-09  -3.506875e-10  -2.934604e-11   8.085487e-11   1.585743e-04   5.862592e+03  -1.565368e-01   9.262953e-01  -3.427436e-01
             89             39   1.284069e-02   1.193831e-02   1.451922e-03   1.284069e-02   1.193831e-02   1.451922e-03   1.460058e-03   1.524963e-03   1.758163e-11   5.313393e-11   1.145172e-07   7.459024e-04   2.400000e+10   6.442877e-08   3.221439e-08   3.715970e-09   1.284069e-02   1.193831e-02   1.451922e-03   5.714054e-08   2.842608e-08  -8.830850e-09   2.086969e-09   1.522221e-08   2.831423e-08   1.012132e-04   3.700454e+02   8.868792e-01   4.412016e-01  -1.370638e-01
             82            178   1.304800e-02   1.834511e-02   8.832678e-03   1.304800e-02   1.834511e-02   8.832678e-03   1.505553e-03   9.851419e-04   9.984943e-12   2.299713e-09   7.710987e-08   5.954898e-04   2.400000e+10   2.460091e-19   1.230045e-19   1.264631e-19   1.304800e-02   1.834511e-02   8.832678e-03  -1.989240e-19  -7.040462e-20  -1.264631e-19  -5.065153e-20   1.066851e-19   3.439222e-20   8.405428e-03   8.623325e+12  -8.073866e-12  -2.857561e-12  -5.132847e-12
            257            274   1.523475e-02   1.723357e-02   9.694350e-03   1.523475e-02   1.723357e-02   9.694350e-03   2.459298e-03   7.385798e-04   1.003798e-11   4.823865e-08   7.550862e-08   5.679979e-04   2.400000e+10   2.425453e-08   2.873213e-09   4.188572e-10   1.523475e-02   1.723357e-02   9.694350e-03  -1.580194e-08  -1.831246e-08  -1.798611e-09   7.322969e-10  -8.903928e-10   2.631785e-09   7.434096e-05   1.818256e+02  -6.515044e-01  -7.550119e-01  -7.415568e-02
            456            368   1.242471e-02   1.497286e-02   1.524173e-02   1.242471e-02   1.497286e-02   1.524173e-02   7.823315e-04   2.955917e-03   9.558377e-12   7.579542e-10   7.689525e-08   6.186071e-04   2.400000e+10   2.248111e-19   1.124056e-19  -1.688138e-19   1.242471e-02   1.497286e-02   1.524173e-02   4.273123e-20  -1.421829e-19   1.688138e-19  -7.056391e-20  -6.368441e-20  -6.000033e-20   8.478623e-03   2.400096e+13   1.816819e-12  -6.045244e-12   7.177517e-12
            452            194   1.810087e-02   1.213375e-02   1.644229e-02   1.810087e-02   1.213375e-02   1.644229e-02   8.163970e-04   1.589721e-03   9.972018e-12   5.400007e-10   7.334056e-08   5.393932e-04   2.400000e+10   2.333782e-19   1.166891e-19   5.156061e-20   1.810087e-02   1.213375e-02   1.644229e-02  -2.276054e-19  -1.631888e-21  -5.156061e-20  -1.185938e-20   1.089177e-19  -4.015769e-20   4.658104e-03   1.474731e+14  -9.725352e-12  -6.972894e-14  -2.203134e-12
            463            432   1.319311e-02   1.113590e-02   1.611056e-02   1.319311e-02   1.113590e-02   1.611056e-02   9.894216e-04   1.612767e-03   5.068600e-12   1.963730e-10   5.575080e-08   6.132170e-04   2.400000e+10   4.583287e-20   2.291644e-20  -2.185403e-20   1.319311e-02   1.113590e-02   1.611056e-02  -4.097282e-21   4.007825e-20   2.185403e-20  -1.919444e-20  -9.041276e-21   8.659779e-21   5.980510e-03   2.087834e+14  -4.531132e-13   4.432203e-12   2.416810e-12
