            151            111   1.021083e-02   4.936544e-03   2.445077e-03   1.021083e-02   4.936544e-03   2.445077e-03   8.813855e-04   1.885896e-03   9.936970e-12   4.062426e-09   7.725777e-08   6.006622e-04   2.400000e+10   2.441182e-19   1.220591e-19  -8.045496e-20   1.021083e-02   4.936544e-03   2.445077e-03  -1.649087e-19   1.610149e-19   8.045496e-20   1.042357e-19   6.305407e-20   7.584460e-21   6.716439e-03   3.437027e+13  -6.712702e-12   6.554206e-12   3.274965e-12
            158            209   6.922225e-03   8.473946e-03   4.350201e-03   6.922225e-03   8.473946e-03   4.350201e-03   2.108192e-03   1.692008e-03   7.722548e-12   2.950757e-09   8.513995e-08   9.386554e-04   2.400000e+10   1.624817e-19   8.124087e-20   9.975648e-20   6.922225e-03   8.473946e-03   4.350201e-03   3.007409e-20   1.246776e-19  -9.975648e-20  -2.556633e-20   5.114475e-20   5.771184e-20   7.913646e-03   1.053446e+14   1.429383e-12   5.925767e-12  -4.741297e-12
            165            213   1.854577e-03   6.152623e-03   5.378115e-03   1.854577e-03   6.152623e-03   5.378115e-03   1.837753e-03   1.222064e-03   9.912885e-12   8.468479e-09   8.529879e-08   7.339824e-04   2.400000e+10   2.682211e-19   1.341106e-19  -4.863777e-20   1.854577e-03   6.152623e-03   5.378115e-03  -2.567741e-19  -6.036569e-20   4.863777e-20   5.149958e-20  -8.778267e-20   8.733637e-20   4.323548e-03   7.877608e+13  -9.489826e-12  -2.230988e-12   1.797549e-12
            165            309   7.924141e-04   5.408827e-03   6.566341e-03   7.924141e-04   5.408827e-03   6.566341e-03   1.392960e-03   5.775389e-04   8.201830e-12   3.470678e-07   5.786650e-08   4.082664e-04   2.400000e+10   1.245658e-19   6.228289e-20   1.115867e-19   7.924141e-04   5.408827e-03   6.566341e-03   2.498066e-20   4.940654e-20  -1.115867e-19  -2.480146e-20  -4.567545e-20  -3.431907e-20   5.417676e-03   4.956169e+11   1.644811e-12   3.253093e-12  -7.347244e-12
            201            229   8.265633e-03   4.935175e-03   6.222165e-03   8.265633e-03   4.935175e-03   6.222165e-03   1.906584e-03   9.075876e-04   9.884618e-12   1.234045e-09   7.796091e-08   6.148850e-04   2.400000e+10   2.437511e-19   1.218756e-19   1.737227e-19   8.265633e-03   4.935175e-03   6.222165e-03  -1.619757e-19   5.476239e-20  -1.737227e-19  -5.047923e-20  -1.070091e-19   2.923266e-20   4.951998e-03   1.142131e+14  -6.568452e-12   2.220730e-12  -7.044818e-12
            249            217   5.403215e-03   8.953783e-03   6.785977e-03   5.403215e-03   8.953783e-03   6.785977e-03   8.183401e-04   2.314038e-03   9.925700e-12   1.976578e-08   7.746324e-08   6.045471e-04   2.400000e+10   2.442125e-19   1.221063e-19   2.349710e-19   5.403215e-03   8.953783e-03   6.785977e-03   3.698410e-20  -5.532227e-20  -2.349710e-19   1.143185e-19   2.241563e-20   3.658899e-20   4.964447e-03   1.173204e+13   1.503171e-12  -2.248502e-12  -9.550091e-12
            295            329   8.471898e-03   8.614286e-04   8.500341e-03   8.471898e-03   8.614286e-04   8.500341e-03   8.838131e-04   7.761349e-04   9.997050e-12   1.642153e-09   6.427432e-08   4.132408e-04   2.400000e+10   2.055565e-19   1.027782e-19   3.954185e-20   8.471898e-03   8.614286e-04   8.500341e-03   1.753418e-19   9.972536e-20  -3.954185e-20  -6.658636e-20   7.792376e-20   7.583583e-21   4.973717e-03   2.097440e+14   8.527588e-12   4.850051e-12  -1.923081e-12
            295            263   1.013653e-02   1.955651e-03   7.589777e-03   1.013653e-02   1.955651e-03   7.589777e-03   1.107811e-03   1.005128e-03   9.970956e-12   5.702357e-09   7.248839e-08   5.269873e-04   2.400000e+10   2.306174e-19   1.153087e-19  -1.178355e-19   1.013653e-02   1.955651e-03   7.589777e-03  -1.959739e-19  -2.988956e-20   1.178355e-19   6.688243e-20   6.633459e-20   6.650230e-20   4.685487e-03   1.009787e+14  -8.473115e-12  -1.292303e-12   5.094727e-12
            301            305   6.208922e-03   2.907725e-03   9.362511e-03   6.208922e-03   2.907725e-03   9.362511e-03   1.472563e-03   1.833167e-03   9.833818e-12   1.415402e-08   8.961183e-08   8.165985e-04   2.400000e+10   2.773063e-19   1.386531e-19   1.076350e-19   6.208922e-03   2.907725e-03   9.362511e-03  -2.450130e-19  -7.267822e-20  -1.076350e-19   8.774401e-20   4.751534e-22  -1.073567e-19   7.409127e-03   8.470018e+12  -8.688635e-12  -2.577311e-12  -3.816945e-12
            416            449   6.861837e-03   7.331329e-03   1.529357e-02   6.861837e-03   7.331329e-03   1.529357e-02   8.906387e-04   6.242096e-04   9.997326e-12   2.123002e-08   6.057220e-08   3.669973e-04   2.400000e+10   1.937274e-19   9.686371e-20   1.257039e-20   6.861837e-03   7.331329e-03   1.529357e-02  -1.897719e-19  -3.686335e-20  -1.257039e-20   4.048355e-21  -2.097372e-20   9.447905e-20   4.124756e-03   4.580084e+14  -9.793204e-12  -1.902338e-12  -6.486964e-13
            398            451   1.084108e-02   8.501016e-03   1.659209e-02   1.084108e-02   8.501016e-03   1.659209e-02   1.377441e-03   2.553692e-03   9.857030e-12   7.157057e-10   9.391499e-08   8.947954e-04   2.400000e+10   2.919961e-19   1.459981e-19   6.350440e-20   1.084108e-02   8.501016e-03   1.659209e-02  -2.079927e-19   1.948537e-19  -6.350440e-20   1.100996e-19   2.733138e-20  -9.190482e-20   1.158196e-02   4.070307e+13  -7.021293e-12   6.577754e-12  -2.143744e-12
            437            469   1.091542e-03   2.556845e-03   1.498387e-02   1.091542e-03   2.556845e-03   1.498387e-02   9.946851e-04   1.136550e-03   1.000090e-11   1.589721e-05   7.283512e-08   5.304479e-04   2.400000e+10   2.330933e-08   1.165467e-08  -2.151234e-09   1.091542e-03   2.556845e-03   1.498387e-02   1.788012e-08   1.432253e-08   4.300177e-09  -4.075418e-09   1.852487e-09   1.076060e-08   6.857640e-05   3.480349e+02   7.670799e-01   6.144546e-01   1.844831e-01
            469            382   9.196154e-04   1.538391e-03   1.440312e-02   9.196153e-04   1.538391e-03   1.440312e-02   7.185735e-04   1.230327e-03   1.000126e-11   3.233128e-10   6.735633e-08   4.536303e-04   2.400000e+10   2.155674e-08   3.830087e-11  -1.173360e-08   9.196153e-04   1.538391e-03   1.440312e-02  -1.126074e-08   1.421124e-08   1.165888e-08  -3.070786e-11  -6.271426e-12  -2.201485e-11   7.131090e-05   2.038542e+04  -5.223768e-01   6.592480e-01   5.408462e-01
            382            381   1.197909e-03   1.004912e-03   1.284230e-02   1.197909e-03   1.004912e-03   1.284230e-02   8.524610e-04   1.228088e-03   1.000870e-11   6.636878e-07   7.096626e-08   5.031831e-04   2.400000e+10   2.272897e-08   1.136448e-08  -1.118466e-08   1.197909e-03   1.004912e-03   1.284230e-02   1.180426e-08  -2.044952e-10   1.942224e-08  -5.716880e-09  -9.226670e-09   3.367092e-09   6.947349e-05   3.557589e+02   5.193489e-01  -8.997120e-03   8.545149e-01
            431            391   9.502538e-03   2.999209e-03   1.456411e-02   9.502538e-03   2.999209e-03   1.456411e-02   7.391964e-04   1.314620e-03   9.990546e-12   1.337035e-06   6.875335e-08   4.731496e-04   2.400000e+10   2.195949e-19   1.097974e-19   1.056313e-19   9.502538e-03   2.999209e-03   1.456411e-02  -1.353970e-19   1.368634e-19  -1.056313e-19  -8.634241e-20  -5.354642e-20   4.163231e-20   5.263813e-03   1.054447e+14  -6.159934e-12   6.226649e-12  -4.805732e-12
            359            384   8.958516e-03   1.030515e-02   1.393752e-02   8.958516e-03   1.030515e-02   1.393752e-02   1.482989e-03   1.119495e-03   9.999883e-12   4.200984e-08   7.986996e-08   6.379284e-04   2.400000e+10   2.555779e-19   1.277890e-19   1.918991e-20   8.958516e-03   1.030515e-02   1.393752e-02  -2.143906e-19  -1.377987e-19  -1.918991e-20  -4.503520e-20   8.342573e-20  -8.568543e-20   6.598749e-03   3.079519e+13  -8.388366e-12  -5.391588e-12  -7.508352e-13
            349            361   8.261641e-03   2.893702e-03   1.194471e-02   8.261641e-03   2.893702e-03   1.194471e-02   2.950576e-03   7.468455e-04   3.597624e-12   5.500631e-11   4.630493e-08   5.959895e-04   2.400000e+10   1.917824e-20   9.589121e-21  -1.065826e-20   8.261641e-03   2.893702e-03   1.194471e-02  -8.943105e-21  -1.319952e-20   1.065826e-20  -7.741753e-21   5.584453e-21  -9.112532e-22   7.604360e-03   2.558897e+14  -1.677627e-12  -2.476082e-12   1.999371e-12
            381            373   9.475784e-04   1.572218e-03   1.184881e-02   9.475784e-04   1.572218e-03   1.184881e-02   8.935136e-04   6.747796e-04   1.000310e-11   7.666624e-10   6.201335e-08   3.844464e-04   2.400000e+10   1.985042e-08   3.791169e-10  -1.290748e-08   9.475784e-04   1.572218e-03   1.184881e-02   2.088550e-09  -1.382677e-08   1.408892e-08   1.137159e-10   2.664072e-10   2.445927e-10   5.983284e-05   1.227361e+03   1.052144e-01  -6.965477e-01   7.097543e-01
             50             30   3.204858e-03   1.845666e-02   4.152248e-03   3.204858e-03   1.845666e-02   4.152248e-03   1.597662e-03   1.630794e-03   4.574495e-12   2.356210e-09   6.075977e-08   8.070289e-04   2.400000e+10   4.068669e-20   2.034335e-20   3.701787e-21   3.204858e-03   1.845666e-02   4.152248e-03   2.338530e-20   3.308824e-20  -3.701787e-21   1.480076e-20  -9.673680e-21   1.006027e-20   8.618940e-03   5.126563e+14   2.629261e-12   3.720184e-12  -4.162001e-13
            130            166   3.857541e-03   1.647842e-02   5.955851e-03   3.857541e-03   1.647842e-02   5.955851e-03   1.135845e-03   1.181554e-03   1.998893e-12   6.902766e-10   3.402363e-08   5.791242e-04   2.400000e+10   4.350203e-21   2.175101e-21   5.844677e-22   3.857541e-03   1.647842e-02   5.955851e-03   3.328612e-21   2.739162e-21  -5.844677e-22   4.309371e-22   2.170889e-22   2.120903e-21   8.939706e-03   6.790641e+14   1.529477e-12   1.258629e-12  -2.685595e-13
            154            216   5.286876e-03   1.304563e-02   3.984851e-03   5.286876e-03   1.304563e-02   3.984851e-03   6.634423e-04   1.958410e-03   5.682828e-12   4.030502e-11   5.306785e-08   4.955626e-04   2.400000e+10   5.484164e-20   2.742082e-20   4.565712e-20   5.286876e-03   1.304563e-02   3.984851e-03  -2.802525e-20  -1.173110e-20  -4.565712e-20   8.528716e-21   2.413430e-20  -9.833514e-21   6.582170e-03   4.083848e+13  -2.904046e-12  -1.215606e-12  -4.731104e-12
            210            216   5.096971e-03   1.280623e-02   5.980908e-03   5.096971e-03   1.280623e-02   5.980908e-03   1.058555e-03   2.178838e-03   8.976673e-12   5.591151e-10   7.997039e-08   7.124314e-04   2.400000e+10   2.062102e-19   1.031051e-19  -1.217824e-19   5.096971e-03   1.280623e-02   5.980908e-03  -1.589972e-19  -4.910792e-20   1.217824e-19   8.455035e-20  -1.644011e-20   5.667114e-20   8.401469e-03   4.290909e+13  -6.921412e-12  -2.137750e-12   5.301390e-12
             24             78   5.216085e-03   1.810677e-02   2.698461e-03   5.216085e-03   1.810677e-02   2.698461e-03   1.338384e-03   1.153414e-03   8.707332e-12   2.556758e-08   7.344617e-08   6.195170e-04   2.400000e+10   1.781924e-19   8.909622e-20   1.435688e-19   5.216085e-03   1.810677e-02   2.698461e-03  -9.157609e-20   5.248202e-20  -1.435688e-19  -3.300425e-20   5.659742e-20   6.037870e-20   5.110800e-03   3.001508e+13  -4.474844e-12   2.564522e-12  -7.015456e-12
             54            174   5.186707e-03   1.781164e-02   9.144086e-03   5.186707e-03   1.781164e-02   9.144086e-03   2.211425e-03   1.799992e-03   9.992788e-12   7.613739e-10   9.957856e-08   9.923047e-04   2.400000e+10   3.181919e-19   1.590960e-19  -1.524691e-19   5.186707e-03   1.781164e-02   9.144086e-03  -2.379240e-19   1.462581e-19   1.524691e-19  -5.066797e-20   3.348002e-20  -1.470489e-19   1.189986e-02   4.309083e+14  -7.471981e-12   4.593222e-12   4.788279e-12
             81             94   6.261827e-03   1.466361e-02   8.929075e-04   6.261827e-03   1.466361e-02   8.929075e-04   8.770074e-04   1.664240e-03   9.996354e-12   4.963968e-09   7.577168e-08   5.743442e-04   2.400000e+10   2.422926e-19   1.211463e-19   1.018676e-19   6.261827e-03   1.466361e-02   8.929075e-04   1.769767e-19   1.304145e-19  -1.018676e-19  -7.492853e-20  -3.387263e-20  -8.896509e-20   4.917306e-03   6.201015e+13   7.301593e-12   5.380557e-12  -4.202789e-12
             70             65   5.646090e-03   1.190379e-02   1.136588e-03   5.646090e-03   1.190379e-02   1.136588e-03   8.705112e-04   2.218721e-03   6.261289e-12   5.964612e-09   6.256697e-08   6.252108e-04   2.400000e+10   7.849150e-20   3.924575e-20   3.407424e-20   5.646090e-03   1.190379e-02   1.136588e-03  -7.053659e-20  -4.944803e-21  -3.407424e-20  -4.303688e-21   2.918615e-20   2.588196e-20   5.964798e-03   1.584842e+13  -5.626724e-12  -3.944484e-13  -2.718112e-12
            104             95   9.953624e-03   1.433935e-02   1.208464e-03   9.953624e-03   1.433935e-02   1.208464e-03   9.978387e-04   1.290906e-03   9.997127e-12   2.417901e-08   7.500952e-08   5.628046e-04   2.400000e+10   2.398926e-19   1.199463e-19   3.681363e-20   9.953624e-03   1.433935e-02   1.208464e-03  -2.352185e-19  -2.941891e-20  -3.681363e-20   4.830003e-20  -8.073745e-20  -7.440216e-20   6.809497e-03   4.664955e+13  -9.802341e-12  -1.225985e-12  -1.534147e-12
            101            238   9.626494e-04   1.349712e-02   5.982536e-03   9.626494e-04   1.349712e-02   5.982536e-03   1.686374e-03   1.156926e-03   9.999472e-12   8.120452e-09   8.283367e-08   6.861780e-04   2.400000e+10   2.650398e-19   1.325199e-19   1.916388e-19   9.626494e-04   1.349712e-02   5.982536e-03   1.371819e-19  -1.212508e-19  -1.916388e-19   1.067973e-19   5.593442e-20   5.501996e-20   4.835709e-03   1.909234e+14   5.175625e-12  -4.574575e-12  -7.230187e-12
            166            142   2.761235e-03   1.562436e-02   6.642078e-03   2.761235e-03   1.562436e-02   6.642078e-03   1.782996e-03   2.223516e-03   9.997686e-12   2.441430e-09   9.946307e-08   9.895191e-04   2.400000e+10   3.181346e-19   1.590673e-19   3.050608e-19   2.761235e-03   1.562436e-02   6.642078e-03  -1.234690e-20   8.941524e-20  -3.050608e-19   1.433679e-19  -6.887510e-20   2.067233e-21   7.013303e-03   5.201507e+13  -3.880134e-13   2.809961e-12  -9.586830e-12
            270            217   4.543404e-03   1.191005e-02   8.499497e-03   4.543404e-03   1.191005e-02   8.499497e-03   7.001288e-04   1.451413e-03   9.982784e-12   4.148956e-09   6.866499e-08   4.723013e-04   2.400000e+10   2.189720e-19   1.094860e-19  -4.706271e-20   4.543404e-03   1.191005e-02   8.499497e-03  -1.139221e-19   1.809851e-19   4.706271e-20   2.590973e-20  -3.433668e-20   1.006820e-19   5.267881e-03   1.880216e+16  -5.193631e-12   8.250985e-12   2.145556e-12
            217            249   5.403215e-03   8.953783e-03   6.785977e-03   5.403215e-03   8.953783e-03   6.785977e-03   2.314038e-03   8.183401e-04   9.925700e-12   1.976578e-08   7.746324e-08   6.045471e-04   2.400000e+10   2.442125e-19   1.221063e-19  -2.349710e-19   5.403215e-03   8.953783e-03   6.785977e-03  -3.698410e-20   5.532227e-20   2.349710e-19  -1.143185e-19  -2.241563e-20  -3.658899e-20   4.964447e-03   1.173204e+13  -1.503171e-12   2.248502e-12   9.550091e-12
            468            474   6.344323e-03   1.280117e-02   1.575127e-02   6.344323e-03   1.280117e-02   1.575127e-02   6.909505e-04   1.040240e-03   9.998917e-12   2.058024e-08   6.443091e-08   4.151791e-04   2.400000e+10   2.061342e-19   1.030671e-19  -1.168152e-20   6.344323e-03   1.280117e-02   1.575127e-02   1.222932e-19   1.655271e-19   1.168152e-20   7.733251e-20  -6.793108e-20   5.280509e-21   3.999229e-03   5.896540e+13   5.932056e-12   8.029195e-12   5.666335e-13
            468            418   7.632535e-03   1.330510e-02   1.602386e-02   7.632535e-03   1.330510e-02   1.602386e-02   7.853417e-04   1.871036e-03   9.994709e-12   9.642617e-09   7.435507e-08   5.531603e-04   2.400000e+10   2.376845e-19   1.188422e-19   2.715017e-20   7.632535e-03   1.330510e-02   1.602386e-02  -2.359611e-19   8.896939e-21  -2.715017e-20   3.010932e-20  -4.632576e-20  -1.052180e-19   5.061298e-03   8.129413e+13  -9.922238e-12   3.741191e-13  -1.141674e-12
            430            378   4.943738e-03   1.417139e-02   1.495053e-02   4.943738e-03   1.417139e-02   1.495053e-02   2.398252e-03   1.654262e-03   9.988423e-12   4.228878e-10   9.888621e-08   9.789816e-04   2.400000e+10   3.157036e-19   1.578518e-19  -3.759521e-20   4.943738e-03   1.417139e-02   1.495053e-02  -2.560485e-19  -1.808163e-19   3.759521e-20   8.739799e-20  -1.211065e-19  -5.110777e-20   1.050306e-02   1.285828e+15  -8.101018e-12  -5.720776e-12   1.189460e-12
            384            359   8.958516e-03   1.030515e-02   1.393752e-02   8.958516e-03   1.030515e-02   1.393752e-02   1.119495e-03   1.482989e-03   9.999883e-12   4.200984e-08   7.986996e-08   6.379284e-04   2.400000e+10   2.555779e-19   1.277890e-19  -1.918991e-20   8.958516e-03   1.030515e-02   1.393752e-02   2.143906e-19   1.377987e-19   1.918991e-20   4.503520e-20  -8.342573e-20   8.568543e-20   6.598749e-03   3.079519e+13   8.388366e-12   5.391588e-12   7.508352e-13
            350            342   1.733361e-03   1.175315e-02   1.189393e-02   1.733361e-03   1.175315e-02   1.189393e-02   2.284971e-03   1.891612e-03   9.996388e-12   3.130399e-10   1.017109e-07   1.034884e-03   2.400000e+10   3.252397e-19   1.626198e-19  -3.181652e-19   1.733361e-03   1.175315e-02   1.189393e-02  -1.457686e-20  -6.587315e-20   3.181652e-19  -1.550793e-19  -1.875044e-20  -4.521104e-20   7.317256e-03   3.694512e+14  -4.480264e-13  -2.024641e-12   9.778950e-12
            254            314   2.997284e-03   1.479252e-02   1.249132e-02   2.997284e-03   1.479252e-02   1.249132e-02   2.339574e-03   1.219129e-03   9.944024e-12   1.044420e-09   8.927471e-08   8.014838e-04   2.400000e+10   2.824898e-19   1.412449e-19  -1.261961e-19   2.997284e-03   1.479252e-02   1.249132e-02  -2.303426e-19  -1.040065e-19   1.261961e-19  -3.174862e-20   1.366147e-19   1.669087e-20   1.056547e-02   1.965536e+14  -8.108371e-12  -3.661169e-12   4.442273e-12
            314            338   6.461595e-03   1.655057e-02   1.113556e-02   6.461595e-03   1.655057e-02   1.113556e-02   1.815772e-03   3.240321e-03   9.901936e-12   1.033868e-09   1.073439e-07   1.163682e-03   2.400000e+10   3.367964e-19   1.683982e-19  -6.860393e-21   6.461595e-03   1.655057e-02   1.113556e-02  -3.242123e-19  -9.094595e-20   6.860393e-21  -4.663358e-21   1.193185e-19   1.187405e-19   1.147882e-02   2.543984e+14  -9.531958e-12  -2.673844e-12   2.016980e-13
            342            313   2.932452e-03   1.213017e-02   1.073612e-02   2.932452e-03   1.213017e-02   1.073612e-02   1.534878e-03   1.108070e-03   9.971252e-12   4.237929e-10   8.010343e-08   6.435059e-04   2.400000e+10   2.548593e-19   1.274296e-19  -9.347501e-20   2.932452e-03   1.213017e-02   1.073612e-02  -2.362235e-19  -2.035026e-20   9.347501e-20  -2.286391e-20  -1.055949e-19  -6.756681e-20   6.592275e-03   1.656083e+15  -9.242136e-12  -7.961947e-13   3.657167e-12
             51            187   1.729902e-02   3.946059e-03   5.579884e-03   1.729902e-02   3.946059e-03   5.579884e-03   1.342195e-03   1.263473e-03   9.992526e-12   5.041983e-09   8.064341e-08   6.508224e-04   2.400000e+10   2.576733e-19   1.288367e-19   1.480858e-19   1.729902e-02   3.946059e-03   5.579884e-03   1.369463e-19   1.603492e-19  -1.480858e-19   9.503364e-20  -5.582215e-20   6.671868e-20   7.789443e-03   1.779735e+14   5.310752e-12   6.218314e-12  -5.742740e-12
            115            161   1.181768e-02   6.132589e-03   2.522080e-03   1.181768e-02   6.132589e-03   2.522080e-03   9.567636e-04   1.290103e-03   8.302955e-12   2.011676e-08   6.753707e-08   5.493533e-04   2.400000e+10   1.489902e-19   7.449508e-20   3.296139e-20   1.181768e-02   6.132589e-03   2.522080e-03   1.409119e-19   3.543228e-20  -3.296139e-20   8.950343e-21  -9.601450e-21   7.332953e-20   5.004590e-03   1.918476e+13   7.852769e-12   1.974578e-12  -1.836880e-12
            195            192   1.365490e-02   7.652378e-03   4.536349e-03   1.365490e-02   7.652378e-03   4.536349e-03   1.197143e-03   1.067428e-03   7.642253e-12   5.501556e-08   6.566895e-08   5.642852e-04   2.400000e+10   1.227306e-19   6.136530e-20  -1.645132e-20   1.365490e-02   7.652378e-03   4.536349e-03   4.161911e-20  -1.142804e-19   1.645132e-20   3.481985e-20   1.465930e-20  -4.835683e-20   4.142845e-03   1.933385e+13   2.591561e-12  -7.116070e-12   1.024399e-12
            243            225   1.338627e-02   4.550605e-03   7.286567e-03   1.338627e-02   4.550605e-03   7.286567e-03   1.038479e-03   9.629361e-04   1.304359e-11   4.612420e-10   8.072863e-08   4.996410e-04   2.400000e+10   3.369571e-08   1.684786e-08  -2.590515e-08   1.338627e-02   4.550605e-03   7.286567e-03   7.221938e-09  -1.799455e-08   2.755795e-08  -7.901386e-09  -1.315877e-08  -6.947301e-09   6.513753e-05   2.044542e+03   2.143281e-01  -5.340308e-01   8.178475e-01
            243            239   1.326518e-02   3.708123e-03   7.623831e-03   1.326518e-02   3.708123e-03   7.623831e-03   9.596412e-04   1.274505e-03   1.153644e-11   1.695892e-10   7.947040e-08   5.474430e-04   2.400000e+10   2.933778e-08   1.466889e-08  -2.493318e-09   1.326518e-02   3.708123e-03   7.623831e-03   1.570968e-08   2.452220e-08   3.545903e-09  -5.427707e-09   5.627314e-09  -1.241168e-08   6.565116e-05   4.691255e+02   5.354761e-01   8.358571e-01   1.208647e-01
            251            283   1.686791e-02   4.163294e-03   8.937852e-03   1.686791e-02   4.163294e-03   8.937852e-03   1.519367e-03   1.686880e-03   9.986554e-12   1.832551e-08   8.934758e-08   7.993738e-04   2.400000e+10   2.851439e-19   1.425719e-19  -6.384757e-20   1.686791e-02   4.163294e-03   8.937852e-03   1.734909e-19  -2.170978e-19   6.384757e-20   3.958042e-22  -5.100179e-20  -1.331368e-19   9.607637e-03   1.448787e+15   6.076147e-12  -7.603384e-12   2.236124e-12
            283            311   1.595993e-02   6.649445e-03   9.963878e-03   1.595993e-02   6.649445e-03   9.963878e-03   1.268728e-03   6.830692e-04   9.867640e-12   3.091572e-08   6.619206e-08   4.440159e-04   2.400000e+10   2.062445e-19   1.031223e-19   1.370553e-19   1.595993e-02   6.649445e-03   9.963878e-03  -4.150999e-20  -1.484236e-19  -1.370553e-19   5.444506e-20  -6.906801e-20   5.384745e-20   5.272490e-03   1.109684e+14  -1.986019e-12  -7.101235e-12  -6.557324e-12
            299            225   1.374346e-02   6.366429e-03   6.718249e-03   1.374346e-02   6.366429e-03   6.718249e-03   1.936705e-03   1.723550e-03   1.013700e-11   5.463199e-09   9.614856e-08   9.119607e-04   2.400000e+10   3.118905e-08   1.559453e-08  -1.573340e-08   1.374346e-02   6.366429e-03   6.718249e-03  -1.579515e-09   2.482305e-08   1.881697e-08   4.668939e-09   9.041826e-09  -1.181675e-08   1.104590e-04   2.922482e+03  -5.064325e-02   7.958897e-01   6.033198e-01
            111            151   1.021083e-02   4.936544e-03   2.445077e-03   1.021083e-02   4.936544e-03   2.445077e-03   1.885896e-03   8.813855e-04   9.936970e-12   4.062426e-09   7.725777e-08   6.006622e-04   2.400000e+10   2.441182e-19   1.220591e-19   8.045496e-20   1.021083e-02   4.936544e-03   2.445077e-03   1.649087e-19  -1.610149e-19  -8.045496e-20  -1.042357e-19  -6.305407e-20  -7.584460e-21   6.716439e-03   3.437027e+13   6.712702e-12  -6.554206e-12  -3.274965e-12
            199            239   1.386048e-02   1.872986e-03   8.039128e-03   1.386048e-02   1.872986e-03   8.039128e-03   1.721725e-03   7.500945e-04   1.063434e-11   3.551201e-09   7.453956e-08   5.224720e-04   2.400000e+10   2.536573e-08   1.268286e-08  -7.741077e-09   1.386048e-02   1.872986e-03   8.039128e-03   1.939160e-08  -1.405411e-08   8.358710e-09  -6.259623e-09  -2.123391e-09   1.082420e-08   1.189077e-04   2.894439e+03   7.644803e-01  -5.540590e-01   3.295277e-01
            263            295   1.013653e-02   1.955651e-03   7.589777e-03   1.013653e-02   1.955651e-03   7.589777e-03   1.005128e-03   1.107811e-03   9.970956e-12   5.702357e-09   7.248839e-08   5.269873e-04   2.400000e+10   2.306174e-19   1.153087e-19   1.178355e-19   1.013653e-02   1.955651e-03   7.589777e-03   1.959739e-19   2.988956e-20  -1.178355e-19  -6.688243e-20  -6.633459e-20  -6.650230e-20   4.685487e-03   1.009787e+14   8.473115e-12   1.292303e-12  -5.094727e-12
            271            315   1.469282e-02   2.542794e-03   1.160447e-02   1.469282e-02   2.542794e-03   1.160447e-02   1.121253e-03   1.209152e-03   9.360936e-12   3.878810e-07   7.379657e-08   5.817724e-04   2.400000e+10   2.069306e-19   1.034653e-19   1.111042e-19   1.469282e-02   2.542794e-03   1.160447e-02  -1.266529e-19   1.201465e-19  -1.111042e-19   4.792171e-20  -2.990420e-20  -8.668517e-20   1.068618e-02   1.565915e+15  -5.729407e-12   5.435077e-12  -5.026028e-12
            271            331   1.515940e-02   4.045310e-03   1.100530e-02   1.515940e-02   4.045310e-03   1.100530e-02   1.436525e-03   1.064711e-03   8.995765e-12   6.294464e-09   7.416759e-08   6.114912e-04   2.400000e+10   1.920615e-19   9.603076e-20   3.706894e-20   1.515940e-02   4.045310e-03   1.100530e-02  -1.676964e-19  -8.597337e-20  -3.706894e-20  -2.427423e-20   8.219327e-20   4.332361e-20   8.265897e-03   2.103506e+13  -7.854556e-12  -4.026815e-12  -1.736233e-12
            311            283   1.595993e-02   6.649445e-03   9.963878e-03   1.595993e-02   6.649445e-03   9.963878e-03   6.830692e-04   1.268728e-03   9.867640e-12   3.091572e-08   6.619206e-08   4.440159e-04   2.400000e+10   2.062445e-19   1.031223e-19  -1.370553e-19   1.595993e-02   6.649445e-03   9.963878e-03   4.150999e-20   1.484236e-19   1.370553e-19  -5.444506e-20   6.906801e-20  -5.384745e-20   5.272490e-03   1.109684e+14   1.986019e-12   7.101235e-12   6.557324e-12
            467            391   1.274492e-02   8.908192e-04   1.613925e-02   1.274492e-02   8.908192e-04   1.613925e-02   9.086683e-04   1.281832e-03   1.000091e-11   3.402673e-09   7.292329e-08   5.317324e-04   2.400000e+10   2.333756e-08   2.719986e-10  -7.095958e-09   1.274492e-02   8.908192e-04   1.613925e-02   1.935562e-08  -7.920688e-09   1.035687e-08  -1.129602e-10  -2.463923e-10   2.267266e-11   7.500884e-05   5.519607e+02   8.293760e-01  -3.393965e-01   4.437854e-01
            459            415   1.298271e-02   4.651706e-03   1.487614e-02   1.298271e-02   4.651706e-03   1.487614e-02   1.098938e-03   2.328858e-03   1.490708e-12   3.367038e-11   3.336161e-08   7.466230e-04   2.400000e+10   2.372368e-21   1.186184e-21  -2.273144e-21   1.298271e-02   4.651706e-03   1.487614e-02   6.459631e-22  -2.089921e-22   2.273144e-21  -2.589546e-22   1.155856e-21   6.301233e-23   2.371325e-02   8.091476e+13   4.058993e-13  -1.313229e-13   1.428359e-12
            451            398   1.084108e-02   8.501016e-03   1.659209e-02   1.084108e-02   8.501016e-03   1.659209e-02   2.553692e-03   1.377441e-03   9.857030e-12   7.157057e-10   9.391499e-08   8.947954e-04   2.400000e+10   2.919961e-19   1.459981e-19  -6.350440e-20   1.084108e-02   8.501016e-03   1.659209e-02   2.079927e-19  -1.948537e-19   6.350440e-20  -1.100996e-19  -2.733138e-20   9.190482e-20   1.158196e-02   4.070307e+13   7.021293e-12  -6.577754e-12   2.143744e-12
            339            428   1.806576e-02   9.948575e-03   1.579037e-02   1.806576e-02   9.948575e-03   1.579037e-02   2.515863e-03   7.120293e-04   7.624253e-12   1.319369e-08   6.504764e-08   5.549653e-04   2.400000e+10   1.209974e-19   6.049871e-20   3.284411e-20   1.806576e-02   9.948575e-03   1.579037e-02   5.617947e-20  -1.020074e-19  -3.284411e-20  -5.633942e-20  -1.786705e-20   1.291247e-20   5.552292e-03   1.942213e+12   3.539963e-12  -6.427659e-12  -2.069563e-12
            391            431   9.502538e-03   2.999209e-03   1.456411e-02   9.502538e-03   2.999209e-03   1.456411e-02   1.314620e-03   7.391964e-04   9.990546e-12   1.337035e-06   6.875335e-08   4.731496e-04   2.400000e+10   2.195949e-19   1.097974e-19  -1.056313e-19   9.502538e-03   2.999209e-03   1.456411e-02   1.353970e-19  -1.368634e-19   1.056313e-19   8.634241e-20   5.354642e-20  -4.163231e-20   5.263813e-03   1.054447e+14   6.159934e-12  -6.226649e-12   4.805732e-12
            435            351   1.495619e-02   5.149970e-03   1.418494e-02   1.495619e-02   5.149970e-03   1.418494e-02   1.224310e-03   1.740772e-03   9.513169e-12   9.919947e-09   8.269150e-08   7.187809e-04   2.400000e+10   2.394756e-19   1.197378e-19  -1.195272e-19   1.495619e-02   5.149970e-03   1.418494e-02  -7.724141e-20   1.926021e-19   1.195272e-19  -9.031651e-20   1.010746e-20  -7.796093e-20   8.182534e-03   5.652817e+13  -3.068415e-12   7.651120e-12   4.748217e-12
            363             59   1.897956e-02   4.940422e-03   1.225197e-02   1.897956e-02   4.940422e-03   1.225197e-02   1.252526e-03   1.509148e-03   9.763709e-12   2.291099e-09   8.174863e-08   6.844570e-04   2.400000e+10   2.493791e-19   1.246896e-19  -1.605615e-19   1.897956e-02   4.940422e-03   1.225197e-02   7.005866e-20  -1.774873e-19   1.605615e-19   6.934922e-20  -2.712924e-20  -1.000109e-19   4.845845e-03   7.258992e+13   2.742941e-12  -6.948994e-12   6.286315e-12
            331             59   1.726597e-02   5.269658e-03   1.122595e-02   1.726597e-02   5.269658e-03   1.122595e-02   1.108787e-03   2.208610e-03   9.739045e-12   2.292681e-09   8.478968e-08   7.381925e-04   2.400000e+10   2.573509e-19   1.286755e-19  -4.823321e-21   1.726597e-02   5.269658e-03   1.122595e-02  -2.150566e-19  -1.412688e-19   4.823321e-21  -4.015292e-20   1.189311e-19  -2.829338e-20   8.049116e-03   5.464766e+13  -8.138483e-12  -5.346099e-12   1.825311e-13
             84            140   1.883597e-02   1.743481e-02   6.695783e-03   1.883597e-02   1.743481e-02   6.695783e-03   1.737611e-03   9.002297e-04   9.662313e-12   2.687019e-08   7.569535e-08   5.930036e-04   2.400000e+10   2.261421e-19   1.130710e-19  -2.098530e-19   1.883597e-02   1.743481e-02   6.695783e-03  -4.648172e-20   7.029517e-20   2.098530e-19   7.733086e-20   8.140182e-20  -1.336955e-20   4.609250e-03   8.445724e+14  -1.986012e-12   3.003483e-12   8.966334e-12
             92            148   1.826026e-02   1.834655e-02   9.050300e-03   1.826026e-02   1.834655e-02   9.050300e-03   1.083893e-03   1.632190e-03   5.584420e-13   2.446664e-08   1.907199e-08   6.513496e-04   2.400000e+10   1.903278e-22   9.516391e-23   6.465779e-23   1.826026e-02   1.834655e-02   9.050300e-03  -1.774663e-22   2.344689e-23  -6.465779e-23  -2.505435e-23   7.060947e-23   5.867498e-23   2.184195e-02   1.782630e+12  -5.207050e-13   6.879566e-14  -1.897128e-13
            260            114   1.250670e-02   1.459953e-02   5.195774e-03   1.250670e-02   1.459953e-02   5.195774e-03   1.070191e-03   2.078230e-03   9.020561e-12   4.087386e-08   7.982664e-08   7.064186e-04   2.400000e+10   2.078571e-19   1.039286e-19  -1.423309e-19   1.250670e-02   1.459953e-02   5.195774e-03   8.160772e-20  -1.276193e-19   1.423309e-19   1.929787e-20  -5.048121e-20  -8.877155e-20   8.402198e-03   6.247845e+12   3.541603e-12  -5.538408e-12   6.176861e-12
             91             89   1.467701e-02   1.215042e-02   1.221365e-03   1.467701e-02   1.215042e-02   1.221365e-03   2.188480e-03   1.635302e-03   5.322668e-12   2.492295e-10   7.058109e-08   9.359386e-04   2.400000e+10   6.398780e-20   3.199390e-20  -9.830913e-21   1.467701e-02   1.215042e-02   1.221365e-03   5.912114e-20  -2.241612e-20   9.830913e-21   5.104039e-21   2.544113e-20  -1.871651e-20   9.247783e-03   7.810779e+13   4.917847e-12  -1.864630e-12   8.177604e-13
            132            178   1.433097e-02   1.822227e-02   8.719575e-03   1.433097e-02   1.822227e-02   8.719575e-03   1.070594e-03   1.496174e-03   7.170808e-12   3.046528e-09   6.689507e-08   6.240511e-04   2.400000e+10   1.100729e-19   5.503644e-20   9.055410e-20   1.433097e-02   1.822227e-02   8.719575e-03   4.227436e-20  -4.613971e-20  -9.055410e-20  -3.906320e-20  -3.862938e-20  -3.293498e-21   9.536317e-03   1.079504e+12   2.754005e-12  -3.005818e-12  -5.899238e-12
             95            104   9.953624e-03   1.433935e-02   1.208464e-03   9.953624e-03   1.433935e-02   1.208464e-03   1.290906e-03   9.978387e-04   9.997127e-12   2.417901e-08   7.500952e-08   5.628046e-04   2.400000e+10   2.398926e-19   1.199463e-19  -3.681363e-20   9.953624e-03   1.433935e-02   1.208464e-03   2.352185e-19   2.941891e-20   3.681363e-20  -4.830003e-20   8.073745e-20   7.440216e-20   6.809497e-03   4.664955e+13   9.802341e-12   1.225985e-12   1.534147e-12
             82            178   1.307720e-02   1.828664e-02   8.969203e-03   1.307720e-02   1.828664e-02   8.969203e-03   1.483055e-03   9.830738e-04   1.000156e-11   5.508796e-09   7.689491e-08   5.911907e-04   2.400000e+10   2.461020e-08   1.230510e-08   1.424394e-09   1.307720e-02   1.828664e-02   8.969203e-03  -2.007441e-08  -7.158675e-09  -1.230584e-08  -3.699716e-09   8.480029e-09   8.112752e-09   1.235161e-04   3.501120e+02  -8.156945e-01  -2.908824e-01  -5.000299e-01
            178            257   1.379326e-02   1.752231e-02   9.812891e-03   1.379326e-02   1.752231e-02   9.812891e-03   1.042981e-03   3.162733e-03   9.687497e-12   2.235580e-09   8.716767e-08   7.843309e-04   2.400000e+10   2.617752e-19   1.308876e-19   1.753369e-20   1.379326e-02   1.752231e-02   9.812891e-03   6.300143e-20   2.534752e-19  -1.753369e-20  -8.658059e-20  -1.303649e-20  -9.729038e-20   8.143686e-03   2.340011e+13   2.331489e-12   9.380337e-12  -6.488681e-13
            208            300   1.457547e-02   1.201098e-02   8.376725e-03   1.457547e-02   1.201098e-02   8.376725e-03   1.515065e-03   2.147482e-03   7.317609e-12   8.945084e-09   8.062568e-08   8.883366e-04   2.400000e+10   1.381535e-19   6.907673e-20   8.589138e-20   1.457547e-02   1.201098e-02   8.376725e-03  -1.450529e-20  -1.072318e-19  -8.589138e-20  -6.685827e-20   1.720473e-20  -2.358918e-21   1.392967e-02   1.886363e+14  -7.683056e-13  -5.679771e-12  -4.549430e-12
            220            250   1.759909e-02   1.891425e-02   1.125248e-02   1.759909e-02   1.891425e-02   1.125248e-02   9.076519e-04   1.253501e-03   1.000119e-11   2.579843e-09   7.256131e-08   5.264518e-04   2.400000e+10   2.322238e-08   2.561181e-10   1.714227e-08   1.759909e-02   1.891425e-02   1.125248e-02   1.107718e-08   7.799004e-09  -1.886135e-08   3.215888e-11   2.275857e-10   1.129913e-10   7.583573e-05   1.925557e+03   4.770044e-01   3.358400e-01  -8.122059e-01
            300            208   1.457547e-02   1.201098e-02   8.376725e-03   1.457547e-02   1.201098e-02   8.376725e-03   2.147482e-03   1.515065e-03   7.317609e-12   8.945084e-09   8.062568e-08   8.883366e-04   2.400000e+10   1.381535e-19   6.907673e-20  -8.589138e-20   1.457547e-02   1.201098e-02   8.376725e-03   1.450529e-20   1.072318e-19   8.589138e-20   6.685827e-20  -1.720473e-20   2.358918e-21   1.392967e-02   1.886363e+14   7.683056e-13   5.679771e-12   4.549430e-12
            463            432   1.329866e-02   1.115463e-02   1.644907e-02   1.329866e-02   1.115463e-02   1.644907e-02   1.024651e-03   1.600299e-03   9.097522e-12   3.347394e-08   7.538581e-08   6.246779e-04   2.400000e+10   1.996576e-19   9.982879e-20  -9.599208e-20   1.329866e-02   1.115463e-02   1.644907e-02  -1.799702e-20   1.741401e-19   9.599208e-20  -9.118313e-20  -3.531505e-20   2.010649e-20   4.665302e-03   7.193369e+13  -8.200454e-13   7.934802e-12   4.373939e-12
            428            339   1.806576e-02   9.948575e-03   1.579037e-02   1.806576e-02   9.948575e-03   1.579037e-02   7.120293e-04   2.515863e-03   7.624253e-12   1.319369e-08   6.504764e-08   5.549653e-04   2.400000e+10   1.209974e-19   6.049871e-20  -3.284411e-20   1.806576e-02   9.948575e-03   1.579037e-02  -5.617947e-20   1.020074e-19   3.284411e-20   5.633942e-20   1.786705e-20  -1.291247e-20   5.552292e-03   1.942213e+12  -3.539963e-12   6.427659e-12   2.069563e-12
            211             74   1.282468e-02   1.860061e-02   1.328620e-02   1.282468e-02   1.860061e-02   1.328620e-02   1.607459e-03   2.617753e-03   9.958088e-12   1.082728e-09   9.958592e-08   9.959097e-04   2.400000e+10   3.160093e-19   1.580046e-19  -2.966565e-19   1.282468e-02   1.860061e-02   1.328620e-02   9.700972e-20   4.945601e-20   2.966565e-19  -1.379914e-19   7.689502e-20  -3.314088e-21   7.584129e-03   1.081413e+14   3.056971e-12   1.558458e-12   9.348243e-12
            256            250   1.699856e-02   1.690417e-02   1.304638e-02   1.699856e-02   1.690417e-02   1.304638e-02   9.784062e-04   3.042874e-03   9.949026e-12   5.502309e-07   8.582419e-08   7.403530e-04   2.400000e+10   2.718446e-19   1.359223e-19  -5.386818e-20   1.699856e-02   1.690417e-02   1.304638e-02   1.300596e-19  -2.325558e-19   5.386818e-20  -1.164165e-19  -5.840714e-20   3.886735e-20   4.754719e-03   5.274121e+12   4.759949e-12  -8.511126e-12   1.971479e-12
            256            252   1.768968e-02   1.626983e-02   1.265977e-02   1.768968e-02   1.626983e-02   1.265977e-02   1.140726e-03   2.734959e-03   9.994136e-12   2.190475e-10   8.969423e-08   8.049776e-04   2.400000e+10   2.866850e-19   1.433425e-19  -2.557661e-19   1.768968e-02   1.626983e-02   1.265977e-02  -1.267541e-19   2.656009e-20   2.557661e-19  -1.054334e-19   6.148809e-20  -7.516704e-20   4.608283e-03   3.722090e+14  -4.418778e-12   9.259121e-13   8.916269e-12
