     iteration=         150000       process=              0       (i,j,k)=              0              0              0       (x,y,z)=   5.000000e-03   5.000000e-03   4.998928e-03     particles=             78
fabric=[ ...   
   2.680370e-01  -3.458635e-03   1.788275e-02;
  -3.458635e-03   1.761818e-01   2.998649e-02;
   1.788275e-02   2.998649e-02   1.921449e-01]
sigma=[ ...    
  -6.237280e-05   3.339718e-04  -2.526638e-04;
   1.261787e-03  -2.188512e-03  -5.875320e-04;
   5.766545e-04  -8.025290e-05  -2.212423e-04]
sigmaDot=[ ... 
   1.537317e-01  -2.504928e-02   9.129715e-01;
   6.823367e-01  -1.278368e+00  -4.983663e-01;
   5.290845e-01  -1.125990e-02  -1.453401e-01]
intgraE=[ ...  
   7.821677e-04   1.167790e-04   1.225041e-03;
   1.167790e-04   9.018366e-04   1.656362e-03;
   1.225041e-03   1.656362e-03   4.286389e-03]
E=[ ...        
   7.734259e-04   1.435992e-04   1.234689e-03;
   1.435992e-04   9.510633e-04   1.789430e-03;
   1.234689e-03   1.789430e-03   4.535405e-03]
e=[ ...        
   7.704113e-04   1.389476e-04   1.223971e-03;
   1.389476e-04   9.407947e-04   1.766927e-03;
   1.223971e-03   1.766927e-03   4.486241e-03]
intgraF=[ ...  
   1.000781e+00   7.767146e-04   1.745862e-03;
  -5.447889e-04   1.000899e+00   1.138362e-03;
   7.004816e-04   2.162738e-03   1.004275e+00]
F=[ ...        
   1.000773e+00   7.443890e-04   1.669299e-03;
  -4.591863e-04   1.000948e+00   1.233926e-03;
   7.957573e-04   2.331974e-03   1.004523e+00]
R=[ ...        
   9.999997e-01   6.006647e-04   4.349576e-04;
  -6.004266e-04   9.999997e-01  -5.473186e-04;
  -4.352862e-04   5.470573e-04   9.999998e-01]
U=[ ...        
   1.000772e+00   1.423781e-04   1.231302e-03;
   1.423781e-04   1.000949e+00   1.784460e-03;
   1.231302e-03   1.784460e-03   1.004523e+00]
l=[ ...        
   1.054296e-02   1.145976e-02   2.320394e-02;
  -6.877365e-03   1.196972e-02   1.441575e-02;
   9.959171e-03   2.779682e-02   5.608438e-02]
d=[ ...        
   1.054296e-02   2.291195e-03   1.658156e-02;
   2.291195e-03   1.196972e-02   2.110628e-02;
   1.658156e-02   2.110628e-02   5.608438e-02]
     iteration=         150000       process=              1       (i,j,k)=              0              0              1       (x,y,z)=   5.000000e-03   5.000000e-03   1.499678e-02     particles=             46
fabric=[ ...   
   1.456443e-01   6.127456e-02  -1.858960e-03;
   6.127456e-02   3.377095e-01  -2.659714e-02;
  -1.858960e-03  -2.659714e-02   5.510778e-02]
sigma=[ ...    
  -4.598926e-04  -2.502882e-04   2.503545e-03;
   5.379610e-04  -2.287688e-03   9.152599e-04;
  -2.327305e-04   1.359457e-03   9.219276e-05]
sigmaDot=[ ... 
   2.321721e+02  -9.477383e+01  -3.160649e+03;
  -4.797430e+03   1.733396e+02   6.645294e+02;
  -5.508817e+00  -5.025916e+03  -5.962628e+02]
intgraE=[ ...  
   5.996876e-04  -3.526456e-04   1.918143e-03;
  -3.526456e-04   1.589676e-03   3.590483e-04;
   1.918143e-03   3.590483e-04  -2.154887e-04]
E=[ ...        
   7.898127e-04  -2.898709e-04   1.894161e-03;
  -2.898709e-04   1.577092e-03   4.099822e-04;
   1.894161e-03   4.099822e-04  -8.678712e-05]
e=[ ...        
   7.720258e-04  -2.958312e-04   1.893071e-03;
  -2.958312e-04   1.569459e-03   4.138207e-04;
   1.893071e-03   4.138207e-04  -8.291601e-05]
intgraF=[ ...  
   1.000590e+00  -8.968732e-04  -4.329610e-04;
   1.799471e-04   1.001584e+00  -2.059920e-03;
   4.270803e-03   2.781497e-03   9.997823e-01]
F=[ ...        
   1.000780e+00  -7.377134e-04  -6.100220e-04;
   1.462883e-04   1.001572e+00  -1.911313e-03;
   4.399489e-03   2.734074e-03   9.999112e-01]
R=[ ...        
   9.999968e-01  -4.460686e-04  -2.503613e-03;
   4.402546e-04   9.999972e-01  -2.322303e-03;
   2.504642e-03   2.321193e-03   9.999942e-01]
U=[ ...        
   1.000788e+00  -2.899165e-04   1.893558e-03;
  -2.899165e-04   1.001576e+00   4.099519e-04;
   1.893558e-03   4.099519e-04   9.999113e-01]
l=[ ...        
   6.268497e-03  -1.004792e-02   3.506889e-03;
   2.911848e-03   1.993510e-02  -3.333424e-02;
   5.830831e-02   3.621777e-02  -4.412374e-03]
d=[ ...        
   6.268497e-03  -3.568035e-03   3.090760e-02;
  -3.568035e-03   1.993510e-02   1.441767e-03;
   3.090760e-02   1.441767e-03  -4.412374e-03]
     iteration=         150000       process=              2       (i,j,k)=              0              1              0       (x,y,z)=   5.000000e-03   1.500000e-02   4.998928e-03     particles=             81
fabric=[ ...   
   1.240567e-01   1.661997e-02  -2.059386e-02;
   1.661997e-02   2.316850e-01  -8.811120e-03;
  -2.059386e-02  -8.811120e-03   2.442584e-01]
sigma=[ ...    
  -8.062931e-04   1.168561e-04  -4.772263e-05;
   5.180311e-05  -5.110127e-04   2.173995e-04;
  -3.213399e-05   7.207909e-05  -3.179395e-04]
sigmaDot=[ ... 
   3.857470e+01  -6.473039e+00  -1.085877e+01;
   1.299755e+02   2.264779e+01  -7.284572e+00;
   3.370102e+01   2.205596e+02  -5.683751e+00]
intgraE=[ ...  
   2.813351e-04  -6.890042e-05   9.890161e-04;
  -6.890042e-05   3.151576e-04  -8.334458e-04;
   9.890161e-04  -8.334458e-04   3.111308e-03]
E=[ ...        
   3.965326e-04  -4.608334e-05   1.061108e-03;
  -4.608334e-05   4.086172e-04  -7.343978e-04;
   1.061108e-03  -7.343978e-04   3.455166e-03]
e=[ ...        
   3.926981e-04  -4.291554e-05   1.051177e-03;
  -4.291554e-05   4.056769e-04  -7.254336e-04;
   1.051177e-03  -7.254336e-04   3.430988e-03]
intgraF=[ ...  
   1.000280e+00  -1.678403e-04   4.937473e-04;
   3.310633e-05   1.000313e+00   3.874935e-04;
   1.479538e-03  -2.048062e-03   1.003106e+00]
F=[ ...        
   1.000395e+00  -1.320906e-04   4.434207e-04;
   4.294050e-05   1.000407e+00   3.197961e-04;
   1.672836e-03  -1.782515e-03   1.003449e+00]
R=[ ...        
   9.999998e-01  -8.682805e-05  -6.135823e-04;
   8.747170e-05   9.999994e-01   1.049046e-03;
   6.134909e-04  -1.049099e-03   9.999993e-01]
U=[ ...        
   1.000396e+00  -4.567685e-05   1.059055e-03;
  -4.567685e-05   1.000408e+00  -7.329602e-04;
   1.059055e-03  -7.329602e-04   1.003448e+00]
l=[ ...        
   3.913739e-03  -1.301031e-03   8.659035e-03;
  -8.750169e-04   4.360329e-03   4.898408e-03;
   1.908229e-02  -2.837865e-02   3.960362e-02]
d=[ ...        
   3.913739e-03  -1.088024e-03   1.387066e-02;
  -1.088024e-03   4.360329e-03  -1.174012e-02;
   1.387066e-02  -1.174012e-02   3.960362e-02]
     iteration=         150000       process=              3       (i,j,k)=              0              1              1       (x,y,z)=   5.000000e-03   1.500000e-02   1.499678e-02     particles=             37
fabric=[ ...   
   2.590520e-01   8.238311e-03   2.514852e-02;
   8.238311e-03   2.461503e-01  -3.892265e-02;
   2.514852e-02  -3.892265e-02   9.479774e-02]
sigma=[ ...    
  -1.916971e-04   3.119269e-04   7.154207e-04;
  -2.898796e-04  -2.409092e-03  -3.241783e-04;
   1.787865e-04   3.258883e-04  -4.155576e-04]
sigmaDot=[ ... 
  -7.274953e-02   2.217830e+00  -8.523208e+00;
   9.206830e+00   7.220418e+00  -3.329571e+00;
  -2.973632e-01  -8.187981e+00  -7.028790e-01]
intgraE=[ ...  
   5.457069e-04   4.259598e-04   1.319465e-03;
   4.259598e-04  -8.560490e-04  -1.787258e-03;
   1.319465e-03  -1.787258e-03   4.670536e-03]
E=[ ...        
   5.431325e-04   4.337965e-04   1.292458e-03;
   4.337965e-04  -8.308876e-04  -1.695792e-03;
   1.292458e-03  -1.695792e-03   4.825431e-03]
e=[ ...        
   5.317285e-04   4.477996e-04   1.267008e-03;
   4.477996e-04  -8.504751e-04  -1.661675e-03;
   1.267008e-03  -1.661675e-03   4.789608e-03]
intgraF=[ ...  
   1.000537e+00   3.323918e-04  -1.456148e-03;
   5.420582e-04   9.991286e-01   1.908744e-03;
   4.075845e-03  -5.455705e-03   1.004657e+00]
F=[ ...        
   1.000535e+00   3.474372e-04  -1.488857e-03;
   5.420473e-04   9.991545e-01   1.968976e-03;
   4.053998e-03  -5.332723e-03   1.004811e+00]
R=[ ...        
   9.999962e-01  -9.226945e-05  -2.765078e-03;
   1.023452e-04   9.999934e-01   3.644004e-03;
   2.764724e-03  -3.644273e-03   9.999895e-01]
U=[ ...        
   1.000542e+00   4.349510e-04   1.289374e-03;
   4.349510e-04   9.991672e-01  -1.692705e-03;
   1.289374e-03  -1.692705e-03   1.004812e+00]
l=[ ...        
   8.309927e-03   1.999756e-03  -1.501738e-02;
   6.702525e-03  -1.148063e-02   2.665520e-02;
   5.493340e-02  -7.437599e-02   6.178694e-02]
d=[ ...        
   8.309927e-03   4.351141e-03   1.995801e-02;
   4.351141e-03  -1.148063e-02  -2.386040e-02;
   1.995801e-02  -2.386040e-02   6.178694e-02]
     iteration=         150000       process=              4       (i,j,k)=              1              0              0       (x,y,z)=   1.500000e-02   5.000000e-03   4.998928e-03     particles=             72
fabric=[ ...   
   1.845477e-01   1.574288e-02   4.812521e-02;
   1.574288e-02   2.266529e-01  -2.894479e-02;
   4.812521e-02  -2.894479e-02   2.251630e-01]
sigma=[ ...    
   2.721551e-05   4.856328e-06  -2.259662e-05;
  -3.053522e-05   3.650364e-05   5.787491e-05;
  -4.903030e-06   2.207785e-05   6.750645e-05]
sigmaDot=[ ... 
   2.554413e+01  -1.799912e+01  -6.293013e+01;
  -1.584764e+02   1.367563e+02  -2.510816e+01;
   1.881194e+01  -3.882626e+01   1.636776e+01]
intgraE=[ ...  
   1.022331e-04   1.575174e-05  -1.215019e-03;
   1.575174e-05  -3.302942e-04   5.545710e-04;
  -1.215019e-03   5.545710e-04   4.245608e-03]
E=[ ...        
  -1.012646e-03   1.958584e-04  -9.986211e-04;
   1.958584e-04  -2.642626e-04   5.645547e-04;
  -9.986211e-04   5.645547e-04   4.288389e-03]
e=[ ...        
  -1.019383e-03   1.987312e-04  -9.860464e-04;
   1.987312e-04  -2.659944e-04   5.552665e-04;
  -9.860464e-04   5.552665e-04   4.252828e-03]
intgraF=[ ...  
   1.000099e+00  -3.678505e-04   2.612608e-04;
   4.036954e-04   9.996684e-01  -4.540594e-04;
  -2.679788e-03   1.556553e-03   1.004236e+00]
F=[ ...        
   9.989841e-01  -3.288867e-04   2.260259e-04;
   7.238709e-04   9.997345e-01  -4.179154e-04;
  -2.213265e-03   1.540397e-03   1.004279e+00]
R=[ ...        
   9.999991e-01  -5.259768e-04   1.218158e-03;
   5.271668e-04   9.999994e-01  -9.767319e-04;
  -1.217644e-03   9.773732e-04   9.999988e-01]
U=[ ...        
   9.989863e-01   1.962648e-04  -9.970487e-04;
   1.962648e-04   9.997355e-01   5.635215e-04;
  -9.970487e-04   5.635215e-04   1.004279e+00]
l=[ ...        
   1.336031e-03  -4.506869e-03   3.469109e-03;
   4.570302e-03  -4.710285e-03  -5.350446e-03;
  -3.556291e-02   2.075078e-02   5.686957e-02]
d=[ ...        
   1.336031e-03   3.171626e-05  -1.604690e-02;
   3.171626e-05  -4.710285e-03   7.700167e-03;
  -1.604690e-02   7.700167e-03   5.686957e-02]
     iteration=         150000       process=              5       (i,j,k)=              1              0              1       (x,y,z)=   1.500000e-02   5.000000e-03   1.499678e-02     particles=             39
fabric=[ ...   
   5.267033e-01   7.115161e-02   4.361848e-02;
   7.115161e-02   2.114952e-01  -2.403589e-03;
   4.361848e-02  -2.403589e-03   3.957935e-02]
sigma=[ ...    
  -5.974427e-03  -3.087627e-03  -6.204175e-03;
  -2.755328e-03  -1.152524e-03  -1.518212e-03;
  -3.144567e-03  -3.726797e-03  -2.375813e-03]
sigmaDot=[ ... 
   2.655232e+01   9.726915e+00   1.042669e+01;
   9.803212e+00   2.646838e+00   3.100553e+00;
   1.621270e+01  -1.272102e+00   9.284903e+00]
intgraE=[ ...  
   6.165916e-05  -7.700682e-04  -1.532682e-03;
  -7.700682e-04   3.792435e-04   1.822980e-03;
  -1.532682e-03   1.822980e-03   2.249485e-03]
E=[ ...        
   2.477571e-05  -7.833967e-04  -1.430843e-03;
  -7.833967e-04   4.187939e-04   1.830906e-03;
  -1.430843e-03   1.830906e-03   2.354333e-03]
e=[ ...        
   5.386222e-06  -7.672582e-04  -1.410195e-03;
  -7.672582e-04   4.075229e-04   1.820922e-03;
  -1.410195e-03   1.820922e-03   2.349776e-03]
intgraF=[ ...  
   1.000041e+00  -3.096941e-04   3.255513e-03;
  -1.212047e-03   1.000375e+00   7.972407e-04;
  -6.305909e-03   2.843056e-03   1.002241e+00]
F=[ ...        
   1.000005e+00  -3.173535e-04   3.316846e-03;
  -1.231294e-03   1.000415e+00   7.947121e-04;
  -6.163113e-03   2.861112e-03   1.002346e+00]
R=[ ...        
   9.999887e-01   4.557153e-04   4.733313e-03;
  -4.508385e-04   9.999994e-01  -1.031328e-03;
  -4.733780e-03   1.029183e-03   9.999883e-01]
U=[ ...        
   1.000023e+00  -7.819191e-04  -1.428434e-03;
  -7.819191e-04   1.000417e+00   1.827820e-03;
  -1.428434e-03   1.827820e-03   1.002349e+00]
l=[ ...        
  -4.155132e-04  -1.965952e-03   4.182333e-02;
  -1.687106e-02   2.512889e-03   9.142770e-03;
  -8.268807e-02   4.005238e-02   3.025645e-02]
d=[ ...        
  -4.155132e-04  -9.418505e-03  -2.043237e-02;
  -9.418505e-03   2.512889e-03   2.459757e-02;
  -2.043237e-02   2.459757e-02   3.025645e-02]
     iteration=         150000       process=              6       (i,j,k)=              1              1              0       (x,y,z)=   1.500000e-02   1.500000e-02   4.998928e-03     particles=             66
fabric=[ ...   
   3.235464e-01   3.800622e-02   2.350122e-02;
   3.800622e-02   1.914863e-01   3.104382e-02;
   2.350122e-02   3.104382e-02   2.218093e-01]
sigma=[ ...    
  -6.173001e-04  -4.856293e-05   1.989891e-04;
  -4.811694e-04  -1.101455e-03  -1.615291e-05;
  -6.434484e-05   4.813989e-05   2.988027e-05]
sigmaDot=[ ... 
   4.978051e-01  -4.559890e+01  -1.342257e+02;
  -7.247027e+01   1.217122e+02  -6.963184e+01;
   3.617088e+00   2.383785e+01   3.674091e+01]
intgraE=[ ...  
   1.579519e-05   2.349793e-04  -4.713543e-04;
   2.349793e-04   5.227248e-04  -1.162933e-03;
  -4.713543e-04  -1.162933e-03   4.275815e-03]
E=[ ...        
   4.906277e-05   2.451019e-04  -4.426535e-04;
   2.451019e-04   5.506864e-04  -1.167354e-03;
  -4.426535e-04  -1.167354e-03   4.372285e-03]
e=[ ...        
   4.781681e-05   2.424721e-04  -4.348799e-04;
   2.424721e-04   5.454282e-04  -1.152915e-03;
  -4.348799e-04  -1.152915e-03   4.333895e-03]
intgraF=[ ...  
   1.000015e+00   2.036039e-04   3.343502e-04;
   2.637332e-04   1.000521e+00  -3.661081e-04;
  -1.271542e-03  -1.951311e-03   1.004267e+00]
F=[ ...        
   1.000048e+00   1.829621e-04   3.687319e-04;
   3.046015e-04   1.000549e+00  -3.522214e-04;
  -1.248503e-03  -1.973751e-03   1.004363e+00]
R=[ ...        
   9.999997e-01  -6.083659e-05   8.066794e-04;
   6.018421e-05   9.999997e-01   8.087179e-04;
  -8.067283e-04  -8.086690e-04   9.999993e-01]
U=[ ...        
   1.000049e+00   2.447715e-04  -4.415372e-04;
   2.447715e-04   1.000550e+00  -1.164441e-03;
  -4.415372e-04  -1.164441e-03   1.004362e+00]
l=[ ...        
   1.949650e-03   3.331187e-03   1.216461e-03;
   2.536517e-03   6.438107e-03  -5.820532e-03;
  -1.549493e-02  -2.566224e-02   5.472082e-02]
d=[ ...        
   1.949650e-03   2.933852e-03  -7.139234e-03;
   2.933852e-03   6.438107e-03  -1.574139e-02;
  -7.139234e-03  -1.574139e-02   5.472082e-02]
     iteration=         150000       process=              7       (i,j,k)=              1              1              1       (x,y,z)=   1.500000e-02   1.500000e-02   1.499678e-02     particles=             46
fabric=[ ...   
   3.947460e-01   4.266573e-02   4.191490e-02;
   4.266573e-02   2.867487e-01   6.166748e-02;
   4.191490e-02   6.166748e-02   6.850532e-02]
sigma=[ ...    
  -1.083182e-02  -2.106772e-04  -1.481657e-03;
  -3.882910e-03  -4.976111e-03  -1.877972e-03;
  -4.062813e-03  -2.368109e-03  -1.803926e-03]
sigmaDot=[ ... 
  -1.658749e+02  -4.630777e+01  -3.906590e+01;
  -6.726176e+01   3.569585e+01   1.284458e+01;
  -3.098392e+01   1.378890e+02  -2.722443e+00]
intgraE=[ ...  
  -2.889003e-04   4.905050e-04  -9.867516e-04;
   4.905050e-04  -7.824968e-04   1.999778e-04;
  -9.867516e-04   1.999778e-04   3.862078e-03]
E=[ ...        
  -1.705806e-04   4.768842e-04  -9.309721e-04;
   4.768842e-04  -6.504690e-04   2.257040e-04;
  -9.309721e-04   2.257040e-04   3.923701e-03]
e=[ ...        
  -1.764928e-04   4.770349e-04  -9.167716e-04;
   4.770349e-04  -6.511913e-04   2.315560e-04;
  -9.167716e-04   2.315560e-04   3.894335e-03]
intgraF=[ ...  
   9.997064e-01   5.367182e-04   1.057343e-03;
   4.405037e-04   9.992160e-01   1.827330e-03;
  -3.019707e-03  -1.421035e-03   1.003852e+00]
F=[ ...        
   9.998249e-01   5.336864e-04   1.105552e-03;
   4.163326e-04   9.993482e-01   1.849049e-03;
  -2.956501e-03  -1.391580e-03   1.003914e+00]
R=[ ...        
   9.999979e-01   5.608156e-05   2.026887e-03;
  -5.935930e-05   9.999987e-01   1.617105e-03;
  -2.026793e-03  -1.617222e-03   9.999966e-01]
U=[ ...        
   9.998289e-01   4.771851e-04  -9.292861e-04;
   4.771851e-04   9.993492e-01   2.255575e-04;
  -9.292861e-04   2.255575e-04   1.003916e+00]
l=[ ...        
  -3.947929e-03   6.804980e-03   1.262360e-02;
   5.449659e-03  -1.060600e-02   2.458180e-02;
  -3.912623e-02  -1.948793e-02   5.093515e-02]
d=[ ...        
  -3.947929e-03   6.127320e-03  -1.325132e-02;
   6.127320e-03  -1.060600e-02   2.546933e-03;
  -1.325132e-02   2.546933e-03   5.093515e-02]
