              6

              1
             14
          pos_x          pos_y          pos_z       normal_x       normal_y       normal_z        tangt_x        tangt_y        tangt_z          pentr
  -0.000000e+00   3.388355e-03   1.089294e-03  -5.017417e-12   0.000000e+00   0.000000e+00  -0.000000e+00   6.963766e-13  -2.483786e-13   2.169402e-14
  -0.000000e+00   8.970087e-03   1.333522e-03  -1.901875e-09   0.000000e+00   0.000000e+00   0.000000e+00   9.407077e-22   1.807681e-22   7.677420e-13
  -0.000000e+00   1.115634e-03   9.011142e-03  -4.328855e-07   0.000000e+00   0.000000e+00   0.000000e+00   2.142929e-07  -3.043037e-08   3.609815e-11
  -0.000000e+00   9.138764e-04   4.269256e-03  -5.464027e-12   0.000000e+00   0.000000e+00  -0.000000e+00   1.470168e-13  -8.296816e-13   2.005449e-14
  -0.000000e+00   4.992757e-03   7.121580e-03  -3.309616e-09   0.000000e+00   0.000000e+00  -0.000000e+00  -5.870061e-11   1.100756e-09   1.297341e-12
  -0.000000e+00   2.053398e-03   1.457552e-02  -1.930324e-08   0.000000e+00   0.000000e+00  -0.000000e+00  -5.198849e-09  -4.018365e-09   4.140742e-12
  -0.000000e+00   4.288805e-03   1.273296e-02  -4.214837e-11   0.000000e+00   0.000000e+00  -0.000000e+00  -5.407192e-12  -2.012889e-11   6.499532e-14
  -0.000000e+00   1.829770e-02   7.060009e-03  -3.290815e-11   0.000000e+00   0.000000e+00  -0.000000e+00   1.850728e-12   1.617814e-12   6.637659e-14
  -0.000000e+00   1.392974e-02   2.762272e-03  -5.220902e-10   0.000000e+00   0.000000e+00  -0.000000e+00   3.112457e-11  -2.151982e-10   3.372062e-13
  -0.000000e+00   1.907203e-02   9.389395e-03  -1.833931e-11   0.000000e+00   0.000000e+00  -0.000000e+00  -1.974538e-14  -8.149430e-14   4.136708e-14
  -0.000000e+00   1.217228e-02   1.499720e-02  -1.075456e-09   0.000000e+00   0.000000e+00  -0.000000e+00   2.328008e-10   3.190351e-10   6.151696e-13
  -0.000000e+00   1.446533e-02   1.466569e-02  -1.478797e-11   0.000000e+00   0.000000e+00   0.000000e+00  -4.432669e-12   5.917979e-12   3.348873e-14
  -0.000000e+00   1.744277e-02   1.500242e-02  -5.273429e-10   0.000000e+00   0.000000e+00  -0.000000e+00   4.204669e-12  -3.929912e-11   3.159222e-13
  -0.000000e+00   1.045504e-02   1.456218e-02  -3.590431e-08   0.000000e+00   0.000000e+00  -0.000000e+00  -7.118768e-09   1.065828e-08   6.730034e-12
                                               -4.955481e-07   0.000000e+00   0.000000e+00   0.000000e+00   2.021776e-07  -2.263892e-08   3.610735e-12

              2
             12
          pos_x          pos_y          pos_z       normal_x       normal_y       normal_z        tangt_x        tangt_y        tangt_z          pentr
   2.000000e-02   3.219502e-03   3.320475e-03   8.577607e-11   0.000000e+00   0.000000e+00  -0.000000e+00   4.689891e-12   1.705715e-12   9.101400e-14
   2.000000e-02   8.652705e-03   6.007401e-03   4.595393e-10   0.000000e+00   0.000000e+00  -0.000000e+00  -2.709723e-11  -2.525901e-11   3.177562e-13
   2.000000e-02   1.106255e-03   9.348160e-03   1.431675e-10   0.000000e+00   0.000000e+00  -0.000000e+00  -1.455893e-11   5.931505e-11   1.680461e-13
   2.000000e-02   2.155406e-03   1.514673e-02   6.725275e-10   0.000000e+00   0.000000e+00  -0.000000e+00   5.597903e-11  -1.257373e-10   4.569504e-13
   2.000000e-02   5.301004e-03   1.547830e-02   2.088729e-09   0.000000e+00   0.000000e+00  -0.000000e+00   2.055740e-10  -9.952478e-10   8.897882e-13
   2.000000e-02   3.390727e-03   1.085628e-02   1.132324e-10   0.000000e+00   0.000000e+00  -0.000000e+00   4.939482e-12   2.179627e-11   1.364082e-13
   2.000000e-02   1.789801e-02   3.063947e-03   2.508177e-10   0.000000e+00   0.000000e+00  -0.000000e+00  -2.848335e-11  -7.244491e-11   2.396208e-13
   2.000000e-02   1.228925e-02   6.535581e-04   1.466338e-13   0.000000e+00   0.000000e+00  -0.000000e+00   6.534988e-15   3.186455e-14   2.199629e-15
   2.000000e-02   1.362039e-02   8.223784e-03   1.042250e-07   0.000000e+00   0.000000e+00  -0.000000e+00  -2.222985e-08  -4.141056e-08   1.206413e-11
   2.000000e-02   1.022051e-02   7.309485e-03   3.740296e-10   0.000000e+00   0.000000e+00   0.000000e+00  -7.243799e-11   1.724160e-10   3.100957e-13
   2.000000e-02   1.298605e-02   1.623743e-02   6.702203e-09   0.000000e+00   0.000000e+00   0.000000e+00   1.675990e-09   2.901886e-09   1.851391e-12
   2.000000e-02   1.280487e-02   1.236720e-02   2.307900e-09   0.000000e+00   0.000000e+00  -0.000000e+00   7.267124e-10  -4.015602e-10   1.075237e-12
                                                1.174231e-07   0.000000e+00   0.000000e+00   0.000000e+00  -1.969853e-08  -3.987366e-08   1.466887e-12

              3
             10
          pos_x          pos_y          pos_z       normal_x       normal_y       normal_z        tangt_x        tangt_y        tangt_z          pentr
   8.817523e-04  -0.000000e+00   4.205958e-03   0.000000e+00  -1.668602e-11   0.000000e+00  -8.031884e-14  -0.000000e+00   1.078141e-12   4.325438e-14
   1.824381e-03  -0.000000e+00   1.400096e-02   0.000000e+00  -8.726755e-09   0.000000e+00   2.586781e-09  -0.000000e+00   1.399448e-09   2.122563e-12
   1.861966e-02  -0.000000e+00   9.388252e-03   0.000000e+00  -1.435455e-10   0.000000e+00  -4.415077e-11  -0.000000e+00  -3.594163e-11   1.414456e-13
   1.539807e-02  -0.000000e+00   9.754675e-04   0.000000e+00  -3.805161e-13   0.000000e+00   2.450173e-14  -0.000000e+00   1.239743e-13   3.947924e-15
   1.090180e-02  -0.000000e+00   6.262102e-03   0.000000e+00  -2.691803e-12   0.000000e+00  -1.228778e-26   0.000000e+00  -4.825967e-27   1.173220e-14
   1.449860e-02  -0.000000e+00   8.983856e-03   0.000000e+00  -1.752715e-09   0.000000e+00   3.702946e-10  -0.000000e+00   2.637905e-10   7.655550e-13
   1.706086e-02  -0.000000e+00   9.294090e-03   0.000000e+00  -2.143307e-10   0.000000e+00  -1.164516e-12  -0.000000e+00   8.068552e-13   2.565878e-13
   1.222367e-02  -0.000000e+00   6.617828e-03   0.000000e+00  -2.494789e-10   0.000000e+00  -1.042802e-11  -0.000000e+00   4.714918e-12   2.330830e-13
   1.303183e-02  -0.000000e+00   1.635006e-02   0.000000e+00  -4.080546e-08   0.000000e+00   1.198948e-08  -0.000000e+00   1.632561e-08   7.336635e-12
   1.747628e-02  -0.000000e+00   1.502842e-02   0.000000e+00  -3.918890e-09   0.000000e+00   2.191774e-10  -0.000000e+00   7.081370e-10   1.327644e-12
                                                0.000000e+00  -5.583094e-08   0.000000e+00   1.510993e-08   0.000000e+00   1.866777e-08   1.224245e-12

              4
             11
          pos_x          pos_y          pos_z       normal_x       normal_y       normal_z        tangt_x        tangt_y        tangt_z          pentr
   3.892346e-03   2.000000e-02   4.061427e-03   0.000000e+00   8.989031e-11   0.000000e+00   6.596359e-12  -0.000000e+00   6.124826e-12   1.010754e-13
   8.272119e-03   2.000000e-02   9.470953e-03   0.000000e+00   1.469481e-10   0.000000e+00  -3.067444e-11  -0.000000e+00  -2.363828e-11   1.444088e-13
   7.850824e-03   2.000000e-02   6.595400e-03   0.000000e+00   2.064499e-10   0.000000e+00   4.973927e-11   0.000000e+00   9.045108e-11   2.280884e-13
   7.537611e-04   2.000000e-02   9.400530e-03   0.000000e+00   1.758892e-11   0.000000e+00  -4.561440e-13  -0.000000e+00   4.404256e-12   4.735448e-14
   2.278474e-03   2.000000e-02   1.563713e-02   0.000000e+00   8.939228e-10   0.000000e+00  -2.969094e-11  -0.000000e+00  -2.749983e-10   4.786171e-13
   1.605532e-03   2.000000e-02   1.137393e-02   0.000000e+00   1.653899e-10   0.000000e+00   2.570910e-11  -0.000000e+00   5.735176e-11   1.779722e-13
   1.375331e-02   2.000000e-02   1.879102e-03   0.000000e+00   2.436643e-09   0.000000e+00   2.693337e-21   0.000000e+00  -6.354600e-21   1.012846e-12
   1.540616e-02   2.000000e-02   7.195631e-03   0.000000e+00   6.464973e-11   0.000000e+00   1.727730e-11  -0.000000e+00   1.835710e-11   9.231158e-14
   1.457585e-02   2.000000e-02   9.762771e-03   0.000000e+00   4.192528e-08   0.000000e+00  -5.076434e-10  -0.000000e+00   4.821732e-09   7.466940e-12
   1.791114e-02   2.000000e-02   1.043826e-02   0.000000e+00   9.489858e-10   0.000000e+00   1.685567e-10  -0.000000e+00  -6.416536e-12   6.911277e-13
   1.925278e-02   2.000000e-02   1.134259e-02   0.000000e+00   6.458376e-10   0.000000e+00  -1.233239e-10   0.000000e+00   2.984422e-10   5.987294e-13
                                                0.000000e+00   4.754158e-08   0.000000e+00  -4.239101e-10   0.000000e+00   4.991810e-09   1.003588e-12

              5
             16
          pos_x          pos_y          pos_z       normal_x       normal_y       normal_z        tangt_x        tangt_y        tangt_z          pentr
   6.369036e-03   1.429466e-03  -0.000000e+00   0.000000e+00   0.000000e+00  -1.153088e-11  -1.216160e-12  -1.610129e-12  -0.000000e+00   2.597040e-14
   6.265364e-03   6.682237e-03  -0.000000e+00   0.000000e+00   0.000000e+00  -1.076973e-09   4.536512e-10  -2.901178e-10   0.000000e+00   6.462611e-13
   9.429571e-03   2.211460e-03  -0.000000e+00   0.000000e+00   0.000000e+00  -3.009554e-11  -1.087705e-12  -4.086161e-12  -0.000000e+00   4.434230e-14
   1.049191e-03   1.583014e-02  -0.000000e+00   0.000000e+00   0.000000e+00  -1.973042e-16  -7.697714e-21   3.785801e-20  -0.000000e+00   2.429460e-17
   3.240925e-03   1.270680e-02  -0.000000e+00   0.000000e+00   0.000000e+00  -3.433947e-10   7.872114e-12  -7.018248e-12  -0.000000e+00   2.820875e-13
   5.006514e-03   1.617835e-02  -0.000000e+00   0.000000e+00   0.000000e+00  -1.830484e-09   3.703878e-11   2.237572e-10  -0.000000e+00   7.518275e-13
   9.657298e-03   1.897413e-02  -0.000000e+00   0.000000e+00   0.000000e+00  -6.350499e-12  -2.329827e-13   1.977288e-12  -0.000000e+00   2.598464e-14
   1.704374e-02   1.926260e-03  -0.000000e+00   0.000000e+00   0.000000e+00  -4.793811e-12  -9.310278e-13  -1.639885e-12  -0.000000e+00   1.558305e-14
   1.252347e-02   4.978843e-03  -0.000000e+00   0.000000e+00   0.000000e+00  -1.346736e-10   1.019201e-11  -4.167169e-12  -0.000000e+00   1.720771e-13
   1.833179e-02   3.756119e-03  -0.000000e+00   0.000000e+00   0.000000e+00  -2.565547e-11  -4.656652e-12   1.122988e-11  -0.000000e+00   4.980984e-14
   1.520515e-02   1.249891e-03  -0.000000e+00   0.000000e+00   0.000000e+00  -1.323519e-13  -6.691992e-17   4.288648e-16  -0.000000e+00   1.647028e-15
   1.348157e-02   9.138410e-03  -0.000000e+00   0.000000e+00   0.000000e+00  -2.515540e-10   5.422429e-11   1.061976e-10  -0.000000e+00   2.376669e-13
   1.681069e-02   1.499151e-02  -0.000000e+00   0.000000e+00   0.000000e+00  -2.513617e-10   5.299342e-11   1.516617e-11  -0.000000e+00   2.221354e-13
   1.576040e-02   1.918735e-02  -0.000000e+00   0.000000e+00   0.000000e+00  -1.136903e-11  -2.522203e-12   3.960249e-12  -0.000000e+00   3.580442e-14
   1.896012e-02   1.215498e-02  -0.000000e+00   0.000000e+00   0.000000e+00  -2.830175e-14  -9.722657e-15  -1.253600e-15  -0.000000e+00   5.344478e-16
   1.487535e-02   1.440377e-02  -0.000000e+00   0.000000e+00   0.000000e+00  -1.431258e-10  -1.554445e-12   9.048507e-12  -0.000000e+00   1.572085e-13
                                                0.000000e+00   0.000000e+00  -4.121523e-09   6.037609e-10   6.269670e-11   0.000000e+00   1.668103e-13

              6
              0
          pos_x          pos_y          pos_z       normal_x       normal_y       normal_z        tangt_x        tangt_y        tangt_z          pentr
                                                0.000000e+00   0.000000e+00   0.000000e+00   0.000000e+00   0.000000e+00   0.000000e+00   0.000000e+00

