             41             93   3.703350e-03   7.611611e-03   1.885432e-03   3.703350e-03   7.611611e-03   1.885432e-03   1.587915e-03   1.270329e-03   6.575494e-12   3.539322e-10   6.812183e-08   7.057392e-04   2.400000e+10   9.425255e-20   4.712628e-20   3.768618e-20   3.703350e-03   7.611611e-03   1.885432e-03   4.878847e-20   7.129503e-20  -3.768618e-20   1.311859e-20  -3.712486e-20  -2.589466e-20   1.295832e-02   2.589298e+13   3.403709e-12   4.973871e-12  -2.629163e-12
             45            129   5.536947e-03   3.147878e-03   2.090665e-03   5.536947e-03   3.147878e-03   2.090665e-03   1.035121e-03   2.133036e-03   9.768996e-12   5.372713e-10   8.251185e-08   6.969196e-04   2.400000e+10   2.519800e-19   1.259900e-19   2.193098e-20   5.536947e-03   3.147878e-03   2.090665e-03  -1.593607e-19  -1.939514e-19  -2.193098e-20  -4.195256e-20   3.366656e-20   1.139299e-19   7.729836e-03   3.318758e+15  -6.178242e-12  -7.519289e-12  -8.502405e-13
             85            109   3.130384e-03   9.159528e-04   2.383382e-03   3.130384e-03   9.159528e-04   2.383382e-03   7.380346e-04   2.531548e-03   9.262292e-12   5.233333e-08   7.275193e-08   5.714399e-04   2.400000e+10   1.997245e-19   9.986226e-20   1.262553e-19   3.130384e-03   9.159528e-04   2.383382e-03   1.336804e-19  -7.796805e-20  -1.262553e-19  -8.463354e-20  -5.274627e-20  -5.240890e-21   5.082519e-03   9.224215e+12   6.199475e-12  -3.615795e-12  -5.855133e-12
             97            129   6.089817e-03   5.147921e-03   1.998147e-03   6.089817e-03   5.147921e-03   1.998147e-03   1.587743e-03   2.348400e-03   1.000069e-11   1.188459e-08   9.733202e-08   9.472866e-04   2.400000e+10   3.114840e-08   9.428756e-10  -1.780779e-10   6.089817e-03   5.147921e-03   1.998147e-03  -1.145835e-08   2.892584e-08   1.491714e-09   8.589917e-10   3.296417e-10   2.061166e-10   1.040580e-04   4.783836e+02  -3.678632e-01   9.286459e-01   4.789053e-02
            151            111   1.020946e-02   4.932818e-03   2.430559e-03   1.020946e-02   4.932818e-03   2.430559e-03   8.692901e-04   1.889454e-03   9.977438e-12   5.867804e-09   7.707337e-08   5.953737e-04   2.400000e+10   2.455231e-19   1.227616e-19  -8.023743e-20   1.020946e-02   4.932818e-03   2.430559e-03  -1.662197e-19   1.619091e-19   8.023743e-20   1.055470e-19   5.247912e-20   3.429540e-20   6.719915e-03   3.676243e+13  -6.754748e-12   6.579577e-12   3.260646e-12
            165            213   1.846985e-03   6.134093e-03   5.338895e-03   1.846985e-03   6.134093e-03   5.338895e-03   1.842266e-03   1.211810e-03   4.142686e-12   2.075911e-10   5.502936e-08   7.309825e-04   2.400000e+10   3.022097e-20   1.511048e-20  -5.135385e-21   1.846985e-03   6.134093e-03   5.338895e-03  -2.901336e-20  -6.720106e-21   5.135385e-21   5.556633e-21  -8.793201e-21   1.096039e-20   6.225404e-03   8.846933e+13  -3.977147e-12  -9.211911e-13   7.039577e-13
            245            293   3.507518e-03   1.405995e-03   9.484124e-03   3.507518e-03   1.405995e-03   9.484124e-03   1.381794e-03   9.209276e-04   9.826989e-12   4.750812e-09   7.369260e-08   5.526209e-04   2.400000e+10   2.277272e-19   1.138636e-19   2.274381e-19   3.507518e-03   1.405995e-03   9.484124e-03  -8.107610e-21  -8.115202e-21  -2.274381e-19   7.252232e-20   8.385534e-20   2.595594e-20   6.889755e-03   6.936272e+12  -3.498634e-13  -3.501910e-13  -9.814514e-12
            249            217   5.393004e-03   8.956653e-03   6.749015e-03   5.393004e-03   8.956653e-03   6.749015e-03   8.247328e-04   2.323289e-03   9.859910e-12   9.174359e-09   7.746863e-08   6.086656e-04   2.400000e+10   2.410026e-19   1.205013e-19   2.321716e-19   5.393004e-03   8.956653e-03   6.749015e-03   3.399405e-20  -5.498184e-20  -2.321716e-19   1.100477e-19   4.140800e-20   2.637136e-20   4.969780e-03   3.411141e+13   1.390766e-12  -2.249419e-12  -9.498616e-12
            295            329   8.469274e-03   8.618144e-04   8.479960e-03   8.469274e-03   8.618144e-04   8.479960e-03   8.802126e-04   7.727954e-04   9.992686e-12   4.480848e-11   6.412534e-08   4.115069e-04   2.400000e+10   2.049010e-19   1.024505e-19   3.733388e-20   8.469274e-03   8.618144e-04   8.479960e-03   1.756917e-19   9.860543e-20  -3.733388e-20   4.792181e-20  -6.944182e-20  -5.811577e-20   4.979853e-03   3.431483e+14   8.568196e-12   4.808824e-12  -1.820712e-12
            295            263   1.013503e-02   1.970815e-03   7.562350e-03   1.013503e-02   1.970815e-03   7.562350e-03   1.127716e-03   1.004886e-03   9.895672e-12   6.850764e-10   7.251469e-08   5.313819e-04   2.400000e+10   2.272304e-19   1.136152e-19  -1.150419e-19   1.013503e-02   1.970815e-03   7.562350e-03  -1.938900e-19  -2.838536e-20   1.150419e-19   5.671270e-20   8.026226e-20   5.700928e-20   4.690558e-03   1.034724e+14  -8.443725e-12  -1.236156e-12   5.009965e-12
            301            305   6.205986e-03   2.900280e-03   9.322604e-03   6.205986e-03   2.900280e-03   9.322604e-03   1.475468e-03   1.830609e-03   7.113258e-12   1.729891e-10   7.623256e-08   8.169818e-04   2.400000e+10   1.234320e-19   6.171598e-20   4.672178e-20   6.205986e-03   2.900280e-03   9.322604e-03  -1.095906e-19  -3.228677e-20  -4.672178e-20   3.674753e-20  -3.440888e-21  -4.946354e-20   8.478553e-03   3.346737e+13  -6.315592e-12  -1.860654e-12  -2.692528e-12
            304            321   8.035082e-03   8.026185e-03   9.781005e-03   8.035082e-03   8.026185e-03   9.781005e-03   1.375413e-03   2.528656e-03   9.814648e-12   8.691503e-09   9.350613e-08   8.908517e-04   2.400000e+10   2.882302e-19   1.441151e-19   8.724500e-20   8.035082e-03   8.026185e-03   9.781005e-03   2.633931e-19   7.803209e-20  -8.724500e-20   2.509692e-20  -1.364055e-19  -3.915148e-20   9.418782e-03   1.206606e+15   8.968911e-12   2.657104e-12  -2.970816e-12
            445            423   1.472024e-03   7.157692e-03   1.704776e-02   1.472024e-03   7.157692e-03   1.704776e-02   1.384734e-03   1.136915e-03   9.940681e-12   7.204494e-09   7.877944e-08   6.243235e-04   2.400000e+10   2.491123e-19   1.245562e-19  -1.323920e-19   1.472024e-03   7.157692e-03   1.704776e-02   1.758742e-20   2.102854e-19   1.323920e-19  -1.162152e-20  -8.250024e-20   9.258988e-20   1.023964e-02   5.018076e+13   7.018156e-13   8.391318e-12   5.283027e-12
            416            449   6.850969e-03   7.318513e-03   1.519361e-02   6.850969e-03   7.318513e-03   1.519361e-02   8.958996e-04   6.217601e-04   9.404745e-12   1.505775e-08   5.875264e-08   3.670353e-04   2.400000e+10   1.662920e-19   8.314601e-20   9.754653e-21   6.850969e-03   7.318513e-03   1.519361e-02  -1.628951e-19  -3.198561e-20  -9.754653e-21   4.481823e-21  -1.999043e-20   8.058260e-20   4.231010e-03   2.417967e+14  -9.212628e-12  -1.808965e-12  -5.516802e-13
            429            413   4.560604e-03   3.412754e-03   1.554669e-02   4.560604e-03   3.412754e-03   1.554669e-02   1.452318e-03   1.101667e-03   9.969213e-12   3.998090e-09   7.902733e-08   6.264605e-04   2.400000e+10   2.513327e-19   1.256664e-19  -2.317041e-19   4.560604e-03   3.412754e-03   1.554669e-02  -9.102920e-20   3.456894e-20   2.317041e-19   1.041064e-19   6.940893e-20  -1.167482e-20   7.871750e-03   6.689980e+13  -3.610710e-12   1.371191e-12   9.190638e-12
            398            450   1.121073e-02   1.108890e-02   1.614917e-02   1.121073e-02   1.108890e-02   1.614917e-02   1.333231e-03   1.147850e-03   9.889663e-12   8.141283e-09   7.810261e-08   6.168075e-04   2.400000e+10   2.444435e-19   1.222217e-19  -2.311060e-20   1.121073e-02   1.108890e-02   1.614917e-02  -1.541190e-19  -1.883238e-19   2.311060e-20  -8.207167e-20   7.739632e-20  -4.703408e-20   8.365195e-03   1.015025e+14  -6.235328e-12  -7.619178e-12   9.350055e-13
            455            365   8.040376e-03   1.731300e-03   1.581381e-02   8.040376e-03   1.731300e-03   1.581381e-02   1.140039e-03   1.457120e-03   7.818164e-12   7.963369e-08   7.071486e-08   6.396119e-04   2.400000e+10   1.383153e-19   6.915765e-20  -2.940738e-20   8.040376e-03   1.731300e-03   1.581381e-02   1.351393e-19   1.925466e-21   2.940738e-20   9.862826e-21  -6.284271e-20  -2.713483e-20   5.302917e-03   1.582481e+12   7.638641e-12   1.088355e-13   1.662229e-12
            437            469   1.081964e-03   2.540154e-03   1.495855e-02   1.081964e-03   2.540154e-03   1.495855e-02   9.879243e-04   1.122104e-03   6.022859e-12   8.189681e-06   5.625170e-08   5.253740e-04   2.400000e+10   6.529666e-20   3.264833e-20  -1.215272e-20   1.081964e-03   2.540154e-03   1.495855e-02   4.999787e-20   4.020172e-20   1.215272e-20  -1.159316e-20   7.552176e-21   2.957155e-20   5.785091e-03   1.737867e+11   4.611723e-12   3.708142e-12   1.120947e-12
            469            382   8.975055e-04   1.514618e-03   1.437658e-02   8.975055e-04   1.514618e-03   1.437658e-02   7.408243e-04   1.253122e-03   9.867839e-12   6.769248e-07   6.778110e-08   4.655809e-04   2.400000e+10   2.112043e-19   1.056021e-19  -1.117019e-19   8.975055e-04   1.514618e-03   1.437658e-02  -1.092777e-19   1.420856e-19   1.117019e-19  -6.494137e-20  -7.216090e-20   4.156000e-20   4.853859e-03   5.264671e+11  -5.105646e-12   6.638492e-12   5.218912e-12
            349            361   8.265012e-03   2.881258e-03   1.188308e-02   8.265012e-03   2.881258e-03   1.188308e-02   2.951395e-03   7.439745e-04   9.472911e-12   2.310892e-08   7.502491e-08   5.941930e-04   2.400000e+10   2.154380e-19   1.077190e-19  -1.185698e-19   8.265012e-03   2.881258e-03   1.188308e-02  -1.004062e-19  -1.492426e-19   1.185698e-19  -8.095014e-20   7.077733e-20  -6.405642e-21   5.083883e-03   3.128526e+12  -4.414906e-12  -6.562265e-12   5.213571e-12
            406            350   1.457907e-03   9.765615e-03   1.236648e-02   1.457907e-03   9.765614e-03   1.236648e-02   9.938148e-04   1.535188e-03   2.283745e-10   2.324046e-08   3.711784e-07   6.032783e-04   2.400000e+10   2.712566e-06   1.356283e-06  -7.316895e-07   1.457907e-03   9.765615e-03   1.236648e-02  -7.016940e-07  -2.077388e-06  -1.596902e-06  -4.670552e-07   8.714505e-07  -9.284054e-07   5.621874e-05   4.278230e+00  -2.586828e-01  -7.658388e-01  -5.887055e-01
            293            245   3.507518e-03   1.405995e-03   9.484124e-03   3.507518e-03   1.405995e-03   9.484124e-03   9.209276e-04   1.381794e-03   9.826989e-12   4.750812e-09   7.369260e-08   5.526209e-04   2.400000e+10   2.277272e-19   1.138636e-19  -2.274381e-19   3.507518e-03   1.405995e-03   9.484124e-03   8.107610e-21   8.115202e-21   2.274381e-19  -7.252232e-20  -8.385534e-20  -2.595594e-20   6.889755e-03   6.936272e+12   3.498634e-13   3.501910e-13   9.814514e-12
             50             30   3.203734e-03   1.845667e-02   4.158786e-03   3.203734e-03   1.845667e-02   4.158786e-03   1.600672e-03   1.639636e-03   9.942178e-12   2.330889e-07   8.973720e-08   8.099599e-04   2.400000e+10   2.838478e-19   1.419239e-19   2.551843e-20   3.203734e-03   1.845667e-02   4.158786e-03   1.635071e-19   2.306162e-19  -2.551843e-20   1.166033e-19  -7.984304e-20   1.308289e-20   6.231405e-03   8.089744e+12   5.727070e-12   8.077664e-12  -8.938197e-13
             24             78   5.215773e-03   1.810478e-02   2.694750e-03   5.215773e-03   1.810478e-02   2.694750e-03   1.340308e-03   1.151049e-03   9.661661e-12   6.021168e-06   7.734943e-08   6.192449e-04   2.400000e+10   2.310525e-19   1.155263e-19   1.859487e-19   5.215773e-03   1.810478e-02   2.694750e-03  -1.188690e-19   6.839941e-20  -1.859487e-19  -6.255443e-20  -9.701917e-20   4.531949e-21   4.894599e-03   2.265004e+13  -4.970612e-12   2.860181e-12  -7.775607e-12
             81             94   6.261766e-03   1.466523e-02   8.915351e-04   6.261766e-03   1.466523e-02   8.915351e-04   8.657116e-04   1.667637e-03   9.999283e-12   2.743918e-10   7.548737e-08   5.698752e-04   2.400000e+10   2.415249e-19   1.207625e-19   1.008437e-19   6.261766e-03   1.466523e-02   8.915351e-04   1.765984e-19   1.302991e-19  -1.008437e-19  -4.564089e-20  -6.477954e-20  -9.112680e-20   4.926317e-03   8.089861e+13   7.311284e-12   5.394463e-12  -4.174991e-12
             70             65   5.647870e-03   1.190989e-02   1.128602e-03   5.647870e-03   1.190989e-02   1.128602e-03   8.765399e-04   2.217490e-03   4.821492e-12   1.252121e-09   5.503578e-08   6.282158e-04   2.400000e+10   4.094096e-20   2.047048e-20   1.761705e-20   5.647870e-03   1.190989e-02   1.128602e-03  -3.686620e-20  -2.585522e-21  -1.761705e-20  -2.350290e-21   1.516709e-20   1.354533e-20   6.642926e-03   2.743349e+13  -4.341620e-12  -3.044891e-13  -2.074706e-12
            104             95   9.959904e-03   1.435074e-02   1.203057e-03   9.959904e-03   1.435074e-02   1.203057e-03   9.958744e-04   1.292672e-03   1.000070e-11   8.595743e-09   7.500355e-08   5.625138e-04   2.400000e+10   2.400282e-08   7.986747e-10   1.783035e-09   9.959904e-03   1.435074e-02   1.203057e-03  -2.354974e-08  -2.868054e-09  -3.649560e-09   1.531471e-10  -5.614242e-10  -5.470192e-10   9.994895e-05   4.962487e+02  -9.811240e-01  -1.194882e-01  -1.520471e-01
            102            101   2.919862e-03   1.230083e-02   2.980024e-03   2.919862e-03   1.230083e-02   2.980024e-03   1.574659e-03   2.013037e-03   9.960732e-12   1.574211e-08   9.381169e-08   8.835329e-04   2.400000e+10   2.978444e-19   1.489222e-19   2.717189e-19   2.919862e-03   1.230083e-02   2.980024e-03   1.045259e-19  -6.288475e-20  -2.717189e-19   1.226150e-19   8.006291e-20   2.707995e-20   7.813704e-03   1.519889e+14   3.495630e-12  -2.103038e-12  -9.087022e-12
            101            238   9.601323e-04   1.349742e-02   5.980016e-03   9.601323e-04   1.349742e-02   5.980016e-03   1.680206e-03   1.164168e-03   9.998793e-12   2.361587e-09   8.292196e-08   6.876882e-04   2.400000e+10   2.652862e-19   1.326431e-19   1.914429e-19   9.601323e-04   1.349742e-02   5.980016e-03   1.366306e-19  -1.227131e-19  -1.914429e-19   1.094073e-19   5.218415e-20   5.386143e-20   4.833188e-03   1.345699e+14   5.149689e-12  -4.625127e-12  -7.215593e-12
            101            222   2.923638e-03   1.139852e-02   5.350351e-03   2.923638e-03   1.139852e-02   5.350351e-03   3.167354e-03   1.280615e-03   9.928657e-12   3.264126e-09   9.515289e-08   9.119131e-04   2.400000e+10   3.001601e-19   1.500801e-19   1.405652e-19   2.923638e-03   1.139852e-02   5.350351e-03  -1.616264e-19   2.102723e-19  -1.405652e-19  -5.817257e-20   5.684433e-20   1.261297e-19   4.517176e-03   1.376163e+14  -5.346256e-12   6.955360e-12  -4.649596e-12
            166            142   2.751237e-03   1.563527e-02   6.635356e-03   2.751237e-03   1.563527e-02   6.635356e-03   1.776699e-03   2.225035e-03   7.583543e-12   2.686262e-10   8.655403e-08   9.878760e-04   2.400000e+10   1.592875e-19   7.964374e-20   1.527235e-19   2.751237e-03   1.563527e-02   6.635356e-03  -6.915405e-21   4.472364e-20  -1.527235e-19   7.802761e-20  -1.082440e-20   1.173241e-20   7.872531e-03   1.044874e+14  -3.292366e-13   2.129255e-12  -7.271039e-12
            180             39   9.873990e-03   1.229511e-02   2.554443e-03   9.873990e-03   1.229511e-02   2.554443e-03   1.041536e-03   1.915578e-03   9.812000e-12   9.848176e-10   8.136390e-08   6.746926e-04   2.400000e+10   2.506668e-19   1.253334e-19  -1.946498e-19   9.873990e-03   1.229511e-02   2.554443e-03  -1.231179e-19   9.893060e-20   1.946498e-19  -1.034069e-21  -1.220042e-19   2.867707e-20   8.206607e-03   9.818545e+13  -4.819279e-12   3.872500e-12   7.619294e-12
            142            261   2.276958e-03   1.415101e-02   8.566163e-03   2.276958e-03   1.415101e-02   8.566163e-03   2.407369e-03   2.409808e-03   3.475821e-12   5.088124e-09   6.469860e-08   1.204294e-03   2.400000e+10   2.501265e-20   1.250632e-20   1.793656e-20   2.276958e-03   1.415101e-02   8.566163e-03   1.228657e-20   1.236739e-20  -1.793656e-20   5.942418e-21  -1.053141e-20  -3.191435e-21   1.346181e-02   4.084437e+15   1.707373e-12   1.718604e-12  -2.492510e-12
            270            217   4.515561e-03   1.189217e-02   8.463680e-03   4.515561e-03   1.189217e-02   8.463680e-03   7.049444e-04   1.466731e-03   9.834421e-12   3.535369e-09   6.842733e-08   4.761134e-04   2.400000e+10   2.117762e-19   1.058881e-19  -4.699664e-20   4.515561e-03   1.189217e-02   8.463680e-03  -1.090503e-19   1.753525e-19   4.699664e-20   4.101745e-20  -2.501282e-20   9.436215e-20   5.290207e-03   6.201223e+13  -5.064057e-12   8.142985e-12   2.182421e-12
            217            249   5.393004e-03   8.956653e-03   6.749015e-03   5.393004e-03   8.956653e-03   6.749015e-03   2.323289e-03   8.247328e-04   9.859910e-12   9.174359e-09   7.746863e-08   6.086656e-04   2.400000e+10   2.410026e-19   1.205013e-19  -2.321716e-19   5.393004e-03   8.956653e-03   6.749015e-03  -3.399405e-20   5.498184e-20   2.321716e-19  -1.100477e-19  -4.140800e-20  -2.637136e-20   4.969780e-03   3.411141e+13  -1.390766e-12   2.249419e-12   9.498616e-12
            468            474   6.349281e-03   1.278713e-02   1.567000e-02   6.349281e-03   1.278713e-02   1.567000e-02   6.754429e-04   1.035425e-03   9.892796e-12   1.242014e-09   6.359235e-08   4.087810e-04   2.400000e+10   1.991558e-19   9.957791e-20  -1.532975e-20   6.349281e-03   1.278713e-02   1.567000e-02   1.186199e-19   1.592399e-19   1.532975e-20   7.555182e-20  -6.449648e-20   6.919967e-21   4.032676e-03   5.027797e+13   5.892286e-12   7.910027e-12   7.614846e-13
            468            418   7.621940e-03   1.330914e-02   1.597633e-02   7.621940e-03   1.330914e-02   1.597633e-02   7.978281e-04   1.863835e-03   9.962400e-12   9.102038e-10   7.460430e-08   5.586807e-04   2.400000e+10   2.369419e-19   1.184709e-19   2.520203e-20   7.621940e-03   1.330914e-02   1.597633e-02  -2.354362e-19   8.723507e-21  -2.520203e-20   3.763347e-20  -1.626883e-20  -1.111504e-19   5.055564e-03   1.207183e+14  -9.899094e-12   3.667865e-13  -1.059638e-12
            350            406   1.457907e-03   9.765614e-03   1.236648e-02   1.457907e-03   9.765615e-03   1.236648e-02   1.535188e-03   9.938148e-04   2.283745e-10   2.324046e-08   3.711784e-07   6.032783e-04   2.400000e+10   2.712566e-06   1.356283e-06   7.316895e-07   1.457907e-03   9.765615e-03   1.236648e-02   7.016940e-07   2.077388e-06   1.596902e-06   4.670552e-07  -8.714505e-07   9.284054e-07   5.621874e-05   4.278230e+00   2.586828e-01   7.658388e-01   5.887055e-01
             51            187   1.730307e-02   3.943199e-03   5.573786e-03   1.730307e-02   3.943199e-03   5.573786e-03   1.343636e-03   1.271044e-03   9.980914e-12   4.840603e-09   8.074153e-08   6.531660e-04   2.400000e+10   2.573876e-19   1.286938e-19   1.481229e-19   1.730307e-02   3.943199e-03   5.573786e-03   1.363370e-19   1.603752e-19  -1.481229e-19   9.426592e-20  -4.431842e-20   7.557716e-20   7.786218e-03   1.566542e+14   5.286844e-12   6.218991e-12  -5.743874e-12
            107             16   1.785925e-02   1.054533e-02   4.771600e-03   1.785925e-02   1.054533e-02   4.771600e-03   1.142606e-03   2.038012e-03   9.818537e-12   3.672492e-09   8.478504e-08   7.321359e-04   2.400000e+10   2.615549e-19   1.307774e-19  -8.455187e-20   1.785925e-02   1.054533e-02   4.771600e-03   4.318843e-20  -2.437144e-19   8.455187e-20   1.262211e-19   1.731316e-20  -2.951642e-20   1.086457e-02   4.745431e+14   1.621255e-12  -9.148821e-12   3.174002e-12
            115            179   1.379216e-02   6.865253e-03   2.729891e-03   1.379216e-02   6.865253e-03   2.729891e-03   1.493311e-03   5.872322e-04   1.204966e-11   8.007564e-10   7.126547e-08   4.214863e-04   2.400000e+10   2.747920e-08   1.373960e-08   9.380710e-10   1.379216e-02   6.865253e-03   2.729891e-03  -1.666407e-08  -1.726194e-08  -1.339555e-08   1.081938e-08  -5.153536e-09  -6.720022e-09   6.932750e-05   9.264266e+01  -6.064247e-01  -6.281820e-01  -4.874797e-01
            195            192   1.365156e-02   7.645896e-03   4.522121e-03   1.365156e-02   7.645896e-03   4.522121e-03   1.205053e-03   1.063485e-03   1.481387e-12   9.336246e-09   2.892877e-08   5.649260e-04   2.400000e+10   2.031499e-21   1.015750e-21  -2.631494e-22   1.365156e-02   7.645896e-03   4.522121e-03   6.726853e-22  -1.898746e-21   2.631494e-22   5.656066e-22   2.395814e-22  -8.089731e-22   8.204886e-03   6.021274e+13   4.905278e-13  -1.384582e-12   1.918908e-13
            243            225   1.339758e-02   4.547959e-03   7.261781e-03   1.339758e-02   4.547959e-03   7.261781e-03   1.040476e-03   9.587705e-04   2.223162e-10   2.706670e-08   3.330625e-07   4.989769e-04   2.400000e+10   2.369446e-06   1.184723e-06  -6.938375e-07   1.339758e-02   4.547959e-03   7.261781e-03   5.072038e-07  -1.274068e-06   1.932296e-06  -4.900668e-07  -9.546512e-07  -5.020396e-07   3.206876e-05   5.502477e+00   2.140601e-01  -5.377073e-01   8.155054e-01
            243            239   1.325862e-02   3.719204e-03   7.598888e-03   1.325862e-02   3.719204e-03   7.598888e-03   9.654718e-04   1.283782e-03   1.467209e-10   3.500488e-06   2.843428e-07   5.510518e-04   2.400000e+10   1.335009e-06   6.244339e-07  -1.481839e-07   1.325862e-02   3.719204e-03   7.598888e-03   7.298386e-07   1.105430e-06   1.661561e-07   3.759217e-07  -1.795904e-07  -4.651321e-07   3.470755e-05   5.384259e+01   5.466920e-01   8.280322e-01   1.244607e-01
            251            283   1.686895e-02   4.167079e-03   8.918366e-03   1.686895e-02   4.167079e-03   8.918366e-03   1.513243e-03   1.673727e-03   4.991079e-11   1.096974e-07   1.991613e-07   7.947222e-04   2.400000e+10   3.180895e-07   1.590210e-07   1.902684e-08   1.686895e-02   4.167079e-03   8.918366e-03   1.927844e-07  -2.426360e-07   7.171361e-08   4.189235e-08  -1.346133e-08  -1.528120e-07   9.443322e-05   5.770054e+01   6.060698e-01  -7.627917e-01   2.254510e-01
            299            225   1.373571e-02   6.372622e-03   6.690941e-03   1.373571e-02   6.372622e-03   6.690941e-03   1.939353e-03   1.725690e-03   1.793875e-10   9.086160e-08   4.047310e-07   9.131468e-04   2.400000e+10   2.323318e-06   1.161659e-06  -2.987128e-07   1.373571e-02   6.372622e-03   6.690941e-03  -1.352504e-07   1.859472e-06   1.386318e-06   1.525156e-07   6.955191e-07  -9.178475e-07   5.383804e-05   1.683416e+01  -5.821430e-02   8.003518e-01   5.966976e-01
            111            151   1.020946e-02   4.932818e-03   2.430559e-03   1.020946e-02   4.932818e-03   2.430559e-03   1.889454e-03   8.692901e-04   9.977438e-12   5.867804e-09   7.707337e-08   5.953737e-04   2.400000e+10   2.455231e-19   1.227616e-19   8.023743e-20   1.020946e-02   4.932818e-03   2.430559e-03   1.662197e-19  -1.619091e-19  -8.023743e-20  -1.055470e-19  -5.247912e-20  -3.429540e-20   6.719915e-03   3.676243e+13   6.754748e-12  -6.579577e-12  -3.260646e-12
            263            295   1.013503e-02   1.970815e-03   7.562350e-03   1.013503e-02   1.970815e-03   7.562350e-03   1.004886e-03   1.127716e-03   9.895672e-12   6.850764e-10   7.251469e-08   5.313819e-04   2.400000e+10   2.272304e-19   1.136152e-19   1.150419e-19   1.013503e-02   1.970815e-03   7.562350e-03   1.938900e-19   2.838536e-20  -1.150419e-19  -5.671270e-20  -8.026226e-20  -5.700928e-20   4.690558e-03   1.034724e+14   8.443725e-12   1.236156e-12  -5.009965e-12
            271            315   1.469732e-02   2.535349e-03   1.157246e-02   1.469732e-02   2.535349e-03   1.157246e-02   1.118889e-03   1.208706e-03   5.076542e-12   2.120212e-09   5.431054e-08   5.810323e-04   2.400000e+10   4.478888e-20   2.239444e-20   2.431043e-20   1.469732e-02   2.535349e-03   1.157246e-02  -2.728054e-20   2.590017e-20  -2.431043e-20   8.902936e-21  -7.951671e-21  -1.894781e-20   1.379401e-02   2.346015e+14  -3.092080e-12   2.935624e-12  -2.755437e-12
            467            391   1.274950e-02   8.838113e-04   1.610611e-02   1.274950e-02   8.838113e-04   1.610611e-02   9.265345e-04   1.278851e-03   1.424983e-10   1.076865e-09   2.766963e-07   5.372754e-04   2.400000e+10   1.261720e-06   6.308601e-07  -2.744867e-07   1.274950e-02   8.838113e-04   1.610611e-02   1.043384e-06  -4.223112e-07   5.700359e-07  -2.861929e-07  -5.567621e-07   7.806454e-08   3.850737e-05   1.231426e+01   8.269536e-01  -3.347107e-01   4.517926e-01
            459            415   1.297206e-02   4.637962e-03   1.479630e-02   1.297206e-02   4.637962e-03   1.479630e-02   1.099450e-03   2.334073e-03   1.625041e-11   1.326952e-09   1.102065e-07   7.473948e-04   2.400000e+10   5.730884e-08   2.865442e-08   1.959772e-10   1.297206e-02   4.637962e-03   1.479630e-02   1.572062e-08  -4.977707e-09   5.488522e-08  -6.748594e-09   2.773336e-08   2.528404e-09   1.394472e-04   2.397249e+02   2.743140e-01  -8.685759e-02   9.577096e-01
            407            351   1.729412e-02   4.955839e-03   1.403676e-02   1.729412e-02   4.955839e-03   1.403676e-02   2.537781e-03   2.718950e-03   9.999938e-12   1.629826e-06   1.145694e-07   1.312622e-03   2.400000e+10   3.666174e-19   1.833087e-19  -1.769160e-19   1.729412e-02   4.955839e-03   1.403676e-02   1.977632e-19   2.529797e-19   1.769160e-19   1.011600e-19   2.620017e-20  -1.506064e-19   1.046101e-02   1.119422e+14   5.394234e-12   6.900332e-12   4.825600e-12
            331             59   1.726614e-02   5.263353e-03   1.120851e-02   1.726614e-02   5.263353e-03   1.120851e-02   1.113735e-03   2.212156e-03   9.470544e-12   1.975086e-09   8.375914e-08   7.407804e-04   2.400000e+10   2.403986e-19   1.201993e-19  -3.969746e-21   1.726614e-02   5.263353e-03   1.120851e-02  -2.004532e-19  -1.326433e-19   3.969746e-21  -3.710502e-20   1.132232e-19  -1.586221e-20   8.136304e-03   4.774952e+13  -7.896888e-12  -5.225505e-12   1.563888e-13
             84            140   1.886055e-02   1.744340e-02   6.662080e-03   1.886055e-02   1.744340e-02   6.662080e-03   1.735463e-03   8.924305e-04   9.674494e-12   1.125849e-08   7.551012e-08   5.893618e-04   2.400000e+10   2.261578e-19   1.130789e-19  -2.108092e-19   1.886055e-02   1.744340e-02   6.662080e-03  -4.572982e-20   6.793860e-20   2.108092e-19   7.222787e-20   8.551084e-20  -1.605842e-20   4.613932e-03   1.573805e+14  -1.956213e-12   2.906252e-12   9.017914e-12
            124            144   1.727829e-02   1.587570e-02   4.476967e-03   1.727829e-02   1.587570e-02   4.476967e-03   1.917541e-03   2.562665e-03   2.522494e-12   3.920481e-11   5.259983e-08   1.096828e-03   2.400000e+10   1.071013e-20   5.355063e-21   2.706830e-21   1.727829e-02   1.587570e-02   4.476967e-03   2.561338e-21   1.004089e-20  -2.706830e-21   2.751067e-21  -1.900688e-21  -4.182788e-21   1.213220e-02   7.188435e+15   6.032570e-13   2.364872e-12  -6.375239e-13
            260            114   1.250758e-02   1.460046e-02   5.177216e-03   1.250758e-02   1.460046e-02   5.177216e-03   1.070143e-03   2.086472e-03   1.304923e-11   2.499441e-10   9.607463e-08   7.073473e-04   2.400000e+10   4.011839e-08   2.005919e-08   3.645982e-09   1.250758e-02   1.460046e-02   5.177216e-03   1.582175e-08  -2.469341e-08   2.737503e-08   4.691708e-09  -1.166279e-08  -1.563133e-08   1.105015e-04   2.039219e+02   3.943766e-01  -6.155136e-01   6.823563e-01
            276            112   1.850953e-02   1.246104e-02   8.996353e-03   1.850953e-02   1.246104e-02   8.996353e-03   1.846434e-03   2.862508e-03   3.458786e-12   1.002918e-10   6.230751e-08   1.122424e-03   2.400000e+10   2.385271e-20   1.192636e-20  -7.448691e-21   1.850953e-02   1.246104e-02   8.996353e-03   5.781009e-21  -2.191002e-20   7.448691e-21  -7.064047e-21   2.387992e-21   9.307778e-21   1.115788e-02   5.204545e+14   8.382808e-13  -3.177084e-12   1.080105e-12
             16            144   1.787361e-02   1.355422e-02   4.300690e-03   1.787361e-02   1.355422e-02   4.300690e-03   2.881423e-03   1.497577e-03   6.812352e-12   4.919568e-07   8.193305e-08   9.854195e-04   2.400000e+10   1.216755e-19   6.083777e-20   4.639889e-20   1.787361e-02   1.355422e-02   4.300690e-03   5.381009e-20  -9.877527e-20  -4.639889e-20  -3.744272e-20   7.648963e-22  -4.794468e-20   1.174630e-02   1.055156e+12   3.012712e-12  -5.530215e-12  -2.597774e-12
             16            107   1.785925e-02   1.054533e-02   4.771600e-03   1.785925e-02   1.054533e-02   4.771600e-03   2.038012e-03   1.142606e-03   9.818537e-12   3.672492e-09   8.478504e-08   7.321359e-04   2.400000e+10   2.615549e-19   1.307774e-19   8.455187e-20   1.785925e-02   1.054533e-02   4.771600e-03  -4.318843e-20   2.437144e-19  -8.455187e-20  -1.262211e-19  -1.731316e-20   2.951642e-20   1.086457e-02   4.745431e+14  -1.621255e-12   9.148821e-12  -3.174002e-12
             91             89   1.468525e-02   1.215301e-02   1.216011e-03   1.468525e-02   1.215301e-02   1.216011e-03   2.193145e-03   1.628597e-03   9.826900e-12   7.581106e-09   9.583366e-08   9.345867e-04   2.400000e+10   2.961428e-19   1.480714e-19  -4.628574e-20   1.468525e-02   1.215301e-02   1.216011e-03   2.730776e-19  -1.048179e-19   4.628574e-20   2.196391e-20   1.167401e-19  -8.839951e-20   7.165419e-03   4.302118e+13   9.061529e-12  -3.478171e-12   1.535899e-12
             95            104   9.959904e-03   1.435074e-02   1.203057e-03   9.959904e-03   1.435074e-02   1.203057e-03   1.292672e-03   9.958744e-04   1.000070e-11   8.595743e-09   7.500355e-08   5.625138e-04   2.400000e+10   2.400282e-08   7.986747e-10  -1.783035e-09   9.959904e-03   1.435074e-02   1.203057e-03   2.354974e-08   2.868054e-09   3.649560e-09  -1.531471e-10   5.614242e-10   5.470192e-10   9.994895e-05   4.962487e+02   9.811240e-01   1.194882e-01   1.520471e-01
             39            180   9.873990e-03   1.229511e-02   2.554443e-03   9.873990e-03   1.229511e-02   2.554443e-03   1.915578e-03   1.041536e-03   9.812000e-12   9.848176e-10   8.136390e-08   6.746926e-04   2.400000e+10   2.506668e-19   1.253334e-19   1.946498e-19   9.873990e-03   1.229511e-02   2.554443e-03   1.231179e-19  -9.893060e-20  -1.946498e-19   1.034069e-21   1.220042e-19  -2.867707e-20   8.206607e-03   9.818545e+13   4.819279e-12  -3.872500e-12  -7.619294e-12
             82            178   1.307493e-02   1.829756e-02   8.942529e-03   1.307493e-02   1.829756e-02   8.942529e-03   1.484984e-03   9.864536e-04   8.312460e-12   1.639897e-09   7.019225e-08   5.927189e-04   2.400000e+10   1.552023e-19   7.760117e-20   7.805577e-20   1.307493e-02   1.829756e-02   8.942529e-03  -1.262714e-19  -4.528353e-20  -7.805577e-20  -1.923360e-20   5.995592e-20   4.535745e-20   9.083215e-03   5.522121e+12  -6.762951e-12  -2.425334e-12  -4.180578e-12
            208            300   1.457590e-02   1.201636e-02   8.341347e-03   1.457590e-02   1.201636e-02   8.341347e-03   1.517782e-03   2.144746e-03   9.997491e-12   2.662955e-09   9.426439e-08   8.888005e-04   2.400000e+10   3.014947e-19   1.507473e-19   1.873040e-19   1.457590e-02   1.201636e-02   8.341347e-03  -3.099460e-20  -2.342127e-19  -1.873040e-19  -1.459111e-19   3.726292e-20  -6.795515e-21   1.222973e-02   3.799848e+14  -1.027773e-12  -7.766435e-12  -6.210957e-12
            300            208   1.457590e-02   1.201636e-02   8.341347e-03   1.457590e-02   1.201636e-02   8.341347e-03   2.144746e-03   1.517782e-03   9.997491e-12   2.662955e-09   9.426439e-08   8.888005e-04   2.400000e+10   3.014947e-19   1.507473e-19  -1.873040e-19   1.457590e-02   1.201636e-02   8.341347e-03   3.099460e-20   2.342127e-19   1.873040e-19   1.459111e-19  -3.726292e-20   6.795515e-21   1.222973e-02   3.799848e+14   1.027773e-12   7.766435e-12   6.210957e-12
            463            432   1.327858e-02   1.114904e-02   1.637514e-02   1.327858e-02   1.114904e-02   1.637514e-02   1.018303e-03   1.602838e-03   9.656199e-12   1.670770e-08   7.754276e-08   6.226963e-04   2.400000e+10   2.313682e-19   1.156841e-19  -1.111069e-19   1.327858e-02   1.114904e-02   1.637514e-02  -2.112578e-20   2.018420e-19   1.111069e-19  -1.052443e-19  -4.148703e-20   2.419247e-20   4.554494e-03   6.565275e+13  -8.816888e-13   8.423918e-12   4.637069e-12
            194            275   1.900669e-02   1.317574e-02   1.514229e-02   1.900669e-02   1.317574e-02   1.514229e-02   7.865709e-04   1.065286e-03   9.966653e-12   9.823757e-10   6.715417e-08   4.524772e-04   2.400000e+10   2.134625e-19   1.067313e-19  -1.954372e-19   1.900669e-02   1.317574e-02   1.514229e-02  -4.103928e-21  -8.575385e-20   1.954372e-19   4.947397e-20   9.363627e-20   1.327167e-20   4.868371e-03   2.380726e+13  -1.916141e-13  -4.003882e-12   9.125041e-12
            364            211   1.212908e-02   1.864509e-02   1.509963e-02   1.212908e-02   1.864509e-02   1.509963e-02   1.147856e-03   9.904465e-04   9.879648e-12   3.240745e-08   7.247619e-08   5.316787e-04   2.400000e+10   2.263749e-19   1.131874e-19  -1.799288e-19   1.212908e-02   1.864509e-02   1.509963e-02  -1.338235e-19  -3.102352e-20   1.799288e-19  -8.260252e-20   2.782044e-20  -7.220971e-20   6.941147e-03   7.890869e+13  -5.840443e-12  -1.353955e-12   7.852609e-12
            450            398   1.121073e-02   1.108890e-02   1.614917e-02   1.121073e-02   1.108890e-02   1.614917e-02   1.147850e-03   1.333231e-03   9.889663e-12   8.141283e-09   7.810261e-08   6.168075e-04   2.400000e+10   2.444435e-19   1.222217e-19   2.311060e-20   1.121073e-02   1.108890e-02   1.614917e-02   1.541190e-19   1.883238e-19  -2.311060e-20   8.207167e-20  -7.739632e-20   4.703408e-20   8.365195e-03   1.015025e+14   6.235328e-12   7.619178e-12  -9.350055e-13
            411            275   1.861491e-02   1.274292e-02   1.462231e-02   1.861491e-02   1.274292e-02   1.462231e-02   1.200532e-03   6.475885e-04   3.373795e-12   1.000877e-10   3.767304e-08   4.206710e-04   2.400000e+10   1.372201e-20   6.861007e-21  -1.280374e-21   1.861491e-02   1.274292e-02   1.462231e-02  -7.246803e-21  -1.158180e-20   1.280374e-21  -4.805964e-21   2.312863e-21  -4.315877e-21   7.785921e-03   2.124964e+14  -1.781752e-12  -2.847587e-12   3.148020e-13
            256            250   1.700739e-02   1.690601e-02   1.300636e-02   1.700739e-02   1.690601e-02   1.300636e-02   9.682337e-04   3.030301e-03   9.901689e-12   4.081214e-10   8.523878e-08   7.337787e-04   2.400000e+10   2.674273e-19   1.337137e-19  -5.431746e-20   1.700739e-02   1.690601e-02   1.300636e-02   1.251621e-19  -2.300031e-19   5.431746e-20   7.237585e-20   1.733565e-20  -1.110881e-19   4.774812e-03   3.461324e+14   4.634217e-12  -8.516032e-12   2.011143e-12
            360            355   1.224156e-02   1.118441e-02   1.238331e-02   1.224156e-02   1.118441e-02   1.238331e-02   1.729361e-03   1.435474e-03   9.954077e-12   8.813674e-10   8.836199e-08   7.843863e-04   2.400000e+10   2.801673e-19   1.400836e-19  -8.375731e-20   1.224156e-02   1.118441e-02   1.238331e-02  -2.516712e-19   9.022201e-20   8.375731e-20   5.301081e-20   5.567969e-20   1.171028e-19   6.278456e-03   2.133358e+15  -8.941639e-12   3.205502e-12   2.975818e-12
            380            296   1.521889e-02   1.511693e-02   1.203427e-02   1.521889e-02   1.511693e-02   1.203427e-02   9.613633e-04   1.166458e-03   9.249805e-12   1.009312e-07   6.981955e-08   5.270133e-04   2.400000e+10   1.911579e-19   9.557893e-20  -4.356438e-20   1.521889e-02   1.511693e-02   1.203427e-02  -1.857605e-19  -1.168289e-20   4.356438e-20   3.613845e-20  -7.451573e-20   4.771530e-20   3.891989e-03   1.523944e+13  -8.988638e-12  -5.653152e-13   2.108006e-12
