              5             57   2.954392e-03   2.359054e-03   7.615251e-04   2.954392e-03   2.359054e-03   7.615251e-04   9.584900e-04   6.130856e-04   7.924603e-12   3.235922e-09   5.443465e-08   3.739155e-04   2.400000e+10   1.093907e-19   5.469536e-20  -3.429262e-21   2.954392e-03   2.359054e-03   7.615251e-04  -6.666030e-20  -8.666587e-20   3.429262e-21  -2.056920e-20   2.190599e-20  -4.570140e-20   5.617949e-03   2.707509e+13  -4.829079e-12  -6.278345e-12   2.484264e-13
             41             93   3.700088e-03   7.604642e-03   1.890281e-03   3.700088e-03   7.604642e-03   1.890281e-03   1.617826e-03   1.263064e-03   1.029903e-11   1.034534e-09   8.546993e-08   7.093010e-04   2.400000e+10   2.816823e-08   1.408411e-08  -1.138816e-08   3.700088e-03   7.604642e-03   1.890281e-03   1.462932e-08   2.112423e-08  -1.154119e-08   6.720651e-09  -9.809053e-09  -7.548349e-09   1.583458e-04   2.492499e+02   5.193552e-01   7.499310e-01  -4.097239e-01
             85            109   3.121409e-03   9.175806e-04   2.392279e-03   3.121409e-03   9.175806e-04   2.392279e-03   7.227043e-04   2.534173e-03   9.886071e-12   6.701786e-10   7.456063e-08   5.623355e-04   2.400000e+10   2.331884e-19   1.165942e-19   1.476752e-19   3.121409e-03   9.175806e-04   2.392279e-03   1.558885e-19  -9.092666e-20  -1.476752e-19  -9.747559e-20  -6.361378e-20  -6.782810e-21   4.966254e-03   1.432962e+13   6.608923e-12  -3.854854e-12  -6.260721e-12
            117            165   1.192402e-03   4.575448e-03   4.963795e-03   1.192402e-03   4.575448e-03   4.963795e-03   2.066974e-03   1.031252e-03   9.986471e-12   2.843652e-10   8.288947e-08   6.879972e-04   2.400000e+10   2.645291e-19   1.322645e-19   6.968352e-20   1.192402e-03   4.575448e-03   4.963795e-03   6.937713e-20  -2.455741e-19  -6.968352e-20   1.195159e-19   5.658906e-20   2.743399e-21   7.683959e-03   6.209554e+13   2.619117e-12  -9.270886e-12  -2.630684e-12
            117            205   2.914891e-03   2.418000e-03   5.500925e-03   2.914891e-03   2.418000e-03   5.500925e-03   1.436889e-03   7.416725e-04   5.518890e-12   4.877121e-11   5.195874e-08   4.891764e-04   2.400000e+10   5.064215e-20   2.532107e-20   1.858260e-20   2.914891e-03   2.418000e-03   5.500925e-03  -3.278341e-20   3.383137e-20  -1.858260e-20  -1.610445e-20  -6.855281e-21   1.829777e-20   1.071352e-02   2.534985e+14  -3.572677e-12   3.686882e-12  -2.025099e-12
            129            169   7.766698e-03   3.677057e-03   3.150104e-03   7.766698e-03   3.677057e-03   3.150104e-03   1.400056e-03   1.651085e-03   9.960474e-12   5.706266e-09   8.686929e-08   7.576219e-04   2.400000e+10   2.757886e-19   1.378943e-19   1.379794e-19   7.766698e-03   3.677057e-03   3.150104e-03  -2.182363e-19   9.692233e-20  -1.379794e-19   1.521029e-20  -1.131262e-19  -7.736895e-20   7.509141e-03   2.133842e+14  -7.881897e-12   3.500480e-12  -4.983312e-12
            149            201   4.937648e-03   4.808306e-03   4.585178e-03   4.937648e-03   4.808306e-03   4.585178e-03   8.973923e-04   1.792837e-03   9.239304e-12   4.209933e-10   7.433384e-08   5.980450e-04   2.400000e+10   2.030556e-19   1.015278e-19   1.213313e-19   4.937648e-03   4.808306e-03   4.585178e-03  -1.461159e-19  -7.183632e-20  -1.213313e-19   4.012784e-20  -9.205745e-20   1.493581e-20   8.672400e-03   1.132447e+14  -6.648468e-12  -3.268649e-12  -5.520737e-12
            151            153   9.530745e-03   6.923564e-03   2.568512e-03   9.530745e-03   6.923564e-03   2.568512e-03   9.988638e-04   5.810257e-04   9.446178e-12   5.872289e-09   5.890681e-08   3.673457e-04   2.400000e+10   1.682007e-19   8.410035e-20  -2.948613e-20   9.530745e-03   6.923564e-03   2.568512e-03  -7.214072e-20  -1.490562e-19   2.948613e-20   8.194746e-20  -1.556231e-20   1.073765e-20   5.244688e-03   4.172581e+13  -4.051435e-12  -8.371022e-12   1.655946e-12
            151            111   1.021290e-02   4.943908e-03   2.463341e-03   1.021290e-02   4.943908e-03   2.463341e-03   8.956551e-04   1.882687e-03   9.907864e-12   1.253745e-08   7.754550e-08   6.069224e-04   2.400000e+10   2.435941e-19   1.217970e-19  -8.147313e-20   1.021290e-02   4.943908e-03   2.463341e-03  -1.639602e-19   1.606775e-19   8.147313e-20   1.039247e-19   6.340390e-20   3.757940e-21   6.707245e-03   3.829125e+13  -6.668863e-12   6.535342e-12   3.313811e-12
            165            213   1.864470e-03   6.177407e-03   5.431950e-03   1.864470e-03   6.177407e-03   5.431950e-03   1.828576e-03   1.235576e-03   7.501888e-12   4.326024e-09   7.437404e-08   7.373475e-04   2.400000e+10   1.339407e-19   6.697034e-20  -2.586183e-20   1.864470e-03   6.177407e-03   5.431950e-03  -1.277649e-19  -3.077973e-20   2.586183e-20  -1.488883e-20   6.513928e-20   4.497051e-21   4.850345e-03   2.409557e+14  -7.155991e-12  -1.723943e-12   1.448496e-12
            249            217   5.417957e-03   8.949574e-03   6.834933e-03   5.417957e-03   8.949574e-03   6.834933e-03   8.118281e-04   2.303513e-03   8.604817e-12   7.410437e-09   7.186963e-08   6.002735e-04   2.400000e+10   1.702859e-19   8.514295e-20   1.634947e-19   5.417957e-03   8.949574e-03   6.834933e-03   2.827122e-20  -3.830820e-20  -1.634947e-19   7.961347e-20   1.205445e-20   2.767141e-20   5.278161e-03   7.930336e+12   1.428590e-12  -1.935774e-12  -8.261646e-12
            253            273   7.964407e-03   9.052409e-03   6.870646e-03   7.964407e-03   9.052409e-03   6.870646e-03   1.834106e-03   1.767558e-03   4.654694e-12   1.629184e-08   6.472812e-08   9.001085e-04   2.400000e+10   4.487714e-20   2.243857e-20   2.859322e-20   7.964407e-03   9.052409e-03   6.870646e-03   3.495510e-21   3.441173e-20  -2.859322e-20   2.224188e-20   5.439065e-22   2.914158e-21   8.326404e-03   1.765481e+12   3.625572e-13   3.569213e-12  -2.965712e-12
            253            190   6.914282e-03   1.043498e-02   6.196054e-03   6.914282e-03   1.043498e-02   6.196054e-03   1.110835e-03   9.956469e-04   6.192409e-12   6.059140e-07   5.702016e-08   5.250458e-04   2.400000e+10   6.996772e-20   3.498386e-20  -2.008002e-20   6.914282e-03   1.043498e-02   6.196054e-03   6.221512e-20  -2.493096e-20   2.008002e-20  -8.121361e-22   2.069137e-20   2.819713e-20   8.459181e-03   4.190147e+13   5.506275e-12  -2.206485e-12   1.777158e-12
            273            259   8.024881e-03   7.540522e-03   7.196570e-03   8.024881e-03   7.540522e-03   7.196570e-03   1.588729e-03   1.780161e-03   1.045025e-12   2.059453e-10   2.961928e-08   8.395029e-04   2.400000e+10   1.035090e-21   5.175450e-22  -3.155609e-22   8.024881e-03   7.540522e-03   7.196570e-03  -3.923134e-22   9.043909e-22   3.155609e-22  -1.431074e-22   4.955867e-23  -4.948910e-22   1.578862e-02   4.291750e+14  -3.960790e-13   9.130717e-13   3.185898e-13
            295            329   8.474154e-03   8.638519e-04   8.527295e-03   8.474154e-03   8.638519e-04   8.527295e-03   8.882569e-04   7.769923e-04   9.999504e-12   4.138672e-09   6.437648e-08   4.144537e-04   2.400000e+10   2.059843e-19   1.029921e-19   4.255307e-20   8.474154e-03   8.638519e-04   8.527295e-03   1.744584e-19   1.009111e-19  -4.255307e-20  -6.755665e-20   7.773191e-20   1.109960e-21   4.969565e-03   3.494162e+14   8.469078e-12   4.898726e-12  -2.065738e-12
            295            263   1.013860e-02   1.936355e-03   7.625263e-03   1.013860e-02   1.936355e-03   7.625263e-03   1.082153e-03   1.002193e-03   9.945680e-12   1.339807e-08   7.193699e-08   5.203195e-04   2.400000e+10   2.277043e-19   1.138522e-19  -1.177972e-19   1.013860e-02   1.936355e-03   7.625263e-03  -1.924602e-19  -3.053094e-20   1.177972e-19   6.686112e-20   6.306399e-20   6.719254e-20   4.705400e-03   7.819342e+13  -8.406286e-12  -1.333532e-12   5.145153e-12
            304            321   8.090400e-03   8.056789e-03   9.925529e-03   8.090400e-03   8.056789e-03   9.925529e-03   1.385602e-03   2.539284e-03   7.395245e-12   9.370717e-09   8.142123e-08   8.964432e-04   2.400000e+10   1.424927e-19   7.124637e-20   4.432516e-20   8.090400e-03   8.056789e-03   9.925529e-03   1.300321e-19   3.783013e-20  -4.432516e-20   8.234939e-21  -6.600384e-20  -2.552889e-20   1.058115e-02   2.812331e+14   6.748548e-12   1.963350e-12  -2.300436e-12
            304            367   9.136574e-03   6.765083e-03   9.922327e-03   9.136574e-03   6.765083e-03   9.922327e-03   1.251649e-03   7.353966e-04   8.710711e-12   5.171494e-08   6.352212e-08   4.632297e-04   2.400000e+10   1.542347e-19   7.711737e-20   1.068539e-19   9.136574e-03   6.765083e-03   9.922327e-03   6.005795e-20   9.361439e-20  -1.068539e-19   5.428907e-20   2.458814e-20   4.894087e-20   5.495192e-03   1.608214e+13   3.391891e-12   5.287057e-12  -6.034782e-12
            305            361   8.389079e-03   3.598744e-03   1.094138e-02   8.389079e-03   3.598744e-03   1.094138e-02   2.373279e-03   1.023433e-03   4.927873e-12   2.150852e-09   5.936144e-08   7.150714e-04   2.400000e+10   4.612893e-20   2.306446e-20   4.080704e-20   8.389079e-03   3.598744e-03   1.094138e-02  -2.005223e-20   7.782793e-21  -4.080704e-20   1.915818e-20  -5.596642e-21  -1.155903e-20   6.250655e-03   1.198918e+13  -2.142144e-12   8.314222e-13  -4.359344e-12
            321            367   8.092481e-03   6.504083e-03   1.068973e-02   8.092481e-03   6.504083e-03   1.068973e-02   1.476605e-03   8.817373e-04   5.642566e-12   4.321166e-08   5.581317e-08   5.520732e-04   2.400000e+10   5.686435e-20   2.843217e-20   9.816392e-21   8.092481e-03   6.504083e-03   1.068973e-02  -5.259210e-20   1.926819e-20  -9.816392e-21   1.042747e-20   1.984294e-20  -1.749040e-20   6.302408e-03   1.466504e+13  -5.218638e-12   1.911954e-12  -9.740663e-13
            367            304   9.136574e-03   6.765083e-03   9.922327e-03   9.136574e-03   6.765083e-03   9.922327e-03   7.353966e-04   1.251649e-03   8.710711e-12   5.171494e-08   6.352212e-08   4.632297e-04   2.400000e+10   1.542347e-19   7.711737e-20  -1.068539e-19   9.136574e-03   6.765083e-03   9.922327e-03  -6.005795e-20  -9.361439e-20   1.068539e-19  -5.428907e-20  -2.458814e-20  -4.894087e-20   5.495192e-03   1.608214e+13  -3.391891e-12  -5.287057e-12   6.034782e-12
            367            321   8.092481e-03   6.504083e-03   1.068973e-02   8.092481e-03   6.504083e-03   1.068973e-02   8.817373e-04   1.476605e-03   5.642566e-12   4.321166e-08   5.581317e-08   5.520732e-04   2.400000e+10   5.686435e-20   2.843217e-20  -9.816392e-21   8.092481e-03   6.504083e-03   1.068973e-02   5.259210e-20  -1.926819e-20   9.816392e-21  -1.042747e-20  -1.984294e-20   1.749040e-20   6.302408e-03   1.466504e+13   5.218638e-12  -1.911954e-12   9.740663e-13
            445            423   1.429407e-03   7.136835e-03   1.712796e-02   1.429407e-03   7.136835e-03   1.712796e-02   1.390954e-03   1.134670e-03   8.652640e-12   1.262672e-10   7.353280e-08   6.249044e-04   2.400000e+10   1.761686e-19   8.808428e-20  -9.580618e-20   1.429407e-03   7.136835e-03   1.712796e-02   1.310755e-20   1.472574e-19   9.580618e-20   1.874416e-21  -5.452807e-20   6.915212e-20   1.084664e-02   1.629795e+13   6.437862e-13   7.232647e-12   4.705587e-12
            416            449   6.876273e-03   7.348519e-03   1.542706e-02   6.876273e-03   7.348519e-03   1.542706e-02   8.828456e-04   6.269743e-04   9.654951e-12   2.992537e-08   5.949490e-08   3.666143e-04   2.400000e+10   1.774720e-19   8.873599e-20   1.293508e-20   6.876273e-03   7.348519e-03   1.542706e-02  -1.738408e-19  -3.329203e-20  -1.293508e-20   2.161684e-21  -1.614762e-20   8.722762e-20   4.186175e-03   8.778340e+14  -9.457405e-12  -1.811175e-12  -7.037027e-13
            423            357   2.236887e-03   6.252168e-03   1.485636e-02   2.236887e-03   6.252168e-03   1.485636e-02   2.460700e-03   1.223678e-03   7.953962e-12   2.848966e-07   8.062554e-08   8.172628e-04   2.400000e+10   1.632261e-19   8.161306e-20  -6.429283e-20   2.236887e-03   6.252168e-03   1.485636e-02  -1.490472e-19  -1.714989e-20   6.429283e-20   2.885785e-20  -5.602982e-20   5.185148e-20   1.208183e-02   5.594985e+13  -7.263030e-12  -8.357091e-13   3.132971e-12
            437            469   1.104553e-03   2.579392e-03   1.502477e-02   1.104553e-03   2.579392e-03   1.502477e-02   1.010255e-03   1.145304e-03   9.999606e-12   7.634390e-10   7.326346e-08   5.367746e-04   2.400000e+10   2.344246e-19   1.172123e-19  -4.360823e-20   1.104553e-03   2.579392e-03   1.502477e-02   1.796637e-19   1.441325e-19   4.360823e-20   6.536866e-20  -7.422618e-20  -6.289785e-20   4.658408e-03   1.265239e+16   7.663726e-12   6.148111e-12   1.860151e-12
            374            350   3.779440e-03   1.032748e-02   1.396027e-02   3.779440e-03   1.032748e-02   1.396027e-02   1.302125e-03   1.763160e-03   1.000004e-11   4.714437e-11   8.654413e-08   7.489859e-04   2.400000e+10   2.769423e-08   1.285896e-11  -3.119963e-09   3.779440e-03   1.032748e-02   1.396027e-02   2.570670e-08  -9.819962e-09   3.115174e-09   2.776133e-12   3.436412e-12  -1.207630e-11   1.573601e-04   3.398967e+05   9.282330e-01  -3.545852e-01   1.124846e-01
            349            361   8.261769e-03   2.906898e-03   1.202604e-02   8.261769e-03   2.906898e-03   1.202604e-02   2.949607e-03   7.493671e-04   1.297784e-11   6.454201e-11   8.806228e-08   5.975544e-04   2.400000e+10   3.657146e-08   1.806629e-09  -3.657832e-10   8.261769e-03   2.906898e-03   1.202604e-02  -1.699476e-08  -2.506521e-08   2.050329e-08   1.598767e-09  -6.100503e-10   5.793886e-10   6.825754e-05   1.023295e+02  -4.647001e-01  -6.853763e-01   5.606363e-01
            361            305   8.389079e-03   3.598744e-03   1.094138e-02   8.389079e-03   3.598744e-03   1.094138e-02   1.023433e-03   2.373279e-03   4.927873e-12   2.150852e-09   5.936144e-08   7.150714e-04   2.400000e+10   4.612893e-20   2.306446e-20  -4.080704e-20   8.389079e-03   3.598744e-03   1.094138e-02   2.005223e-20  -7.782793e-21   4.080704e-20  -1.915818e-20   5.596642e-21   1.155903e-20   6.250655e-03   1.198918e+13   2.142144e-12  -8.314222e-13   4.359344e-12
             50             30   3.205314e-03   1.845616e-02   4.144715e-03   3.205314e-03   1.845616e-02   4.144715e-03   1.591588e-03   1.621529e-03   9.917751e-12   1.097673e-08   8.925262e-08   8.032094e-04   2.400000e+10   2.809295e-19   1.404648e-19   2.593869e-20   3.205314e-03   1.845616e-02   4.144715e-03   1.612321e-19   2.285887e-19  -2.593869e-20   9.755699e-20  -6.320544e-20   7.885464e-20   6.250860e-03   4.650729e+14   5.692033e-12   8.069944e-12  -9.157224e-13
            130            166   3.870515e-03   1.647669e-02   5.959036e-03   3.870515e-03   1.647669e-02   5.959036e-03   1.150888e-03   1.201825e-03   9.880070e-12   6.038757e-09   7.621362e-08   5.879024e-04   2.400000e+10   2.380689e-19   1.190344e-19   3.364378e-20   3.870515e-03   1.647669e-02   5.959036e-03   1.816326e-19   1.501814e-19  -3.364378e-20   3.967976e-20  -6.879678e-21   1.120151e-19   4.576521e-03   1.276671e+14   7.537916e-12   6.232664e-12  -1.396247e-12
            210            216   5.097721e-03   1.280752e-02   6.002195e-03   5.097721e-03   1.280752e-02   6.002195e-03   1.057458e-03   2.183278e-03   9.916135e-12   3.385356e-09   8.404957e-08   7.124076e-04   2.400000e+10   2.644663e-19   1.322331e-19  -1.568769e-19   5.097721e-03   1.280752e-02   6.002195e-03  -2.033156e-19  -6.320463e-20   1.568769e-19   1.112296e-19  -3.529930e-20   6.218959e-20   8.060233e-03   3.595712e+13  -7.623296e-12  -2.369851e-12   5.882082e-12
              6             30   2.102978e-03   1.827682e-02   4.890919e-03   2.102978e-03   1.827682e-02   4.890919e-03   1.813468e-03   1.026248e-03   9.829244e-12   2.675275e-10   8.026084e-08   6.553711e-04   2.400000e+10   2.481384e-19   1.240692e-19  -7.582467e-20   2.102978e-03   1.827682e-02   4.890919e-03  -1.796446e-19   1.534636e-19   7.582467e-20  -7.781074e-20  -6.445495e-20  -7.200146e-20   6.601570e-03   6.402781e+15  -7.116074e-12   6.078991e-12   3.003563e-12
             24             78   5.216179e-03   1.810899e-02   2.703315e-03   5.216179e-03   1.810899e-02   2.703315e-03   1.336239e-03   1.156466e-03   7.068104e-12   2.954862e-09   6.619489e-08   6.199348e-04   2.400000e+10   1.058230e-19   5.291152e-20   8.538430e-20   5.216179e-03   1.810899e-02   2.703315e-03  -5.433042e-20   3.092320e-20  -8.538430e-20  -1.982678e-20   3.382217e-20   3.553293e-20   5.573888e-03   3.280967e+13  -3.628822e-12   2.065414e-12  -5.702965e-12
             81             94   6.261889e-03   1.466172e-02   8.949999e-04   6.261889e-03   1.466172e-02   8.949999e-04   8.927721e-04   1.658226e-03   1.000002e-11   1.203273e-08   7.617941e-08   5.803289e-04   2.400000e+10   2.437747e-08   2.247112e-10   7.694414e-09   6.261889e-03   1.466172e-02   8.949999e-04   1.777970e-08   1.307773e-08  -1.034969e-08  -9.792480e-11  -2.563795e-11  -2.006204e-10   7.197840e-05   6.387035e+02   7.293498e-01   5.364680e-01  -4.245598e-01
             70             65   5.643635e-03   1.189585e-02   1.147010e-03   5.643635e-03   1.189585e-02   1.147010e-03   8.627709e-04   2.220144e-03   9.364671e-12   3.919722e-08   7.627879e-08   6.213196e-04   2.400000e+10   2.140617e-19   1.070308e-19   9.394031e-20   5.643635e-03   1.189585e-02   1.147010e-03  -1.918820e-19  -1.337593e-20  -9.394031e-20  -1.026940e-20   8.089308e-20   6.932854e-20   5.051592e-03   9.564385e+12  -8.394365e-12  -5.851639e-13  -4.109658e-12
            104             95   9.945359e-03   1.432404e-02   1.215955e-03   9.945359e-03   1.432404e-02   1.215955e-03   1.000615e-03   1.288390e-03   9.961950e-12   4.577586e-08   7.490417e-08   5.632064e-04   2.400000e+10   2.378728e-19   1.189364e-19   3.696753e-20   9.945359e-03   1.432404e-02   1.215955e-03  -2.330131e-19  -3.036014e-20  -3.696753e-20   4.827007e-20  -8.125612e-20  -7.220323e-20   6.818289e-03   3.378841e+13  -9.758432e-12  -1.271462e-12  -1.548175e-12
            322            206   2.428207e-03   1.155728e-02   7.567300e-03   2.428207e-03   1.155728e-02   7.567300e-03   1.189328e-03   1.258125e-03   9.967845e-12   2.734382e-09   7.806497e-08   6.113798e-04   2.400000e+10   2.482040e-19   1.241020e-19  -1.035980e-19   2.428207e-03   1.155728e-02   7.567300e-03   2.157709e-19  -6.569302e-20   1.035980e-19  -6.944053e-20  -4.006963e-20   9.472984e-20   4.515267e-03   1.135390e+14   8.665337e-12  -2.638225e-12   4.160486e-12
            322            318   2.524426e-03   1.105019e-02   8.859803e-03   2.524426e-03   1.105019e-02   8.859803e-03   5.324588e-04   1.567229e-03   9.989739e-12   3.413064e-10   6.300992e-08   3.974329e-04   2.400000e+10   2.012182e-19   1.006091e-19   1.562626e-19   2.524426e-03   1.105019e-02   8.859803e-03   6.481146e-20   1.089505e-19  -1.562626e-19  -7.124147e-20  -4.406967e-20  -5.571987e-20   5.023984e-03   2.533977e+15   3.217650e-12   5.408991e-12  -7.757862e-12
            270            217   4.576319e-03   1.193242e-02   8.541826e-03   4.576319e-03   1.193242e-02   8.541826e-03   6.928434e-04   1.432520e-03   9.983806e-12   1.810278e-10   6.828092e-08   4.669847e-04   2.400000e+10   2.177918e-19   1.088959e-19  -4.474682e-20   4.576319e-03   1.193242e-02   8.541826e-03  -1.148588e-19   1.795507e-19   4.474682e-20  -8.689779e-20  -5.107333e-21  -6.542944e-20   5.282585e-03   6.789814e+14  -5.265248e-12   8.230793e-12   2.051241e-12
            190            253   6.914282e-03   1.043498e-02   6.196054e-03   6.914282e-03   1.043498e-02   6.196054e-03   9.956469e-04   1.110835e-03   6.192409e-12   6.059140e-07   5.702016e-08   5.250458e-04   2.400000e+10   6.996772e-20   3.498386e-20   2.008002e-20   6.914282e-03   1.043498e-02   6.196054e-03  -6.221512e-20   2.493096e-20  -2.008002e-20   8.121361e-22  -2.069137e-20  -2.819713e-20   8.459181e-03   4.190147e+13  -5.506275e-12   2.206485e-12  -1.777158e-12
            217            249   5.417957e-03   8.949574e-03   6.834933e-03   5.417957e-03   8.949574e-03   6.834933e-03   2.303513e-03   8.118281e-04   8.604817e-12   7.410437e-09   7.186963e-08   6.002735e-04   2.400000e+10   1.702859e-19   8.514295e-20  -1.634947e-19   5.417957e-03   8.949574e-03   6.834933e-03  -2.827122e-20   3.830820e-20   1.634947e-19  -7.961347e-20  -1.205445e-20  -2.767141e-20   5.278161e-03   7.930336e+12  -1.428590e-12   1.935774e-12   8.261646e-12
            318            342   1.967216e-03   1.104422e-02   1.008819e-02   1.967216e-03   1.104422e-02   1.008819e-02   1.259127e-03   1.161650e-03   9.999520e-12   4.200724e-10   7.772926e-08   6.042128e-04   2.400000e+10   2.487098e-19   1.243549e-19   1.607373e-19   1.967216e-03   1.104422e-02   1.008819e-02   6.962997e-20  -1.765552e-19  -1.607373e-19  -2.614136e-20   9.847533e-20  -7.129779e-20   6.689038e-03   1.112935e+14   2.799513e-12  -7.098504e-12  -6.462535e-12
            446            466   1.711487e-03   1.237122e-02   1.618505e-02   1.711487e-03   1.237122e-02   1.618505e-02   9.356268e-04   7.331786e-04   8.877536e-12   1.643239e-07   6.040871e-08   4.110614e-04   2.400000e+10   1.523472e-19   7.617359e-20  -8.898951e-20   1.711487e-03   1.237122e-02   1.618505e-02  -1.115095e-19   5.344301e-20   8.898951e-20  -4.666635e-21   6.474903e-20  -3.985225e-20   5.232950e-03   1.013295e+12  -6.497854e-12   3.114217e-12   5.185574e-12
            464            364   1.092958e-02   1.771712e-02   1.685378e-02   1.092958e-02   1.771712e-02   1.685378e-02   7.818182e-04   1.258230e-03   9.482611e-12   1.438273e-08   6.762023e-08   4.821979e-04   2.400000e+10   1.945730e-19   9.728649e-20  -6.997810e-20   1.092958e-02   1.771712e-02   1.685378e-02  -1.422739e-19  -1.127823e-19   6.997810e-20  -5.448134e-20   2.364415e-20  -7.705451e-20   7.235349e-03   2.492412e+13  -6.933789e-12  -5.496503e-12   3.410418e-12
            454            392   7.392899e-03   1.866750e-02   1.657892e-02   7.392899e-03   1.866750e-02   1.657892e-02   2.408030e-03   8.035572e-04   5.273820e-11   5.808081e-08   1.782552e-07   6.025027e-04   2.400000e+10   3.008274e-07   1.504137e-07  -1.129487e-08   7.392899e-03   1.866750e-02   1.657892e-02  -1.670846e-07  -2.043148e-07   1.443446e-07   1.124751e-07  -2.339468e-08   9.708925e-08   4.705436e-05   1.983436e+01  -5.554168e-01  -6.791760e-01   4.798252e-01
            468            474   6.336732e-03   1.282109e-02   1.585944e-02   6.336732e-03   1.282109e-02   1.585944e-02   7.135535e-04   1.038637e-03   9.974783e-12   4.997341e-08   6.495406e-08   4.229695e-04   2.400000e+10   2.068060e-19   1.034030e-19  -5.315245e-21   6.336732e-03   1.282109e-02   1.585944e-02   1.218630e-19   1.670027e-19   5.315245e-21   7.765323e-20  -6.796616e-20   6.539216e-21   3.984696e-03   4.693298e+13   5.877765e-12   8.054965e-12   2.563678e-13
            468            418   7.648712e-03   1.329699e-02   1.608599e-02   7.648712e-03   1.329699e-02   1.608599e-02   7.652943e-04   1.879552e-03   9.960483e-12   2.075148e-08   7.360061e-08   5.438541e-04   2.400000e+10   2.336642e-19   1.168321e-19   2.943500e-20   7.648712e-03   1.329699e-02   1.608599e-02  -2.316304e-19   8.937741e-21  -2.943500e-20   3.020211e-20  -4.694772e-20  -1.026328e-19   5.090082e-03   9.730584e+13  -9.873788e-12   3.809921e-13  -1.254736e-12
            438            350   9.441056e-04   1.062239e-02   1.433712e-02   9.441056e-04   1.062239e-02   1.433712e-02   9.337873e-04   2.984295e-03   1.357563e-11   2.560986e-10   9.826255e-08   7.112400e-04   2.400000e+10   4.268723e-08   2.134361e-08  -3.094617e-08   9.441056e-04   1.062239e-02   1.433712e-02  -2.056869e-08  -1.243358e-08   3.527796e-08  -1.802839e-08   8.606859e-09  -7.513244e-09   6.461771e-05   9.230309e+02  -4.818465e-01  -2.912717e-01   8.264289e-01
            350            342   1.748823e-03   1.177156e-02   1.194204e-02   1.748823e-03   1.177156e-02   1.194204e-02   2.280597e-03   1.878031e-03   9.976135e-12   1.094738e-06   1.013635e-07   1.029915e-03   2.400000e+10   3.228170e-19   1.614085e-19  -3.164532e-19   1.748823e-03   1.177156e-02   1.194204e-02  -1.338902e-20  -6.236115e-20   3.164532e-19  -5.259093e-20   1.499717e-19   2.820264e-20   7.332260e-03   1.700771e+13  -4.137660e-13  -1.927170e-12   9.779472e-12
            350            374   3.779440e-03   1.032748e-02   1.396027e-02   3.779440e-03   1.032748e-02   1.396027e-02   1.763160e-03   1.302125e-03   1.000004e-11   4.714437e-11   8.654413e-08   7.489859e-04   2.400000e+10   2.769423e-08   1.285896e-11   3.119963e-09   3.779440e-03   1.032748e-02   1.396027e-02  -2.570670e-08   9.819962e-09  -3.115174e-09  -2.776133e-12  -3.436412e-12   1.207630e-11   1.573601e-04   3.398967e+05  -9.282330e-01   3.545852e-01  -1.124846e-01
            258            246   1.007097e-03   1.669582e-02   1.165975e-02   1.007097e-03   1.669582e-02   1.165975e-02   9.456942e-04   1.815092e-03   9.753773e-12   1.374834e-08   7.787438e-08   6.217511e-04   2.400000e+10   2.370773e-19   1.185386e-19  -1.823683e-19   1.007097e-03   1.669582e-02   1.165975e-02  -1.513100e-19   7.259640e-21   1.823683e-19   1.039205e-20  -1.178344e-19   7.646640e-21   4.537177e-03   4.546198e+14  -6.225159e-12   2.986743e-13   7.502951e-12
            342            318   1.967216e-03   1.104422e-02   1.008819e-02   1.967216e-03   1.104422e-02   1.008819e-02   1.161650e-03   1.259127e-03   9.999520e-12   4.200724e-10   7.772926e-08   6.042128e-04   2.400000e+10   2.487098e-19   1.243549e-19  -1.607373e-19   1.967216e-03   1.104422e-02   1.008819e-02  -6.962997e-20   1.765552e-19   1.607373e-19   2.614136e-20  -9.847533e-20   7.129779e-20   6.689038e-03   1.112935e+14  -2.799513e-12   7.098504e-12   6.462535e-12
            398            451   1.084723e-02   8.514749e-03   1.670567e-02   1.084723e-02   8.514749e-03   1.670567e-02   1.378228e-03   2.554364e-03   9.978952e-12   4.110443e-10   9.451592e-08   8.952101e-04   2.400000e+10   3.011790e-19   1.505895e-19   6.441475e-20   1.084723e-02   8.514749e-03   1.670567e-02  -2.145533e-19   2.013118e-19  -6.441475e-20   1.177784e-19   2.980740e-20  -8.897740e-20   1.152146e-02   2.874113e+13  -7.108786e-12   6.670053e-12  -2.134251e-12
             51            187   1.729359e-02   3.949396e-03   5.588063e-03   1.729359e-02   3.949396e-03   5.588063e-03   1.339492e-03   1.252891e-03   9.997214e-12   1.267854e-08   8.044825e-08   6.473725e-04   2.400000e+10   2.572910e-19   1.286455e-19   1.475757e-19   1.729359e-02   3.949396e-03   5.588063e-03   1.374135e-19   1.598048e-19  -1.475757e-19   9.455161e-20  -5.801283e-20   6.514725e-20   7.798276e-03   1.525160e+14   5.339295e-12   6.209322e-12  -5.734154e-12
            107             16   1.785644e-02   1.053786e-02   4.808869e-03   1.785644e-02   1.053786e-02   4.808869e-03   1.149244e-03   2.043871e-03   9.986716e-12   1.651534e-10   8.571106e-08   7.356158e-04   2.400000e+10   2.735472e-19   1.367736e-19  -8.527256e-20   1.785644e-02   1.053786e-02   4.808869e-03   4.684107e-20  -2.556610e-19   8.527256e-20   1.137788e-19   1.281177e-21  -7.589313e-20   1.077518e-02   5.929536e+15   1.710083e-12  -9.333725e-12   3.113148e-12
            115            161   1.181791e-02   6.145691e-03   2.527431e-03   1.181791e-02   6.145691e-03   2.527431e-03   9.614457e-04   1.287944e-03   7.897746e-12   7.286466e-09   6.593714e-08   5.504996e-04   2.400000e+10   1.316092e-19   6.580462e-20   3.005737e-20   1.181791e-02   6.145691e-03   2.527431e-03   1.244132e-19   3.064162e-20  -3.005737e-20   8.326804e-21  -1.102515e-20   6.433785e-20   5.107357e-03   2.158822e+13   7.465917e-12   1.838775e-12  -1.803714e-12
            131            155   1.644867e-02   6.640337e-03   5.805958e-03   1.644867e-02   6.640337e-03   5.805958e-03   1.716647e-03   9.809521e-04   6.376409e-12   1.990489e-08   6.309048e-08   6.242397e-04   2.400000e+10   8.208545e-20   4.104272e-20   4.975208e-20   1.644867e-02   6.640337e-03   5.805958e-03   8.107941e-21   6.478435e-20  -4.975208e-20   3.261162e-20  -1.784086e-20  -1.739802e-20   9.491295e-03   6.405456e+13   6.298261e-13   5.032458e-12  -3.864749e-12
            195            192   1.365855e-02   7.661305e-03   4.553453e-03   1.365855e-02   7.661305e-03   4.553453e-03   1.184846e-03   1.074027e-03   9.038714e-12   1.338540e-07   7.135853e-08   5.633589e-04   2.400000e+10   1.865560e-19   9.327798e-20  -2.586227e-20   1.365855e-02   7.661305e-03   4.553453e-03   6.541989e-20  -1.727846e-19   2.586227e-20   5.359342e-20   2.246347e-20  -7.296519e-20   3.864632e-03   3.109103e+13   3.169621e-12  -8.371484e-12   1.253038e-12
            243            225   1.337319e-02   4.555476e-03   7.317181e-03   1.337319e-02   4.555476e-03   7.317181e-03   1.033006e-03   9.661134e-04   8.864962e-12   2.959371e-09   6.652495e-08   4.992203e-04   2.400000e+10   1.672970e-19   8.364852e-20  -1.371890e-19   1.337319e-02   4.555476e-03   7.317181e-03   3.586394e-20  -8.877648e-20   1.371890e-19  -2.702621e-20  -6.963731e-20  -3.764711e-20   4.987773e-03   7.420030e+14   1.900407e-12  -4.704208e-12   7.269555e-12
            243            239   1.327207e-02   3.696281e-03   7.656365e-03   1.327207e-02   3.696281e-03   7.656365e-03   9.555666e-04   1.268287e-03   4.864742e-12   7.236046e-09   5.148919e-08   5.449696e-04   2.400000e+10   3.899292e-20   1.949646e-20  -4.503557e-21   1.327207e-02   3.696281e-03   7.656365e-03   2.038669e-20   3.293248e-20   4.503557e-21  -9.744325e-21   7.942709e-21  -1.490213e-20   6.265808e-03   1.519036e+14   2.543436e-12   4.108645e-12   5.618622e-13
             11             91   1.715638e-02   1.042860e-02   1.730414e-03   1.715638e-02   1.042860e-02   1.730414e-03   1.686575e-03   1.644857e-03   9.881073e-12   1.088620e-10   9.070965e-08   8.327274e-04   2.400000e+10   2.834077e-19   1.417039e-19   2.471368e-20   1.715638e-02   1.042860e-02   1.730414e-03   2.232430e-19  -1.728344e-19  -2.471368e-20   5.355112e-20   9.475705e-20  -9.073788e-20   9.552121e-03   1.217937e+14   7.783416e-12  -6.025911e-12  -8.616478e-13
            111            151   1.021290e-02   4.943908e-03   2.463341e-03   1.021290e-02   4.943908e-03   2.463341e-03   1.882687e-03   8.956551e-04   9.907864e-12   1.253745e-08   7.754550e-08   6.069224e-04   2.400000e+10   2.435941e-19   1.217970e-19   8.147313e-20   1.021290e-02   4.943908e-03   2.463341e-03   1.639602e-19  -1.606775e-19  -8.147313e-20  -1.039247e-19  -6.340390e-20  -3.757940e-21   6.707245e-03   3.829125e+13   6.668863e-12  -6.535342e-12  -3.313811e-12
            193            225   1.253281e-02   5.879317e-03   5.780208e-03   1.253281e-02   5.879317e-03   5.780208e-03   1.283837e-03   9.755313e-04   9.304596e-12   4.647637e-10   7.181759e-08   5.543246e-04   2.400000e+10   1.989646e-19   9.948230e-20   8.541683e-20   1.253281e-02   5.879317e-03   5.780208e-03  -1.601259e-19   8.155108e-20  -8.541683e-20   5.529230e-20   6.054642e-21  -8.247927e-20   9.032383e-03   4.297863e+14  -7.488300e-12   3.813743e-12  -3.994525e-12
            263            295   1.013860e-02   1.936355e-03   7.625263e-03   1.013860e-02   1.936355e-03   7.625263e-03   1.002193e-03   1.082153e-03   9.945680e-12   1.339807e-08   7.193699e-08   5.203195e-04   2.400000e+10   2.277043e-19   1.138522e-19   1.177972e-19   1.013860e-02   1.936355e-03   7.625263e-03   1.924602e-19   3.053094e-20  -1.177972e-19  -6.686112e-20  -6.306399e-20  -6.719254e-20   4.705400e-03   7.819342e+13   8.406286e-12   1.333532e-12  -5.145153e-12
            467            391   1.273891e-02   9.021374e-04   1.618345e-02   1.273891e-02   9.021374e-04   1.618345e-02   8.886367e-04   1.285490e-03   9.999363e-12   4.998319e-10   7.248367e-08   5.254217e-04   2.400000e+10   2.319182e-19   1.159591e-19  -1.009206e-19   1.273891e-02   9.021374e-04   1.618345e-02   1.928085e-19  -8.016218e-20   1.009206e-19  -6.824895e-20  -9.373350e-20   1.620448e-21   5.125821e-03   5.267449e+13   8.313112e-12  -3.456265e-12   4.351283e-12
            451            398   1.084723e-02   8.514749e-03   1.670567e-02   1.084723e-02   8.514749e-03   1.670567e-02   2.554364e-03   1.378228e-03   9.978952e-12   2.240938e-08   9.451592e-08   8.952101e-04   2.400000e+10   3.011790e-19   1.505895e-19  -6.441475e-20   1.084723e-02   8.514749e-03   1.670567e-02   2.145533e-19  -2.013118e-19   6.441475e-20  -1.177508e-19  -2.978755e-20   8.902059e-20   1.152146e-02   2.874113e+13   7.108786e-12  -6.670053e-12   2.134251e-12
            339            255   1.838240e-02   9.407271e-03   1.417550e-02   1.838240e-02   9.407271e-03   1.417550e-02   1.908516e-03   8.360469e-04   1.359099e-11   9.561202e-10   8.888985e-08   5.813709e-04   2.400000e+10   3.865923e-08   1.932962e-08   1.489813e-09   1.838240e-02   9.407271e-03   1.417550e-02  -5.458024e-09  -2.956113e-08   2.430814e-08   1.859492e-08   8.192125e-10   5.214573e-09   1.088873e-04   1.609398e+02  -1.411829e-01  -7.646590e-01   6.287797e-01
            407            427   1.673944e-02   7.158176e-03   1.489401e-02   1.673944e-02   7.158176e-03   1.489401e-02   1.663263e-03   5.608438e-04   1.686151e-11   4.676669e-09   8.409533e-08   4.194181e-04   2.400000e+10   4.537518e-08   2.268759e-08   4.304549e-09   1.673944e-02   7.158176e-03   1.489401e-02   2.616367e-08  -3.662556e-08  -5.739209e-09   2.615303e-09  -1.595430e-09   2.247980e-08   6.984891e-05   2.369999e+02   5.766074e-01  -8.071715e-01  -1.264834e-01
            427            264   1.609361e-02   8.225128e-03   1.438390e-02   1.609361e-02   8.225128e-03   1.438390e-02   6.577039e-04   1.268895e-03   1.587721e-11   2.457491e-06   8.293150e-08   4.331764e-04   2.400000e+10   4.213507e-08   2.106753e-08  -3.078862e-08   1.609361e-02   8.225128e-03   1.438390e-02   6.326501e-09  -2.432972e-08   3.381426e-08   1.636818e-08  -9.120901e-09  -9.629780e-09   6.426660e-05   7.586905e+02   1.501481e-01  -5.774221e-01   8.025206e-01
            264            332   1.606871e-02   9.628588e-03   1.275476e-02   1.606871e-02   9.628588e-03   1.275476e-02   1.841730e-03   1.217229e-03   5.801137e-12   3.978264e-07   6.520320e-08   7.328662e-04   2.400000e+10   7.021746e-20   3.510873e-20  -6.328548e-20   1.606871e-02   9.628588e-03   1.275476e-02   2.826451e-20  -1.124976e-20   6.328548e-20   2.639586e-20  -1.842727e-20  -1.401132e-20   1.000658e-02   2.009150e+11   2.335122e-12  -9.294180e-13   5.228439e-12
            264            255   1.737857e-02   9.984003e-03   1.351598e-02   1.737857e-02   9.984003e-03   1.351598e-02   1.031815e-03   9.007943e-04   1.401739e-11   3.371554e-09   8.210608e-08   4.809317e-04   2.400000e+10   3.682922e-08   1.841461e-08  -2.563650e-09   1.737857e-02   9.984003e-03   1.351598e-02  -3.193866e-08  -1.815364e-08   2.599766e-09  -7.172950e-09   1.103096e-08  -1.288272e-08   9.552817e-05   1.126842e+04  -8.672098e-01  -4.929140e-01   7.058978e-02
            363             59   1.898555e-02   4.950042e-03   1.226768e-02   1.898555e-02   4.950042e-03   1.226768e-02   1.248621e-03   1.503752e-03   8.521387e-12   2.373873e-10   7.624387e-08   6.821810e-04   2.400000e+10   1.771640e-19   8.858200e-20  -1.136810e-19   1.898555e-02   4.950042e-03   1.226768e-02   4.912803e-20  -1.266892e-19   1.136810e-19   3.222254e-20  -3.987458e-20  -7.223916e-20   5.132844e-03   7.248737e+13   2.363002e-12  -6.093607e-12   5.467925e-12
            331             59   1.726551e-02   5.277129e-03   1.124670e-02   1.726551e-02   5.277129e-03   1.124670e-02   1.105983e-03   2.204242e-03   9.157954e-12   3.950376e-09   8.212480e-08   7.364618e-04   2.400000e+10   2.204049e-19   1.102024e-19  -5.391761e-21   1.726551e-02   5.277129e-03   1.124670e-02  -1.846119e-19  -1.202817e-19   5.391761e-21  -5.245929e-20   8.549851e-20  -4.563559e-20   8.262957e-03   5.506932e+13  -7.670736e-12  -4.997774e-12   2.240309e-13
             84            140   1.880184e-02   1.742324e-02   6.740441e-03   1.880184e-02   1.742324e-02   6.740441e-03   1.738270e-03   9.094761e-04   9.990519e-12   4.327155e-08   7.723428e-08   5.970795e-04   2.400000e+10   2.466812e-19   1.233406e-19  -2.274350e-19   1.880184e-02   1.742324e-02   6.740441e-03  -5.174028e-20   8.029883e-20   2.274350e-19   8.524001e-20   8.793295e-20  -1.465761e-20   4.537765e-03   3.370805e+14  -2.095466e-12   3.252079e-12   9.211051e-12
            124            144   1.726911e-02   1.587494e-02   4.507958e-03   1.726911e-02   1.587494e-02   4.507958e-03   1.918706e-03   2.561977e-03   8.851587e-12   3.795314e-11   9.854403e-08   1.097083e-03   2.400000e+10   2.470715e-19   1.235357e-19   6.267003e-20   1.726911e-02   1.587494e-02   4.507958e-03   5.975046e-20   2.314015e-19  -6.267003e-20   5.184477e-20  -1.992723e-20  -1.103454e-19   7.190373e-03   1.136806e+14   2.140621e-12   8.290195e-12  -2.245218e-12
            172             16   1.778738e-02   1.124023e-02   5.914128e-03   1.778738e-02   1.124023e-02   5.914128e-03   1.629830e-03   1.137427e-03   7.814970e-12   3.244006e-08   7.235555e-08   6.699099e-04   2.400000e+10   1.414088e-19   7.070440e-20  -1.350359e-19   1.778738e-02   1.124023e-02   5.914128e-03  -7.641686e-21  -4.127182e-20   1.350359e-19   4.468088e-20   5.034863e-20   2.162745e-20   9.038894e-03   4.923912e+12  -4.223184e-13  -2.280891e-12   7.462770e-12
             16            107   1.785644e-02   1.053786e-02   4.808869e-03   1.785644e-02   1.053786e-02   4.808869e-03   2.043871e-03   1.149244e-03   9.986716e-12   1.651534e-10   8.571106e-08   7.356158e-04   2.400000e+10   2.735472e-19   1.367736e-19   8.527256e-20   1.785644e-02   1.053786e-02   4.808869e-03  -4.684107e-20   2.556610e-19  -8.527256e-20  -1.137788e-19  -1.281177e-21   7.589313e-20   1.077518e-02   5.929536e+15  -1.710083e-12   9.333725e-12  -3.113148e-12
             91             89   1.466580e-02   1.214708e-02   1.228906e-03   1.466580e-02   1.214708e-02   1.228906e-03   2.182621e-03   1.644426e-03   9.582105e-12   4.365135e-09   9.479707e-08   9.378403e-04   2.400000e+10   2.785266e-19   1.392633e-19  -4.175432e-20   1.466580e-02   1.214708e-02   1.228906e-03   2.580274e-19  -9.620564e-20   4.175432e-20   2.238820e-20   9.861704e-20  -9.574821e-20   7.234844e-03   7.589112e+13   8.876873e-12  -3.309747e-12   1.436467e-12
             91             11   1.715638e-02   1.042860e-02   1.730414e-03   1.715638e-02   1.042860e-02   1.730414e-03   1.644857e-03   1.686575e-03   9.881073e-12   1.088620e-10   9.070965e-08   8.327274e-04   2.400000e+10   2.834077e-19   1.417039e-19  -2.471368e-20   1.715638e-02   1.042860e-02   1.730414e-03  -2.232430e-19   1.728344e-19   2.471368e-20  -5.355112e-20  -9.475705e-20   9.073788e-20   9.552121e-03   1.217937e+14  -7.783416e-12   6.025911e-12   8.616478e-13
            112            252   1.775821e-02   1.460060e-02   1.005733e-02   1.775821e-02   1.460060e-02   1.005733e-02   1.349152e-03   2.276774e-03   7.893807e-12   6.375764e-10   8.177568e-08   8.471529e-04   2.400000e+10   1.630599e-19   8.152996e-20   1.333115e-19   1.775821e-02   1.460060e-02   1.005733e-02   7.632637e-21  -9.358586e-20  -1.333115e-19   6.398785e-20   4.561597e-20  -2.172262e-20   1.287995e-02   6.925248e+13   3.694996e-13  -4.530536e-12  -6.453674e-12
             95            104   9.945359e-03   1.432404e-02   1.215955e-03   9.945359e-03   1.432404e-02   1.215955e-03   1.288390e-03   1.000615e-03   9.961950e-12   4.577586e-08   7.490417e-08   5.632064e-04   2.400000e+10   2.378728e-19   1.189364e-19  -3.696753e-20   9.945359e-03   1.432404e-02   1.215955e-03   2.330131e-19   3.036014e-20   3.696753e-20  -4.827007e-20   8.125612e-20   7.220323e-20   6.818289e-03   3.378841e+13   9.758432e-12   1.271462e-12   1.548175e-12
            257            312   1.162522e-02   1.561097e-02   1.028208e-02   1.162522e-02   1.561097e-02   1.028208e-02   1.553621e-03   1.477052e-03   9.980330e-12   6.517139e-10   8.693073e-08   7.571846e-04   2.400000e+10   2.770851e-19   1.385425e-19   9.709757e-20   1.162522e-02   1.561097e-02   1.028208e-02   2.449819e-19   8.562733e-20  -9.709757e-20  -5.643950e-20  -4.201275e-21  -1.264554e-19   1.120355e-02   3.773500e+14   8.824007e-12   3.084212e-12  -3.497359e-12
            208            300   1.457572e-02   1.200533e-02   8.424136e-03   1.457572e-02   1.200533e-02   8.424136e-03   1.510422e-03   2.150363e-03   1.000026e-11   1.672108e-08   9.419405e-08   8.872293e-04   2.400000e+10   3.014287e-08   3.127985e-10   1.564573e-08   1.457572e-02   1.200533e-02   8.424136e-03  -3.266183e-09  -2.335356e-08  -1.877593e-08  -3.033702e-10   6.880035e-11  -3.280121e-11   1.795673e-04   4.148434e+03  -1.083567e-01  -7.747625e-01  -6.228980e-01
            272            324   1.173052e-02   1.289451e-02   9.235134e-03   1.173052e-02   1.289451e-02   9.235134e-03   1.864176e-03   8.752938e-04   9.870382e-12   5.666126e-10   7.667505e-08   5.956268e-04   2.400000e+10   2.390408e-19   1.195204e-19   1.631221e-19   1.173052e-02   1.289451e-02   9.235134e-03  -1.012939e-19  -1.423770e-19  -1.631221e-19  -1.612271e-20   9.965051e-20  -6.399183e-20   8.004866e-03   5.628433e+14  -4.182592e-12  -5.878978e-12  -6.735576e-12
            300            208   1.457572e-02   1.200533e-02   8.424136e-03   1.457572e-02   1.200533e-02   8.424136e-03   2.150363e-03   1.510422e-03   1.000026e-11   1.672108e-08   9.419405e-08   8.872293e-04   2.400000e+10   3.014287e-08   3.127985e-10  -1.564573e-08   1.457572e-02   1.200533e-02   8.424136e-03   3.266183e-09   2.335356e-08   1.877593e-08   3.033702e-10  -6.880035e-11   3.280121e-11   1.795673e-04   4.148434e+03   1.083567e-01   7.747625e-01   6.228980e-01
            324            272   1.173052e-02   1.289451e-02   9.235134e-03   1.173052e-02   1.289451e-02   9.235134e-03   8.752938e-04   1.864176e-03   9.870382e-12   5.666126e-10   7.667505e-08   5.956268e-04   2.400000e+10   2.390408e-19   1.195204e-19  -1.631221e-19   1.173052e-02   1.289451e-02   9.235134e-03   1.012939e-19   1.423770e-19   1.631221e-19   1.612271e-20  -9.965051e-20   6.399183e-20   8.004866e-03   5.628433e+14   4.182592e-12   5.878978e-12   6.735576e-12
            348            360   1.110084e-02   1.222365e-02   1.141931e-02   1.110084e-02   1.222365e-02   1.141931e-02   7.987659e-04   1.004596e-03   4.480300e-12   1.170208e-07   4.464960e-08   4.449672e-04   2.400000e+10   2.868017e-20   1.434009e-20   2.388473e-20   1.110084e-02   1.222365e-02   1.141931e-02  -7.884235e-21   1.378082e-20  -2.388473e-20   1.431444e-20  -8.194162e-22   2.518126e-22   6.821582e-03   3.813579e+12  -1.231643e-12   2.152783e-12  -3.731175e-12
            463            432   1.332570e-02   1.116190e-02   1.654780e-02   1.332570e-02   1.116190e-02   1.654780e-02   1.032047e-03   1.596047e-03   9.879676e-12   5.540347e-08   7.869072e-08   6.267644e-04   2.400000e+10   2.457870e-19   1.228935e-19  -1.183359e-19   1.332570e-02   1.116190e-02   1.654780e-02  -2.191268e-20   2.143075e-19   1.183359e-19  -1.128142e-19  -4.265404e-20   2.358790e-20   4.503943e-03   6.751065e+13  -8.808041e-13   8.614323e-12   4.756640e-12
            364            464   1.092958e-02   1.771712e-02   1.685378e-02   1.092958e-02   1.771712e-02   1.685378e-02   1.258230e-03   7.818182e-04   9.482611e-12   1.438273e-08   6.762023e-08   4.821979e-04   2.400000e+10   1.945730e-19   9.728649e-20   6.997810e-20   1.092958e-02   1.771712e-02   1.685378e-02   1.422739e-19   1.127823e-19  -6.997810e-20   5.448134e-20  -2.364415e-20   7.705451e-20   7.235349e-03   2.492412e+13   6.933789e-12   5.496503e-12  -3.410418e-12
            383            411   1.891307e-02   1.114554e-02   1.517776e-02   1.891307e-02   1.114554e-02   1.517776e-02   1.139496e-03   8.724528e-04   9.989210e-12   1.606055e-09   7.025617e-08   4.941261e-04   2.400000e+10   2.243348e-19   1.121674e-19  -1.099056e-19   1.891307e-02   1.114554e-02   1.517776e-02   1.477732e-19  -1.281013e-19   1.099056e-19  -1.290018e-20  -5.534720e-20  -9.670472e-20   4.757889e-03   3.193976e+13   6.580063e-12  -5.704113e-12   4.893893e-12
            211            250   1.424131e-02   1.816908e-02   1.415042e-02   1.424131e-02   1.816908e-02   1.415042e-02   8.411252e-04   1.686033e-03   4.741970e-12   6.025234e-11   5.158537e-08   5.611698e-04   2.400000e+10   3.711883e-20   1.855941e-20  -1.100454e-20   1.424131e-02   1.816908e-02   1.415042e-02  -3.445528e-20   8.339122e-21   1.100454e-20  -6.557773e-21  -1.736223e-20   2.338084e-23   1.192461e-02   1.290464e+14  -4.401699e-12   1.065332e-12   1.405842e-12
            255            339   1.838240e-02   9.407271e-03   1.417550e-02   1.838240e-02   9.407271e-03   1.417550e-02   8.360469e-04   1.908516e-03   1.359099e-11   9.561202e-10   8.888985e-08   5.813709e-04   2.400000e+10   3.865923e-08   1.932962e-08  -1.489813e-09   1.838240e-02   9.407271e-03   1.417550e-02   5.458024e-09   2.956113e-08  -2.430814e-08  -1.859492e-08  -8.192125e-10  -5.214573e-09   1.088873e-04   1.609398e+02   1.411829e-01   7.646590e-01  -6.287797e-01
            255            264   1.737857e-02   9.984003e-03   1.351598e-02   1.737857e-02   9.984003e-03   1.351598e-02   9.007943e-04   1.031815e-03   1.401739e-11   3.371554e-09   8.210608e-08   4.809317e-04   2.400000e+10   3.682922e-08   1.841461e-08   2.563650e-09   1.737857e-02   9.984003e-03   1.351598e-02   3.193866e-08   1.815364e-08  -2.599766e-09   7.172950e-09  -1.103096e-08   1.288272e-08   9.552817e-05   1.126842e+04   8.672098e-01   4.929140e-01  -7.058978e-02
            268            292   1.806267e-02   1.175915e-02   1.172328e-02   1.806267e-02   1.175915e-02   1.172328e-02   1.329123e-03   1.546035e-03   9.929894e-12   7.168821e-09   8.424298e-08   7.146985e-04   2.400000e+10   2.658110e-19   1.329055e-19  -1.178276e-19   1.806267e-02   1.175915e-02   1.172328e-02  -1.809339e-20   2.375811e-19   1.178276e-19   1.537336e-20  -5.732432e-20   1.189178e-19   9.903824e-03   2.790354e+14  -6.759142e-13   8.875310e-12   4.401682e-12
            252            112   1.775821e-02   1.460060e-02   1.005733e-02   1.775821e-02   1.460060e-02   1.005733e-02   2.276774e-03   1.349152e-03   7.893807e-12   6.375764e-10   8.177568e-08   8.471529e-04   2.400000e+10   1.630599e-19   8.152996e-20  -1.333115e-19   1.775821e-02   1.460060e-02   1.005733e-02  -7.632637e-21   9.358586e-20   1.333115e-19  -6.398785e-20  -4.561597e-20   2.172262e-20   1.287995e-02   6.925248e+13  -3.694996e-13   4.530536e-12   6.453674e-12
            312            257   1.162522e-02   1.561097e-02   1.028208e-02   1.162522e-02   1.561097e-02   1.028208e-02   1.477052e-03   1.553621e-03   9.980330e-12   6.517139e-10   8.693073e-08   7.571846e-04   2.400000e+10   2.770851e-19   1.385425e-19  -9.709757e-20   1.162522e-02   1.561097e-02   1.028208e-02  -2.449819e-19  -8.562733e-20   9.709757e-20   5.643950e-20   4.201275e-21   1.264554e-19   1.120355e-02   3.773500e+14  -8.824007e-12  -3.084212e-12   3.497359e-12
