      iteration      normal_x1      normal_x2      normal_y1      normal_y2      normal_z1      normal_z2     contact_x1     contact_x2     contact_y1     contact_y2     contact_z1     contact_z2 contact_inside      penetr_x1      penetr_x2      penetr_y1      penetr_y2      penetr_z1      penetr_z2      avgNormal       avgShear      avgPenetr    transEnergy    rotatEnergy    kinetEnergy    graviEnergy    mechaEnergy   vibra_est_dt  impact_est_dt      actual_dt    accruedTime
          50000   2.839023e-08   4.137584e-08   1.734091e-08   2.309411e-09   2.052839e-08   0.000000e+00             14             10             10              8             12              0             42   6.410105e-13   1.011740e-12   5.681814e-13   2.623327e-13   4.476650e-13   0.000000e+00   2.865142e-08   1.234345e-08   1.249457e-11   1.642086e-09   2.403147e-10   1.882401e-09   9.394627e-04   9.394646e-04   4.965741e-05   7.168307e+00   5.000000e-07   2.500000e-02
         100000   4.955481e-07   1.174231e-07   5.583094e-08   4.754158e-08   4.121523e-09   0.000000e+00             14             12             10             11             16              0             68   3.610735e-12   1.466887e-12   1.224245e-12   1.003588e-12   1.668103e-13   0.000000e+00   8.479234e-07   4.237193e-07   4.998890e-11   1.628135e-09   2.277021e-10   1.855837e-09   9.405418e-04   9.405437e-04   3.825540e-05   4.990185e-01   5.000000e-07   5.000000e-02
         150000   1.095333e-08   7.298320e-07   3.371264e-08   1.289349e-07   3.116807e-09   0.000000e+00             13             13             11             11             17              0             72   4.249313e-13   4.491498e-12   8.800620e-13   1.717112e-12   1.458215e-13   0.000000e+00   1.261972e-07   6.283949e-08   2.208304e-11   1.608237e-09   2.267034e-10   1.834941e-09   9.416146e-04   9.416165e-04   4.608434e-05   4.407800e+00   5.000000e-07   7.500000e-02
         200000   1.308181e-08   3.621021e-08   2.236337e-08   8.111566e-09   4.752165e-09   0.000000e+00             18             15             13             11             20              0             53   3.992503e-13   7.684143e-13   6.002654e-13   4.280711e-13   1.764284e-13   0.000000e+00   2.569481e-09   2.369118e-10   8.922397e-12   1.594845e-09   2.208574e-10   1.815702e-09   9.426827e-04   9.426845e-04   6.849541e-05   2.880877e+02   5.000000e-07   1.000000e-01
         250000   1.558578e-08   5.129960e-08   2.249050e-08   5.313784e-09   3.575069e-09   0.000000e+00             18             15             15             10             18              0             64   4.304762e-13   1.015224e-12   5.996516e-13   3.650913e-13   1.582994e-13   0.000000e+00   6.583065e-08   3.241111e-08   1.430346e-11   1.572897e-09   2.207612e-10   1.793658e-09   9.437464e-04   9.437481e-04   5.379913e-05   5.281906e+00   5.000000e-07   1.250000e-01
         300000   4.409317e-08   3.059345e-08   7.851223e-08   1.879953e-08   5.696337e-09   0.000000e+00             17             12             13             12             19              0             76   7.181243e-13   8.773266e-13   1.324647e-12   5.959452e-13   1.840591e-13   0.000000e+00   5.662645e-09   2.084499e-09   9.340602e-12   1.561900e-09   2.156273e-10   1.777527e-09   9.448056e-04   9.448074e-04   6.576667e-05   8.243188e+01   5.000000e-07   1.500000e-01
         350000   2.834696e-08   8.026426e-08   3.908735e-08   3.251172e-08   6.044210e-09   0.000000e+00             17             16             14             11             20              0             59   6.235010e-13   1.138624e-12   8.571501e-13   8.006263e-13   1.872487e-13   0.000000e+00   1.143713e-08   4.958994e-09   9.718031e-12   1.550211e-09   2.156644e-10   1.765875e-09   9.458620e-04   9.458638e-04   5.006774e-05   4.531844e+01   5.000000e-07   1.750000e-01
         400000   1.676393e-07   8.682312e-08   6.296248e-08   3.449440e-08   3.048854e-09   0.000000e+00             16             16             13             12             19              0             69   1.531927e-12   1.359828e-12   1.009387e-12   8.380539e-13   1.377457e-13   0.000000e+00   7.779047e-08   3.778546e-08   1.347105e-11   1.541810e-09   2.130748e-10   1.754885e-09   9.469132e-04   9.469150e-04   5.408402e-05   1.118977e+01   5.000000e-07   2.000000e-01
         450000   1.349149e-08   4.071881e-08   1.787050e-06   4.142287e-09   5.889062e-09   0.000000e+00             15             16             12              7             19              0             67   4.444449e-13   8.272621e-13   7.268722e-12   3.683219e-13   1.942928e-13   0.000000e+00   8.218164e-08   3.833382e-08   1.619788e-11   1.532247e-09   2.076935e-10   1.739941e-09   9.479610e-04   9.479627e-04   4.271843e-05   1.236346e+01   5.000000e-07   2.250000e-01
         500000   8.187837e-09   4.395694e-08   1.377193e-08   9.216117e-09   5.609240e-09   0.000000e+00             13             13             12              8             20              0             61   3.723831e-13   9.193890e-13   4.818517e-13   5.306107e-13   1.799587e-13   0.000000e+00   5.882454e-09   2.275139e-09   8.685077e-12   1.527661e-09   2.053037e-10   1.732965e-09   9.490057e-04   9.490074e-04   6.726434e-05   1.303423e+02   5.000000e-07   2.500000e-01
         550000   2.035386e-07   5.721329e-08   2.943601e-08   4.080636e-09   5.321528e-09   0.000000e+00             13             14             13              7             20              0             67   2.168302e-12   1.063528e-12   6.593364e-13   3.485912e-13   1.701126e-13   0.000000e+00   1.018517e-07   4.977334e-08   1.626593e-11   1.519041e-09   2.061789e-10   1.725220e-09   9.500465e-04   9.500482e-04   4.472449e-05   5.545107e+00   5.000000e-07   2.750000e-01
         600000   5.192288e-08   7.248717e-08   8.574015e-07   1.541104e-08   2.091944e-08   0.000000e+00             13             14             12              9             21              0             73   1.011596e-12   1.224094e-12   4.982692e-12   6.582258e-13   3.399292e-13   0.000000e+00   2.608570e-07   1.295024e-07   3.136019e-11   1.511757e-09   2.103243e-10   1.722081e-09   9.510843e-04   9.510860e-04   3.205736e-05   4.238140e+00   5.000000e-07   3.000000e-01
         650000   2.396813e-08   4.696994e-08   8.507752e-08   7.151362e-09   9.152977e-09   0.000000e+00             14             14             12              7             21              0             62   6.404278e-13   9.481510e-13   1.180379e-12   4.788422e-13   2.484398e-13   0.000000e+00   6.036088e-09   2.853842e-09   9.215971e-12   1.507540e-09   2.125479e-10   1.720087e-09   9.521202e-04   9.521219e-04   5.278723e-05   1.008832e+02   5.000000e-07   3.250000e-01
         700000   4.576491e-06   2.268903e-08   8.908965e-08   9.335247e-09   1.587986e-08   0.000000e+00             17             14             15              9             22              0             83   8.332535e-12   6.479591e-13   1.349873e-12   4.986640e-13   3.082211e-13   0.000000e+00   1.031772e-07   3.814069e-08   1.718210e-11   1.494935e-09   2.144040e-10   1.709339e-09   9.531528e-04   9.531545e-04   5.508668e-05   9.523783e+00   5.000000e-07   3.500000e-01
         750000   4.125152e-08   4.310814e-08   8.143045e-08   1.424630e-08   7.678479e-09   0.000000e+00             20             14             16             10             20              0             77   7.119830e-13   8.140061e-13   1.185054e-12   6.344210e-13   2.223839e-13   0.000000e+00   3.595171e-09   1.183555e-09   9.063663e-12   1.491568e-09   2.186910e-10   1.710259e-09   9.541815e-04   9.541832e-04   5.869781e-05   3.503686e+02   5.000000e-07   3.750000e-01
         800000   2.837757e-08   4.247070e-06   2.888015e-08   8.931005e-09   8.262379e-09   0.000000e+00             17             16             14              8             20              0             65   6.092642e-13   8.748702e-12   6.593233e-13   5.400086e-13   2.223016e-13   0.000000e+00   2.069120e-07   7.277918e-08   2.329878e-11   1.490620e-09   2.225799e-10   1.713200e-09   9.552095e-04   9.552112e-04   5.031515e-05   1.010577e+01   5.000000e-07   4.000000e-01
         850000   1.087305e-08   3.623211e-08   3.417572e-07   1.509658e-07   1.038950e-08   0.000000e+00             14             13             16              8             19              0             75   3.826470e-13   8.728718e-13   2.099042e-12   2.766416e-12   2.780518e-13   0.000000e+00   4.368687e-08   2.026661e-08   1.432132e-11   1.484674e-09   2.263043e-10   1.710979e-09   9.562346e-04   9.562363e-04   3.632230e-05   4.604189e+00   5.000000e-07   4.250000e-01
         900000   8.087332e-08   5.368297e-08   8.512537e-08   2.608217e-09   9.846793e-09   0.000000e+00             16             16             14              7             19              0             83   1.110252e-12   1.001820e-12   1.304825e-12   2.480917e-13   2.743595e-13   0.000000e+00   5.624581e-07   2.798299e-07   3.198644e-11   1.476492e-09   2.282641e-10   1.704756e-09   9.572569e-04   9.572586e-04   3.676662e-05   1.272292e+00   5.000000e-07   4.500000e-01
         950000   6.156694e-08   1.378613e-07   4.815186e-08   1.256631e-08   9.497988e-09   0.000000e+00             14             14             15              8             19              0             97   1.091915e-12   1.869766e-12   8.913618e-13   4.635281e-13   2.729419e-13   0.000000e+00   9.211299e-09   3.599154e-09   9.889966e-12   1.474102e-09   2.326077e-10   1.706709e-09   9.582779e-04   9.582796e-04   4.706005e-05   1.984625e+01   5.000000e-07   4.750000e-01
        1000000   2.039078e-08   6.532801e-08   3.046590e-08   2.284502e-08   9.906546e-09   0.000000e+00             16             14             15             10             19              0             98   5.545485e-13   1.186825e-12   6.772406e-13   8.478791e-13   2.819580e-13   0.000000e+00   5.387904e-09   2.459045e-09   9.058867e-12   1.463707e-09   2.410753e-10   1.704782e-09   9.592945e-04   9.592963e-04   6.270690e-05   5.041646e+01   5.000000e-07   5.000000e-01
        1050000   1.213784e-07   4.406333e-08   3.830043e-08   4.862423e-09   7.073856e-09   0.000000e+00             18             15             14              8             19              0            114   1.165113e-12   9.837416e-13   8.647255e-13   3.377121e-13   2.287862e-13   0.000000e+00   9.110373e-09   3.944155e-09   9.615846e-12   1.462604e-09   2.462099e-10   1.708814e-09   9.603048e-04   9.603065e-04   5.464985e-05   4.571277e+01   5.000000e-07   5.250000e-01
        1100000   3.542429e-04   7.848972e-06   1.596572e-04   1.672736e-04   1.051429e-04   0.000000e+00             15             12             13             11             14              0             99   2.581596e-10   3.351907e-11   1.442690e-10   2.036929e-10   1.062394e-10   0.000000e+00   9.707444e-05   4.737223e-05   1.286208e-09   1.290756e-07   1.263163e-07   2.553919e-07   9.625996e-04   9.628550e-04   1.533775e-05   3.303876e-02   5.000000e-07   5.500000e-01
        1150000   9.142851e-05   1.604208e-05   1.318253e-05   5.345027e-04   1.799754e-05   0.000000e+00             18             10             12              9             15              0            115   1.013722e-10   4.120760e-11   4.171056e-11   6.950977e-10   3.589208e-11   0.000000e+00   3.684230e-05   1.413614e-05   8.581462e-10   6.197814e-08   4.176255e-08   1.037407e-07   9.660955e-04   9.661993e-04   1.639151e-05   3.083890e-02   5.000000e-07   5.750000e-01
        1200000   2.428210e-05   3.768814e-06   1.002546e-05   9.991295e-07   1.592693e-06   0.000000e+00             12             11             16              8             18              0             91   4.666769e-11   2.090080e-11   2.124857e-11   1.067438e-11   6.230609e-12   0.000000e+00   4.365367e-06   2.128887e-06   2.010122e-10   4.726511e-08   3.009036e-08   7.735547e-08   9.695805e-04   9.696578e-04   2.363305e-05   2.830368e-01   5.000000e-07   6.000000e-01
        1250000   5.969588e-08   8.890348e-06   5.580116e-06   1.709321e-06   5.311127e-06   6.122926e-07             14             10             15              9             13              1             67   1.282462e-12   2.819262e-11   1.845937e-11   1.240288e-11   1.817444e-11   4.235997e-11   6.427912e-06   3.171865e-06   2.107801e-10   3.730181e-08   1.671094e-08   5.401276e-08   9.730854e-04   9.731394e-04   1.556478e-05   2.601761e-01   5.000000e-07   6.250000e-01
