             33             93   2.135253e-03   5.108431e-03   1.891565e-03   2.135253e-03   5.108431e-03   1.891565e-03   1.868331e-03   2.832848e-03   9.995277e-12   4.834570e-09   1.060798e-07   1.125823e-03   2.400000e+10   3.391347e-19   1.695673e-19   2.188879e-19   2.135253e-03   5.108431e-03   1.891565e-03   5.074027e-20  -2.540194e-19  -2.188879e-19   1.397064e-19   7.711660e-20  -5.734301e-20   7.165123e-03   5.357760e+15   1.495462e-12  -7.486683e-12  -6.451258e-12
             97            129   6.097931e-03   5.141305e-03   1.966119e-03   6.097931e-03   5.141305e-03   1.966119e-03   1.556139e-03   2.350624e-03   1.000096e-11   1.388001e-08   9.676716e-08   9.362988e-04   2.400000e+10   3.096845e-08   3.681440e-09   7.239076e-11   6.097931e-03   5.141305e-03   1.966119e-03  -1.150094e-08   2.872354e-08   1.315963e-09   3.400085e-09   1.341245e-09   4.398687e-10   1.043613e-04   3.924912e+02  -3.713760e-01   9.275097e-01   4.249367e-02
            117            165   1.182596e-03   4.542763e-03   4.874802e-03   1.182596e-03   4.542763e-03   4.874802e-03   2.089924e-03   1.039703e-03   9.784350e-12   1.984371e-09   8.242131e-08   6.942999e-04   2.400000e+10   2.524954e-19   1.262477e-19   6.279867e-20   1.182596e-03   4.542763e-03   4.874802e-03   6.731140e-20  -2.351158e-19  -6.279867e-20   8.186061e-20   1.038599e-20   9.554816e-20   7.732056e-03   8.152093e+13   2.608358e-12  -9.110879e-12  -2.433487e-12
            117            205   2.906175e-03   2.418570e-03   5.479529e-03   2.906175e-03   2.418570e-03   5.479529e-03   1.444251e-03   7.426080e-04   6.368123e-12   1.874146e-09   5.588516e-08   4.904350e-04   2.400000e+10   7.252193e-20   3.626097e-20   2.746861e-20   2.906175e-03   2.418570e-03   5.479529e-03  -4.702491e-20   4.789118e-20  -2.746861e-20  -2.229760e-20  -1.524972e-20   2.418927e-20   1.008680e-02   3.835078e+13  -4.129239e-12   4.205306e-12  -2.412008e-12
            169            215   9.174540e-03   3.603947e-03   4.041912e-03   9.174540e-03   3.603947e-03   4.041912e-03   1.831057e-03   1.527232e-03   9.977842e-12   6.174761e-08   9.115127e-08   8.327005e-04   2.400000e+10   2.903929e-19   1.451964e-19   2.052613e-19   9.174540e-03   3.603947e-03   4.041912e-03  -1.894566e-19  -7.938519e-20  -2.052613e-19   1.106167e-19  -3.597445e-20  -8.690101e-20   7.328515e-03   4.934536e+14  -6.509690e-12  -2.727660e-12  -7.052739e-12
            249            217   5.381072e-03   8.959152e-03   6.699144e-03   5.381072e-03   8.959152e-03   6.699144e-03   8.380348e-04   2.340484e-03   9.769546e-12   4.224843e-09   7.764414e-08   6.170821e-04   2.400000e+10   2.371414e-19   1.185707e-19   2.286842e-19   5.381072e-03   8.959152e-03   6.699144e-03   3.021983e-20  -5.501238e-20  -2.286842e-19   1.047016e-19   5.239942e-20   1.873226e-20   4.971783e-03   4.724820e+13   1.244970e-12  -2.266352e-12  -9.421132e-12
            295            279   9.470777e-03   3.347568e-03   8.228154e-03   9.470777e-03   3.347568e-03   8.228154e-03   8.866916e-04   1.489636e-03   9.485013e-12   6.569290e-09   7.260929e-08   5.558356e-04   2.400000e+10   2.090345e-19   1.045173e-19   1.120713e-20   9.470777e-03   3.347568e-03   8.228154e-03  -5.694201e-20  -2.008169e-19  -1.120713e-20  -9.602362e-20   4.123939e-20  -1.623574e-21   8.280712e-03   1.284864e+13  -2.583763e-12  -9.112137e-12  -5.085272e-13
            301            305   6.200226e-03   2.889992e-03   9.269802e-03   6.200226e-03   2.889992e-03   9.269802e-03   1.477755e-03   1.829857e-03   8.903983e-12   1.804949e-09   8.531878e-08   8.175324e-04   2.400000e+10   2.164528e-19   1.082264e-19   7.938639e-20   6.200226e-03   2.889992e-03   9.269802e-03  -1.932726e-19  -5.652729e-20  -7.938639e-20   6.178882e-20   2.635720e-20  -8.485516e-20   7.719995e-03   2.430780e+13  -7.950443e-12  -2.325301e-12  -3.265631e-12
            416            449   6.836439e-03   7.301494e-03   1.506053e-02   6.836439e-03   7.301494e-03   1.506053e-02   9.021058e-04   6.179772e-04   9.611529e-12   7.227727e-09   5.937143e-08   3.667437e-04   2.400000e+10   1.755143e-19   8.775714e-20   8.786217e-21   6.836439e-03   7.301494e-03   1.506053e-02  -1.719149e-19  -3.425387e-20  -8.786217e-21   5.996333e-21  -2.367216e-20   8.429109e-20   4.193675e-03   1.599230e+15  -9.414420e-12  -1.875814e-12  -4.811516e-13
            455            365   8.036704e-03   1.764764e-03   1.572413e-02   8.036704e-03   1.764764e-03   1.572413e-02   1.194330e-03   1.401955e-03   1.570887e-12   8.178283e-09   3.182918e-08   6.449204e-04   2.400000e+10   2.513421e-21   1.256711e-21  -5.133620e-22   8.036704e-03   1.764764e-03   1.572413e-02   2.459962e-21   4.828052e-23   5.133620e-22   1.546583e-22  -1.105329e-21  -5.776251e-22   1.032803e-02   1.929210e+13   1.537475e-12   3.017530e-14   3.208510e-13
            455            391   9.132187e-03   1.657494e-03   1.542185e-02   9.132187e-03   1.657494e-03   1.542185e-02   1.160765e-03   1.890300e-03   1.880275e-12   1.630805e-09   3.677245e-08   7.191568e-04   2.400000e+10   4.160211e-21   2.080106e-21  -2.136345e-21   9.132187e-03   1.657494e-03   1.542185e-02  -3.564654e-21   1.913894e-22   2.136345e-21   7.341518e-22   1.546299e-21   1.181872e-21   9.507815e-03   5.141644e+12  -1.611104e-12   8.650155e-14   9.655558e-13
            469            382   8.752205e-04   1.482503e-03   1.434686e-02   8.752205e-04   1.482503e-03   1.434686e-02   7.819261e-04   1.279324e-03   9.146596e-12   1.384058e-07   6.662505e-08   4.853059e-04   2.400000e+10   1.783637e-19   8.918185e-20  -9.112539e-20   8.752205e-04   1.482503e-03   1.434686e-02  -9.166390e-20   1.229126e-19   9.112539e-20   1.808844e-20  -3.123874e-20   8.154969e-20   4.958113e-03   7.787589e+10  -4.700579e-12   6.303030e-12   4.672963e-12
            431            391   9.493038e-03   2.941787e-03   1.441023e-02   9.493038e-03   2.941787e-03   1.441023e-02   7.298347e-04   1.298063e-03   9.920408e-12   6.512953e-06   6.807723e-08   4.671692e-04   2.400000e+10   2.143932e-19   1.071966e-19   1.028510e-19   9.493038e-03   2.941787e-03   1.441023e-02  -1.328550e-19   1.331752e-19  -1.028510e-19  -8.371485e-20  -5.844311e-20   3.267008e-20   5.296103e-03   1.538070e+13  -6.147471e-12   6.162289e-12  -4.759127e-12
            465            353   7.490876e-03   7.227101e-03   1.308896e-02   7.490876e-03   7.227101e-03   1.308896e-02   8.711419e-04   8.782513e-04   4.230361e-12   6.531300e-11   4.301291e-08   4.373411e-04   2.400000e+10   2.463222e-20   1.231611e-20  -1.908625e-20   7.490876e-03   7.227101e-03   1.308896e-02   8.083926e-21  -1.330833e-20   1.908625e-20   1.384836e-21   1.072852e-20   5.887923e-21   7.016967e-03   1.546381e+14   1.388341e-12  -2.285585e-12   3.277890e-12
            465            377   8.110552e-03   7.086150e-03   1.402206e-02   8.110552e-03   7.086150e-03   1.402206e-02   1.145205e-03   1.106352e-03   1.524078e-12   6.434182e-12   2.928535e-08   5.627217e-04   2.400000e+10   2.176782e-21   7.002906e-33   3.779340e-22   8.110552e-03   7.086150e-03   1.402206e-02  -2.084128e-21  -5.019547e-22  -3.779340e-22   1.123447e-33   3.677055e-34  -6.902416e-33   1.082168e-02   1.090745e+16  -1.459206e-12  -3.514446e-13  -2.646112e-13
            231            293   2.946846e-03   1.105735e-03   1.178064e-02   2.946846e-03   1.105735e-03   1.178064e-02   9.752179e-04   1.123409e-03   2.622007e-11   8.879892e-11   1.169955e-07   5.220407e-04   2.400000e+10   9.816415e-08   1.035055e-08  -5.675219e-08   2.946846e-03   1.105735e-03   1.178064e-02  -5.311993e-08  -3.573778e-08   7.441294e-08   5.690987e-09   5.474366e-09   6.691626e-09   5.410788e-05   2.162260e+02  -5.411337e-01  -3.640614e-01   7.580459e-01
             42            130   4.758970e-03   1.721587e-02   5.406505e-03   4.758970e-03   1.721587e-02   5.406505e-03   1.216275e-03   1.270577e-03   3.484544e-12   6.229410e-09   4.653335e-08   6.214165e-04   2.400000e+10   1.808033e-20   9.040164e-21   2.017654e-21   4.758970e-03   1.721587e-02   5.406505e-03   1.542458e-20   9.214644e-21  -2.017654e-21  -2.918191e-21   5.289316e-21  -6.725464e-21   7.479648e-03   5.612402e+11   2.972713e-12   1.775899e-12  -3.888539e-13
            138            105   1.010812e-03   1.506814e-02   4.528964e-03   1.010812e-03   1.506814e-02   4.528964e-03   1.133737e-03   9.387768e-04   8.327641e-12   7.829631e-09   6.539577e-08   5.135436e-04   2.400000e+10   1.451255e-19   7.256274e-20  -5.244131e-20   1.010812e-03   1.506814e-02   4.528964e-03   6.270127e-22  -1.353178e-19   5.244131e-20   5.743800e-20   2.320110e-20   3.778804e-20   4.092485e-03   7.559606e+12   3.597947e-14  -7.764856e-12   3.009206e-12
            242            174   5.727230e-03   1.506280e-02   7.820837e-03   5.727230e-03   1.506280e-02   7.820837e-03   2.312794e-03   2.412982e-03   3.167354e-10   3.087941e-09   6.115856e-07   1.180913e-03   2.400000e+10   6.198746e-06   3.099373e-06  -2.657127e-08   5.727230e-03   1.506280e-02   7.820837e-03  -3.829871e-07  -5.925351e-06   1.779884e-06   3.006152e-06  -3.920118e-07  -6.445833e-07   5.919496e-05   1.118916e+01  -6.178461e-02  -9.558951e-01   2.871362e-01
             24             38   2.969755e-03   1.717779e-02   9.853723e-04   2.969755e-03   1.717779e-02   9.853723e-04   1.428838e-03   9.794808e-04   9.836795e-12   5.862357e-11   7.560653e-08   5.811188e-04   2.400000e+10   2.341081e-19   1.170541e-19  -7.529300e-20   2.969755e-03   1.717779e-02   9.853723e-04   1.565235e-19   1.569649e-19   7.529300e-20   8.325117e-20  -4.955382e-20   6.569106e-20   4.935893e-03   6.593359e+12   6.576831e-12   6.595377e-12   3.163674e-12
             24             78   5.213468e-03   1.810128e-02   2.691049e-03   5.213468e-03   1.810128e-02   2.691049e-03   1.342772e-03   1.150227e-03   9.999159e-12   1.632830e-06   7.870705e-08   6.195320e-04   2.400000e+10   2.518202e-19   1.259101e-19   2.024604e-19   5.213468e-03   1.810128e-02   2.691049e-03  -1.297917e-19   7.468127e-20  -2.024604e-19  -6.815475e-20  -1.057600e-19   4.806083e-21   4.824514e-03   2.043661e+13  -5.153707e-12   2.965409e-12  -8.039206e-12
             54            174   5.173072e-03   1.780972e-02   9.127139e-03   5.173072e-03   1.780972e-02   9.127139e-03   2.207195e-03   1.815039e-03   5.926471e-11   1.257951e-10   2.429561e-07   9.960002e-04   2.400000e+10   4.607592e-07   2.303796e-07  -7.302579e-07   5.173072e-03   1.780972e-02   9.127139e-03  -3.437268e-07   2.102253e-07   2.235089e-07   8.805158e-08   2.089387e-07  -4.082036e-08   1.118086e-04   3.851299e+01  -7.460010e-01   4.562584e-01   4.850884e-01
             81             94   6.261469e-03   1.466636e-02   8.900453e-04   6.261469e-03   1.466636e-02   8.900453e-04   8.475652e-04   1.672000e-03   9.277471e-12   4.896205e-09   7.223650e-08   5.624498e-04   2.400000e+10   1.989601e-19   9.948003e-20   8.210793e-20   6.261469e-03   1.466636e-02   8.900453e-04   1.459107e-19   1.074870e-19  -8.210793e-20  -8.278083e-20   2.833949e-21  -5.509608e-20   5.099227e-03   5.659059e+12   6.803789e-12   5.012100e-12  -3.828678e-12
             70             65   5.650194e-03   1.191812e-02   1.117811e-03   5.650194e-03   1.191812e-02   1.117811e-03   8.847142e-04   2.215788e-03   4.814928e-12   3.961744e-10   5.517527e-08   6.322650e-04   2.400000e+10   4.093305e-20   2.046652e-20   1.739117e-20   5.650194e-03   1.191812e-02   1.117811e-03  -3.696500e-20  -2.578784e-21  -1.739117e-20  -2.635269e-21   1.503848e-20   1.363004e-20   6.636030e-03   2.939929e+13  -4.348169e-12  -3.033407e-13  -2.045713e-12
            104             95   9.968433e-03   1.436582e-02   1.196122e-03   9.968433e-03   1.436582e-02   1.196122e-03   9.934283e-04   1.294893e-03   9.420006e-12   3.457003e-10   7.276999e-08   5.621516e-04   2.400000e+10   2.066354e-19   1.033177e-19   3.104521e-20   9.968433e-03   1.436582e-02   1.196122e-03  -2.028778e-19  -2.397817e-20  -3.104521e-20   4.174429e-20  -7.789086e-20  -5.352544e-20   6.982342e-03   4.522403e+12  -9.248709e-12  -1.093107e-12  -1.415276e-12
            101            238   9.572144e-04   1.349733e-02   5.976308e-03   9.572144e-04   1.349733e-02   5.976308e-03   1.673424e-03   1.171320e-03   9.999813e-12   1.066726e-09   8.300707e-08   6.890303e-04   2.400000e+10   2.656127e-19   1.328064e-19   1.912336e-19   9.572144e-04   1.349733e-02   5.976308e-03   1.357064e-19  -1.247541e-19  -1.912336e-19   1.091281e-19   4.713437e-20   5.921943e-20   4.830628e-03   1.585767e+14   5.109088e-12  -4.696753e-12  -7.199583e-12
            101            222   2.962428e-03   1.140369e-02   5.315818e-03   2.962428e-03   1.140369e-02   5.315818e-03   3.147055e-03   1.291514e-03   5.257622e-12   1.066854e-08   6.938648e-08   9.157151e-04   2.400000e+10   6.137669e-20   3.068835e-20   2.938268e-20   2.962428e-03   1.140369e-02   5.315818e-03  -3.196931e-20   4.337879e-20  -2.938268e-20  -1.129528e-20   1.169942e-20   2.602527e-20   5.881085e-03   2.459834e+13  -2.738540e-12   3.715894e-12  -2.516966e-12
            166            142   2.737898e-03   1.564935e-02   6.625675e-03   2.737898e-03   1.564935e-02   6.625675e-03   1.768720e-03   2.226366e-03   1.608883e-12   9.014753e-11   3.982236e-08   9.856656e-04   2.400000e+10   3.298570e-21   1.649285e-21   3.161940e-21   2.737898e-03   1.564935e-02   6.625675e-03  -1.633382e-22   9.252137e-22  -3.161940e-21   1.620473e-21  -6.979309e-23   2.988924e-22   1.502862e-02   6.376473e+14  -7.966848e-14   4.512744e-13  -1.542241e-12
            217            249   5.381072e-03   8.959152e-03   6.699144e-03   5.381072e-03   8.959152e-03   6.699144e-03   2.340484e-03   8.380348e-04   9.769546e-12   4.224843e-09   7.764414e-08   6.170821e-04   2.400000e+10   2.371414e-19   1.185707e-19  -2.286842e-19   5.381072e-03   8.959152e-03   6.699144e-03  -3.021983e-20   5.501238e-20   2.286842e-19  -1.047016e-19  -5.239942e-20  -1.873226e-20   4.971783e-03   4.724820e+13  -1.244970e-12   2.266352e-12   9.421132e-12
            468            474   6.355408e-03   1.276939e-02   1.556145e-02   6.355408e-03   1.276939e-02   1.556145e-02   6.556011e-04   1.020975e-03   9.830737e-12   9.825734e-08   6.264822e-08   3.992376e-04   2.400000e+10   1.937452e-19   9.687258e-20  -1.928394e-20   6.355408e-03   1.276939e-02   1.556145e-02   1.159456e-19   1.540193e-19   1.928394e-20   7.090825e-20  -6.458414e-20   1.360899e-20   4.067212e-03   1.016526e+13   5.883144e-12   7.815023e-12   9.784777e-13
            254            314   2.982546e-03   1.480097e-02   1.246728e-02   2.982546e-03   1.480097e-02   1.246728e-02   2.341144e-03   1.230457e-03   1.148693e-11   1.840398e-10   9.625378e-08   8.065507e-04   2.400000e+10   3.538113e-08   1.769056e-08   7.787467e-10   2.982546e-03   1.480097e-02   1.246728e-02  -2.886709e-08  -1.297037e-08   1.582039e-08  -3.327577e-09   1.638230e-08   5.788218e-09   1.492122e-04   3.884534e+02  -8.158895e-01  -3.665901e-01   4.471420e-01
             19             23   1.815089e-02   4.618703e-03   7.507679e-04   1.815089e-02   4.618703e-03   7.507679e-04   1.839974e-03   6.101967e-04   9.995563e-12   1.080789e-08   6.767780e-08   4.582318e-04   2.400000e+10   2.163768e-19   1.081884e-19  -6.051336e-20   1.815089e-02   4.618703e-03   7.507679e-04  -3.044616e-20   2.054996e-19   6.051336e-20  -7.032553e-20  -5.489189e-20   6.120401e-20   5.305031e-03   5.187450e+13  -1.406465e-12   9.493089e-12   2.795425e-12
             51            187   1.730867e-02   3.938977e-03   5.565160e-03   1.730867e-02   3.938977e-03   5.565160e-03   1.345588e-03   1.281233e-03   9.997254e-12   2.774435e-09   8.100190e-08   6.563111e-04   2.400000e+10   2.590637e-19   1.295319e-19   1.493576e-19   1.730867e-02   3.938977e-03   5.565160e-03   1.366070e-19   1.616938e-19  -1.493576e-19   9.597136e-20  -5.795221e-20   6.488101e-20   7.771575e-03   1.823917e+14   5.271655e-12   6.239752e-12  -5.763700e-12
            107             16   1.786158e-02   1.054931e-02   4.749999e-03   1.786158e-02   1.054931e-02   4.749999e-03   1.139015e-03   2.032918e-03   9.892600e-12   4.208905e-09   8.498022e-08   7.300041e-04   2.400000e+10   2.661269e-19   1.330634e-19  -8.786025e-20   1.786158e-02   1.054931e-02   4.749999e-03   4.309974e-20  -2.474803e-19   8.786025e-20   1.289178e-19   1.841181e-20  -2.733278e-20   1.083850e-02   3.126417e+15   1.602125e-12  -9.199461e-12   3.265985e-12
            115            161   1.181826e-02   6.110204e-03   2.509037e-03   1.181826e-02   6.110204e-03   2.509037e-03   9.488517e-04   1.292411e-03   9.740303e-12   1.111840e-08   7.300278e-08   5.471498e-04   2.400000e+10   2.216329e-19   1.108165e-19   4.587026e-20   1.181826e-02   6.110204e-03   2.509037e-03   2.098119e-19   5.473621e-20  -4.587026e-20   1.227600e-20  -8.299395e-21   1.098213e-19   4.687198e-03   1.772130e+13   9.220793e-12   2.405542e-12  -2.015902e-12
            243            283   1.434889e-02   4.314313e-03   8.251828e-03   1.434889e-02   4.314313e-03   8.251828e-03   6.304149e-04   1.410479e-03   1.000055e-11   1.104598e-09   6.600827e-08   4.356850e-04   2.400000e+10   2.112382e-08   1.008170e-10   1.148704e-08   1.434889e-02   4.314313e-03   8.251828e-03  -1.795843e-08  -3.805091e-09  -1.045139e-08  -3.412546e-11   9.141458e-11   2.535538e-11   7.732533e-05   1.254378e+03  -8.501509e-01  -1.801327e-01  -4.947683e-01
            251            283   1.686917e-02   4.172401e-03   8.894315e-03   1.686917e-02   4.172401e-03   8.894315e-03   1.502499e-03   1.656785e-03   2.415256e-11   3.968707e-09   1.379518e-07   7.879372e-04   2.400000e+10   1.066205e-07   5.331024e-08  -3.549043e-09   1.686917e-02   4.172401e-03   8.894315e-03   6.421429e-08  -8.159145e-08   2.423402e-08   3.020599e-08   3.264511e-08   2.939178e-08   1.134654e-04   2.108750e+02   6.022697e-01  -7.652512e-01   2.272923e-01
            251             59   1.802582e-02   4.474880e-03   1.046049e-02   1.802582e-02   4.474880e-03   1.046049e-02   1.341012e-03   1.436259e-03   3.338011e-11   1.607446e-08   1.521484e-07   6.935012e-04   2.400000e+10   1.625194e-07   8.125971e-08   4.142176e-09   1.802582e-02   4.474880e-03   1.046049e-02  -3.944046e-08  -1.522974e-07  -4.077404e-08  -5.048662e-08   2.831349e-08  -5.703147e-08   1.186806e-04   1.353285e+02  -2.426815e-01  -9.371026e-01  -2.508872e-01
             11            100   1.766505e-02   9.307596e-03   2.614248e-03   1.766505e-02   9.307596e-03   2.614248e-03   1.562834e-03   7.460112e-04   9.644131e-12   9.556760e-09   6.978519e-08   5.049674e-04   2.400000e+10   2.077014e-19   1.038507e-19   1.448771e-19   1.766505e-02   9.307596e-03   2.614248e-03   1.362538e-19   5.987818e-20  -1.448771e-19  -9.416900e-20  -1.161260e-20  -4.221745e-20   5.154606e-03   1.252653e+13   6.326627e-12   2.780304e-12  -6.727033e-12
            215            169   9.174540e-03   3.603947e-03   4.041912e-03   9.174540e-03   3.603947e-03   4.041912e-03   1.527232e-03   1.831057e-03   9.977842e-12   6.174761e-08   9.115127e-08   8.327005e-04   2.400000e+10   2.903929e-19   1.451964e-19  -2.052613e-19   9.174540e-03   3.603947e-03   4.041912e-03   1.894566e-19   7.938519e-20   2.052613e-19  -1.106167e-19   3.597445e-20   8.690101e-20   7.328515e-03   4.934536e+14   6.509690e-12   2.727660e-12   7.052739e-12
            279            295   9.470777e-03   3.347568e-03   8.228154e-03   9.470777e-03   3.347568e-03   8.228154e-03   1.489636e-03   8.866916e-04   9.485013e-12   6.569290e-09   7.260929e-08   5.558356e-04   2.400000e+10   2.090345e-19   1.045173e-19  -1.120713e-20   9.470777e-03   3.347568e-03   8.228154e-03   5.694201e-20   2.008169e-19   1.120713e-20   9.602362e-20  -4.123939e-20   1.623574e-21   8.280712e-03   1.284864e+13   2.583763e-12   9.112137e-12   5.085272e-13
            319            395   1.318794e-02   6.706564e-03   1.163537e-02   1.318794e-02   6.706564e-03   1.163537e-02   1.377039e-03   1.704569e-03   9.937548e-12   1.441723e-08   8.700242e-08   7.616991e-04   2.400000e+10   2.749412e-19   1.374706e-19   1.526373e-19   1.318794e-02   6.706564e-03   1.163537e-02  -2.151413e-19  -7.751594e-20  -1.526373e-19   9.006111e-20  -9.726818e-20  -3.641509e-20   9.744249e-03   4.780364e+13  -7.776125e-12  -2.801757e-12  -5.516964e-12
            467            391   1.275580e-02   8.764196e-04   1.606126e-02   1.275580e-02   8.764196e-04   1.606126e-02   9.536161e-04   1.274846e-03   9.998017e-12   6.862592e-09   7.385331e-08   5.455393e-04   2.400000e+10   2.362369e-19   1.181184e-19  -1.095578e-19   1.275580e-02   8.764196e-04   1.606126e-02   1.943571e-19  -7.765490e-20   1.095578e-19  -5.516345e-20  -1.043960e-19  -3.231733e-21   5.078182e-03   5.652322e+13   8.225580e-12  -3.286511e-12   4.636704e-12
            391            455   9.132187e-03   1.657494e-03   1.542185e-02   9.132187e-03   1.657494e-03   1.542185e-02   1.890300e-03   1.160765e-03   1.880275e-12   1.630805e-09   3.677245e-08   7.191568e-04   2.400000e+10   4.160211e-21   2.080106e-21   2.136345e-21   9.132187e-03   1.657494e-03   1.542185e-02   3.564654e-21  -1.913894e-22  -2.136345e-21  -7.341518e-22  -1.546299e-21  -1.181872e-21   9.507815e-03   5.141644e+12   1.611104e-12  -8.650155e-14  -9.655558e-13
            391            431   9.493038e-03   2.941787e-03   1.441023e-02   9.493038e-03   2.941787e-03   1.441023e-02   1.298063e-03   7.298347e-04   9.920408e-12   6.512953e-06   6.807723e-08   4.671692e-04   2.400000e+10   2.143932e-19   1.071966e-19  -1.028510e-19   9.493038e-03   2.941787e-03   1.441023e-02   1.328550e-19  -1.331752e-19   1.028510e-19   8.371485e-20   5.844311e-20  -3.267008e-20   5.296103e-03   1.538070e+13   6.147471e-12  -6.162289e-12   4.759127e-12
            377            465   8.110552e-03   7.086150e-03   1.402206e-02   8.110552e-03   7.086150e-03   1.402206e-02   1.106352e-03   1.145205e-03   1.524078e-12   6.434182e-12   2.928535e-08   5.627217e-04   2.400000e+10   2.176782e-21   7.002906e-33  -3.779340e-22   8.110552e-03   7.086150e-03   1.402206e-02   2.084128e-21   5.019547e-22   3.779340e-22  -1.123447e-33  -3.677055e-34   6.902416e-33   1.082168e-02   1.090745e+16   1.459206e-12   3.514446e-13   2.646112e-13
            264            419   1.620213e-02   9.823968e-03   1.428386e-02   1.620213e-02   9.823968e-03   1.428386e-02   1.664349e-03   1.686837e-03   9.954830e-12   1.465040e-09   9.132220e-08   8.377587e-04   2.400000e+10   2.895970e-19   1.447985e-19   2.549367e-19   1.620213e-02   9.823968e-03   1.428386e-02   4.721416e-20  -1.290136e-19  -2.549367e-19  -1.363219e-19   4.715621e-20  -1.261862e-20   6.175782e-03   1.132789e+14   1.622976e-12  -4.434812e-12  -8.763391e-12
            363             59   1.897351e-02   4.926162e-03   1.222315e-02   1.897351e-02   4.926162e-03   1.222315e-02   1.256895e-03   1.503396e-03   1.637664e-11   1.586143e-08   1.058818e-07   6.845695e-04   2.400000e+10   5.548761e-08   2.774380e-08  -6.859901e-09   1.897351e-02   4.926162e-03   1.222315e-02   1.580633e-08  -3.917459e-08   3.597758e-08   2.324792e-08   1.443421e-08   4.572350e-09   6.224937e-05   1.505305e+02   2.848623e-01  -7.060062e-01   6.483894e-01
             59            251   1.802582e-02   4.474880e-03   1.046049e-02   1.802582e-02   4.474880e-03   1.046049e-02   1.436259e-03   1.341012e-03   3.338011e-11   1.607446e-08   1.521484e-07   6.935012e-04   2.400000e+10   1.625194e-07   8.125971e-08  -4.142176e-09   1.802582e-02   4.474880e-03   1.046049e-02   3.944046e-08   1.522974e-07   4.077404e-08   5.048662e-08  -2.831349e-08   5.703147e-08   1.186806e-04   1.353285e+02   2.426815e-01   9.371026e-01   2.508872e-01
             92            148   1.828404e-02   1.833311e-02   9.005945e-03   1.828404e-02   1.833311e-02   9.005945e-03   1.094223e-03   1.688028e-03   4.993581e-12   9.232675e-09   5.757721e-08   6.638794e-04   2.400000e+10   4.594358e-20   2.297179e-20   1.543462e-20   1.828404e-02   1.833311e-02   9.005945e-03  -4.292373e-20   5.489889e-21  -1.543462e-20  -5.771134e-21   1.894312e-20   1.164283e-20   8.725529e-03   2.618301e+11  -4.665355e-12   5.966928e-13  -1.677580e-12
            124             18   1.627605e-02   1.724138e-02   4.157784e-03   1.627605e-02   1.724138e-02   4.157784e-03   8.840748e-04   1.092264e-03   1.047160e-11   5.087729e-10   7.152931e-08   4.886019e-04   2.400000e+10   2.396883e-08   9.361383e-09  -1.109526e-09   1.627605e-02   1.724138e-02   4.157784e-03   2.153037e-08  -1.040400e-08   1.644663e-09  -1.967981e-09  -5.256896e-09  -7.491834e-09   1.213840e-04   8.031365e+02   8.982652e-01  -4.340637e-01   6.861674e-02
             18             88   1.446802e-02   1.919389e-02   5.226844e-03   1.446802e-02   1.919389e-02   5.226844e-03   1.700541e-03   1.107794e-03   1.274140e-11   7.566635e-10   9.245006e-08   6.708064e-04   2.400000e+10   3.769418e-08   1.884709e-08   8.562618e-09   1.446802e-02   1.919389e-02   5.226844e-03   5.003575e-09  -1.076296e-08  -3.577673e-08   1.075276e-08  -1.435759e-08   5.783647e-09   6.533823e-05   1.904389e+02   1.327413e-01  -2.855338e-01  -9.491313e-01
            276            292   1.854935e-02   1.128278e-02   1.014677e-02   1.854935e-02   1.128278e-02   1.014677e-02   1.625918e-03   1.435089e-03   3.329120e-12   1.949034e-08   5.037573e-08   7.622776e-04   2.400000e+10   1.786612e-20   8.933061e-21   1.495803e-20   1.854935e-02   1.128278e-02   1.014677e-02   4.353616e-21   8.746519e-21  -1.495803e-20  -6.007340e-21  -4.801595e-21  -4.544902e-21   1.183690e-02   1.087098e+14   8.112400e-13   1.629800e-12  -2.787236e-12
             16            107   1.786158e-02   1.054931e-02   4.749999e-03   1.786158e-02   1.054931e-02   4.749999e-03   2.032918e-03   1.139015e-03   9.892600e-12   4.208905e-09   8.498022e-08   7.300041e-04   2.400000e+10   2.661269e-19   1.330634e-19   8.786025e-20   1.786158e-02   1.054931e-02   4.749999e-03  -4.309974e-20   2.474803e-19  -8.786025e-20  -1.289178e-19  -1.841181e-20   2.733278e-20   1.083850e-02   3.126417e+15  -1.602125e-12   9.199461e-12  -3.265985e-12
             95            104   9.968433e-03   1.436582e-02   1.196122e-03   9.968433e-03   1.436582e-02   1.196122e-03   1.294893e-03   9.934283e-04   9.420006e-12   3.457003e-10   7.276999e-08   5.621516e-04   2.400000e+10   2.066354e-19   1.033177e-19  -3.104521e-20   9.968433e-03   1.436582e-02   1.196122e-03   2.028778e-19   2.397817e-20   3.104521e-20  -4.174429e-20   7.789086e-20   5.352544e-20   6.982342e-03   4.522403e+12   9.248709e-12   1.093107e-12   1.415276e-12
             82            178   1.306531e-02   1.831417e-02   8.903130e-03   1.306531e-02   1.831417e-02   8.903130e-03   1.492044e-03   9.865038e-04   9.927261e-12   1.022403e-09   7.678144e-08   5.938586e-04   2.400000e+10   2.421392e-19   1.210696e-19   1.228859e-19   1.306531e-02   1.831417e-02   8.903130e-03  -1.964229e-19  -7.034544e-20  -1.228859e-19  -2.792785e-20   1.006095e-19   6.128300e-20   8.431524e-03   1.046630e+13  -8.052978e-12  -2.884033e-12  -5.038095e-12
            257            274   1.527611e-02   1.721482e-02   9.758429e-03   1.527611e-02   1.721482e-02   9.758429e-03   2.414757e-03   7.550710e-04   9.288092e-12   2.040104e-10   7.309304e-08   5.752088e-04   2.400000e+10   2.017804e-19   1.008902e-19   1.461544e-20   1.527611e-02   1.721482e-02   9.758429e-03  -1.298242e-19  -1.537772e-19  -1.461544e-20   3.820031e-20   3.342836e-22   9.337806e-20   5.211555e-03   2.091348e+13  -5.975895e-12  -7.078470e-12  -6.727587e-13
            257            312   1.160540e-02   1.566114e-02   1.014166e-02   1.160540e-02   1.566114e-02   1.014166e-02   1.578064e-03   1.496687e-03   9.814817e-12   2.774789e-10   8.682883e-08   7.681495e-04   2.400000e+10   2.676568e-19   1.338284e-19   9.334544e-20   1.160540e-02   1.566114e-02   1.014166e-02   2.368806e-19   8.254920e-20  -9.334544e-20  -5.545669e-20   1.021291e-20  -1.213684e-19   1.124141e-02   3.441056e+14   8.686272e-12   3.027030e-12  -3.422922e-12
            456            368   1.245879e-02   1.499395e-02   1.537109e-02   1.245879e-02   1.499395e-02   1.537109e-02   7.958134e-04   2.942970e-03   9.653400e-12   2.706147e-09   7.776309e-08   6.264217e-04   2.400000e+10   2.318911e-19   1.159455e-19  -1.756188e-19   1.245879e-02   1.499395e-02   1.537109e-02   4.548645e-20  -1.444386e-19   1.756188e-19  -7.310219e-20  -6.473848e-20  -6.251695e-20   8.417290e-03   1.900091e+13   1.893556e-12  -6.012838e-12   7.310838e-12
            404            420   1.476901e-02   1.476655e-02   1.588460e-02   1.476901e-02   1.476655e-02   1.588460e-02   1.961418e-03   1.165341e-03   1.745195e-11   2.195402e-10   1.129500e-07   7.310190e-04   2.400000e+10   6.307836e-08   3.153918e-08  -1.023186e-09   1.476901e-02   1.476655e-02   1.588460e-02   1.799220e-08   4.389843e-08   4.157029e-08  -3.079709e-08   6.717377e-09   1.065806e-09   1.253961e-04   2.189053e+02   2.852356e-01   6.959348e-01   6.590261e-01
            364            211   1.213733e-02   1.865253e-02   1.505798e-02   1.213733e-02   1.865253e-02   1.505798e-02   1.157772e-03   9.908804e-04   9.999641e-12   7.959678e-09   7.306868e-08   5.339224e-04   2.400000e+10   2.338030e-19   1.169015e-19  -1.863992e-19   1.213733e-02   1.865253e-02   1.505798e-02  -1.367527e-19  -3.489774e-20   1.863992e-19  -8.192324e-20   5.023048e-20  -6.656906e-20   6.899052e-03   1.443576e+14  -5.848849e-12  -1.492560e-12   7.972204e-12
            376            420   1.560590e-02   1.404234e-02   1.530871e-02   1.560590e-02   1.404234e-02   1.530871e-02   1.344386e-03   1.690756e-03   1.555608e-11   3.544491e-11   1.079352e-07   7.489037e-04   2.400000e+10   5.372956e-08   2.686478e-08  -3.620989e-09   1.560590e-02   1.404234e-02   1.530871e-02   4.830532e-08   2.268554e-08   6.231181e-09   1.266231e-08  -2.318633e-08  -4.876098e-09   1.409067e-04   7.412993e+02   8.990456e-01   4.222171e-01   1.159731e-01
            419            264   1.620213e-02   9.823968e-03   1.428386e-02   1.620213e-02   9.823968e-03   1.428386e-02   1.686837e-03   1.664349e-03   9.954830e-12   1.465040e-09   9.132220e-08   8.377587e-04   2.400000e+10   2.895970e-19   1.447985e-19  -2.549367e-19   1.620213e-02   9.823968e-03   1.428386e-02  -4.721416e-20   1.290136e-19   2.549367e-19   1.363219e-19  -4.715621e-20   1.261862e-20   6.175782e-03   1.132789e+14  -1.622976e-12   4.434812e-12   8.763391e-12
            211            250   1.423179e-02   1.823343e-02   1.403197e-02   1.423179e-02   1.823343e-02   1.403197e-02   8.451285e-04   1.688156e-03   9.993195e-12   7.605927e-10   7.502014e-08   5.631854e-04   2.400000e+10   2.397379e-19   1.198689e-19  -7.050102e-20   1.423179e-02   1.823343e-02   1.403197e-02  -2.215255e-19   5.856882e-20   7.050102e-20  -4.545488e-20  -5.734518e-21  -1.107679e-19   8.732951e-03   6.806324e+14  -9.234034e-12   2.441373e-12   2.938753e-12
            256            250   1.701928e-02   1.690868e-02   1.295566e-02   1.701928e-02   1.690868e-02   1.295566e-02   9.519196e-04   3.011125e-03   1.000107e-11   3.289591e-09   8.504979e-08   7.232694e-04   2.400000e+10   2.721884e-08   1.467857e-10  -4.956308e-09   1.701928e-02   1.690868e-02   1.295566e-02   1.238071e-08  -2.356174e-08   5.694546e-09   7.695728e-11   1.033176e-11  -1.245668e-10   7.004704e-05   1.311434e+03   4.548580e-01  -8.656408e-01   2.092134e-01
            256            252   1.762471e-02   1.623316e-02   1.256062e-02   1.762471e-02   1.623316e-02   1.256062e-02   1.180663e-03   2.769805e-03   9.974517e-12   1.367497e-09   9.086764e-08   8.278022e-04   2.400000e+10   2.892964e-19   1.446482e-19  -2.627804e-19   1.762471e-02   1.623316e-02   1.256062e-02  -1.164451e-19   3.285437e-20   2.627804e-19  -5.931786e-20   1.187671e-19  -5.743583e-20   4.579931e-03   1.234096e+14  -4.014858e-12   1.132771e-12   9.060284e-12
            380            296   1.520801e-02   1.510464e-02   1.198378e-02   1.520801e-02   1.510464e-02   1.198378e-02   9.439710e-04   1.168991e-03   9.467263e-12   4.104546e-08   7.031553e-08   5.222496e-04   2.400000e+10   2.016741e-19   1.008370e-19  -4.336027e-20   1.520801e-02   1.510464e-02   1.198378e-02  -1.967243e-19  -9.585930e-21   4.336027e-20   3.703430e-20  -7.960700e-20   4.959129e-20   3.863248e-03   1.546163e+13  -9.234901e-12  -4.499959e-13   2.035478e-12
            292            276   1.854935e-02   1.128278e-02   1.014677e-02   1.854935e-02   1.128278e-02   1.014677e-02   1.435089e-03   1.625918e-03   3.329120e-12   1.949034e-08   5.037573e-08   7.622776e-04   2.400000e+10   1.786612e-20   8.933061e-21  -1.495803e-20   1.854935e-02   1.128278e-02   1.014677e-02  -4.353616e-21  -8.746519e-21   1.495803e-20   6.007340e-21   4.801595e-21   4.544902e-21   1.183690e-02   1.087098e+14  -8.112400e-13  -1.629800e-12   2.787236e-12
            312            257   1.160540e-02   1.566114e-02   1.014166e-02   1.160540e-02   1.566114e-02   1.014166e-02   1.496687e-03   1.578064e-03   9.814817e-12   2.774789e-10   8.682883e-08   7.681495e-04   2.400000e+10   2.676568e-19   1.338284e-19  -9.334544e-20   1.160540e-02   1.566114e-02   1.014166e-02  -2.368806e-19  -8.254920e-20   9.334544e-20   5.545669e-20  -1.021291e-20   1.213684e-19   1.124141e-02   3.441056e+14  -8.686272e-12  -3.027030e-12   3.422922e-12
