              6

              1
             14
          pos_x          pos_y          pos_z       normal_x       normal_y       normal_z        tangt_x        tangt_y        tangt_z          pentr
  -0.000000e+00   3.383697e-03   1.089035e-03  -4.719327e-12   0.000000e+00   0.000000e+00  -0.000000e+00   1.271563e-12  -4.110016e-13   2.083023e-14
  -0.000000e+00   8.955911e-03   1.324176e-03  -1.587213e-09   0.000000e+00   0.000000e+00   0.000000e+00   7.766200e-10   1.633167e-10   6.828416e-13
  -0.000000e+00   4.080609e-03   2.010346e-03  -3.726353e-10   0.000000e+00   0.000000e+00  -0.000000e+00   1.017171e-11   7.619638e-12   3.120706e-13
  -0.000000e+00   5.504369e-03   6.301909e-04  -2.524728e-10   0.000000e+00   0.000000e+00   0.000000e+00   1.226518e-10   2.986931e-11   2.880928e-13
  -0.000000e+00   9.123063e-04   4.253290e-03  -2.785614e-12   0.000000e+00   0.000000e+00  -0.000000e+00   9.535530e-15  -5.881749e-14   1.281353e-14
  -0.000000e+00   4.975700e-03   7.347265e-03  -9.555587e-10   0.000000e+00   0.000000e+00  -0.000000e+00  -8.500133e-11   3.658242e-10   5.564201e-13
  -0.000000e+00   2.106162e-03   1.493142e-02  -3.914746e-09   0.000000e+00   0.000000e+00  -0.000000e+00  -7.675498e-10  -1.421877e-09   1.434639e-12
  -0.000000e+00   1.392191e-02   2.758570e-03  -1.109261e-09   0.000000e+00   0.000000e+00  -0.000000e+00   2.851515e-12  -1.749078e-10   5.576887e-13
  -0.000000e+00   1.612725e-02   8.475198e-03  -2.327183e-10   0.000000e+00   0.000000e+00  -0.000000e+00   6.265689e-11   3.812643e-11   2.166433e-13
  -0.000000e+00   1.365290e-02   6.346922e-03  -1.265764e-08   0.000000e+00   0.000000e+00  -0.000000e+00   1.973045e-09   4.777960e-09   3.336604e-12
  -0.000000e+00   1.907331e-02   9.420486e-03  -1.295165e-11   0.000000e+00   0.000000e+00  -0.000000e+00  -1.598161e-12  -5.864705e-12   3.283506e-14
  -0.000000e+00   1.017445e-02   9.613405e-03  -5.115943e-10   0.000000e+00   0.000000e+00  -0.000000e+00   1.528922e-10  -4.912695e-11   3.697626e-13
  -0.000000e+00   1.744555e-02   1.502584e-02  -1.556317e-10   0.000000e+00   0.000000e+00  -0.000000e+00   8.543944e-12  -5.453917e-11   1.401856e-13
  -0.000000e+00   1.052863e-02   1.481665e-02  -2.198198e-09   0.000000e+00   0.000000e+00  -0.000000e+00   6.278738e-11  -2.696655e-10   1.004562e-12
                                               -2.396813e-08   0.000000e+00   0.000000e+00   0.000000e+00   2.319352e-09   3.406265e-09   6.404278e-13

              2
             14
          pos_x          pos_y          pos_z       normal_x       normal_y       normal_z        tangt_x        tangt_y        tangt_z          pentr
   2.000000e-02   1.782647e-03   6.318893e-03   1.188819e-09   0.000000e+00   0.000000e+00  -0.000000e+00  -6.448330e-11   5.536616e-10   5.129508e-13
   2.000000e-02   5.552683e-03   5.176711e-03   1.879401e-09   0.000000e+00   0.000000e+00  -0.000000e+00   6.764229e-10  -5.150029e-10   8.643988e-13
   2.000000e-02   8.612006e-03   6.007116e-03   7.478707e-09   0.000000e+00   0.000000e+00  -0.000000e+00  -4.591483e-10   2.189629e-10   2.045124e-12
   2.000000e-02   1.105828e-03   9.382573e-03   1.370851e-10   0.000000e+00   0.000000e+00  -0.000000e+00  -1.171767e-11   3.092266e-11   1.632965e-13
   2.000000e-02   1.013909e-02   7.425475e-03   3.754246e-10   0.000000e+00   0.000000e+00   0.000000e+00  -1.391878e-10   1.259471e-10   3.081563e-13
   2.000000e-02   2.170222e-03   1.528190e-02   1.499008e-09   0.000000e+00   0.000000e+00  -0.000000e+00   5.552628e-11  -1.460572e-10   7.747969e-13
   2.000000e-02   5.297670e-03   1.562048e-02   9.028058e-10   0.000000e+00   0.000000e+00  -0.000000e+00  -1.297044e-12  -2.831117e-12   5.106922e-13
   2.000000e-02   3.411752e-03   1.092148e-02   2.534783e-10   0.000000e+00   0.000000e+00  -0.000000e+00  -2.249893e-11   6.901562e-11   2.317729e-13
   2.000000e-02   1.632495e-02   5.085416e-03   9.758074e-10   0.000000e+00   0.000000e+00  -0.000000e+00  -2.386207e-10   3.980891e-10   5.649994e-13
   2.000000e-02   1.855927e-02   9.712450e-03   8.956010e-09   0.000000e+00   0.000000e+00  -0.000000e+00  -3.395554e-10  -8.626651e-10   2.168807e-12
   2.000000e-02   1.789080e-02   3.074032e-03   1.843856e-11   0.000000e+00   0.000000e+00   0.000000e+00  -1.222739e-25  -3.116608e-25   4.216419e-14
   2.000000e-02   1.228925e-02   6.535581e-04   1.407758e-13   0.000000e+00   0.000000e+00  -0.000000e+00   6.543712e-15   3.186517e-14   2.140649e-15
   2.000000e-02   1.307549e-02   1.641647e-02   1.941618e-08   0.000000e+00   0.000000e+00  -0.000000e+00   4.322550e-09  -3.536062e-10   3.805983e-12
   2.000000e-02   1.818866e-02   1.309986e-02   3.888634e-09   0.000000e+00   0.000000e+00  -0.000000e+00  -9.413371e-10   1.668644e-10   1.278831e-12
                                                4.696994e-08   0.000000e+00   0.000000e+00   0.000000e+00   2.836659e-09  -3.166672e-10   9.481510e-13

              3
             12
          pos_x          pos_y          pos_z       normal_x       normal_y       normal_z        tangt_x        tangt_y        tangt_z          pentr
   7.492440e-03  -0.000000e+00   2.501658e-03   0.000000e+00  -4.569838e-10   0.000000e+00   1.906143e-10   0.000000e+00   1.259950e-10   3.195905e-13
   8.798273e-04  -0.000000e+00   4.191101e-03   0.000000e+00  -1.060895e-11   0.000000e+00  -1.379598e-13  -0.000000e+00   2.247536e-12   3.202307e-14
   7.757876e-03  -0.000000e+00   8.558464e-03   0.000000e+00  -4.037530e-09   0.000000e+00  -1.874109e-09  -0.000000e+00  -4.044275e-11   1.466275e-12
   1.862163e-02  -0.000000e+00   9.441778e-03   0.000000e+00  -1.298765e-10   0.000000e+00  -1.702736e-11  -0.000000e+00  -1.047130e-11   1.324273e-13
   1.539807e-02  -0.000000e+00   9.754675e-04   0.000000e+00  -4.288230e-13   0.000000e+00   2.681711e-14  -0.000000e+00   1.355880e-13   4.275355e-15
   1.090698e-02  -0.000000e+00   6.294448e-03   0.000000e+00  -2.216886e-10   0.000000e+00  -4.184983e-11  -0.000000e+00  -6.446109e-11   2.242239e-13
   1.451719e-02  -0.000000e+00   9.081309e-03   0.000000e+00  -7.332764e-08   0.000000e+00   1.484564e-08  -0.000000e+00   2.391361e-08   9.228895e-12
   1.045293e-02  -0.000000e+00   3.250133e-03   0.000000e+00  -7.198742e-11   0.000000e+00  -1.478854e-11  -0.000000e+00  -2.611448e-13   8.792599e-14
   1.706731e-02  -0.000000e+00   9.391033e-03   0.000000e+00  -2.140175e-10   0.000000e+00  -5.567543e-12  -0.000000e+00   3.015643e-12   2.552994e-13
   1.221619e-02  -0.000000e+00   6.714827e-03   0.000000e+00  -1.874460e-10   0.000000e+00  -3.142211e-12  -0.000000e+00   1.222436e-12   1.911805e-13
   1.306791e-02  -0.000000e+00   1.652244e-02   0.000000e+00  -9.078211e-10   0.000000e+00   2.720164e-12  -0.000000e+00  -5.527040e-12   5.739095e-13
   1.744477e-02  -0.000000e+00   1.521487e-02   0.000000e+00  -5.511490e-09   0.000000e+00   9.833842e-10  -0.000000e+00   1.862841e-09   1.648516e-12
                                                0.000000e+00  -8.507752e-08   0.000000e+00   1.406576e-08   0.000000e+00   2.578790e-08   1.180379e-12

              4
              7
          pos_x          pos_y          pos_z       normal_x       normal_y       normal_z        tangt_x        tangt_y        tangt_z          pentr
   3.914382e-03   2.000000e-02   4.083899e-03   0.000000e+00   1.101449e-09   0.000000e+00   1.982311e-10  -0.000000e+00   1.018493e-10   5.364285e-13
   3.683077e-03   2.000000e-02   9.588389e-03   0.000000e+00   2.490412e-09   0.000000e+00  -6.452750e-11  -0.000000e+00  -1.323426e-11   7.839666e-13
   8.285930e-03   2.000000e-02   9.474651e-03   0.000000e+00   1.362506e-10   0.000000e+00  -6.060018e-12  -0.000000e+00  -4.575475e-12   1.374977e-13
   7.530133e-04   2.000000e-02   9.421050e-03   0.000000e+00   1.587820e-11   0.000000e+00  -2.199711e-13  -0.000000e+00   1.892741e-12   4.425627e-14
   1.613194e-03   2.000000e-02   1.139009e-02   0.000000e+00   1.651097e-10   0.000000e+00   3.022816e-11  -0.000000e+00   6.921712e-11   1.775004e-13
   1.371502e-02   2.000000e-02   1.877187e-03   0.000000e+00   2.314838e-09   0.000000e+00   2.785938e-10   0.000000e+00  -1.123389e-09   9.870785e-13
   1.796137e-02   2.000000e-02   1.065360e-02   0.000000e+00   9.274253e-10   0.000000e+00   1.874393e-10  -0.000000e+00  -8.437746e-11   6.851672e-13
                                                0.000000e+00   7.151362e-09   0.000000e+00   6.236850e-10   0.000000e+00  -1.052617e-09   4.788422e-13

              5
             21
          pos_x          pos_y          pos_z       normal_x       normal_y       normal_z        tangt_x        tangt_y        tangt_z          pentr
   6.354829e-03   1.428024e-03  -0.000000e+00   0.000000e+00   0.000000e+00  -1.047200e-11  -2.086586e-12  -2.508061e-12  -0.000000e+00   2.437630e-14
   4.416690e-03   6.642610e-03  -0.000000e+00   0.000000e+00   0.000000e+00  -4.403891e-11  -2.197939e-11  -1.327750e-12   0.000000e+00   8.943664e-14
   5.113156e-03   3.499573e-03  -0.000000e+00   0.000000e+00   0.000000e+00  -3.747402e-10  -1.837885e-10  -3.646022e-11   0.000000e+00   3.136737e-13
   6.134945e-03   6.727052e-03  -0.000000e+00   0.000000e+00   0.000000e+00  -3.939480e-10   1.872684e-10   6.106803e-11   0.000000e+00   3.419499e-13
   8.473353e-03   5.116148e-03  -0.000000e+00   0.000000e+00   0.000000e+00  -6.935276e-10  -2.397410e-10   1.809224e-10  -0.000000e+00   4.343625e-13
   9.428407e-03   2.210768e-03  -0.000000e+00   0.000000e+00   0.000000e+00  -7.026453e-12  -7.114145e-13  -1.730234e-12  -0.000000e+00   1.681248e-14
   6.752693e-03   1.507131e-02  -0.000000e+00   0.000000e+00   0.000000e+00  -2.867159e-09   9.504516e-10   8.686781e-10  -0.000000e+00   1.167344e-12
   3.128451e-03   1.264429e-02  -0.000000e+00   0.000000e+00   0.000000e+00  -4.361081e-10   1.512066e-10  -1.195051e-10  -0.000000e+00   3.326316e-13
   4.963531e-03   1.615800e-02  -0.000000e+00   0.000000e+00   0.000000e+00  -8.569982e-11   3.740794e-12  -2.133178e-11  -0.000000e+00   9.778793e-14
   9.656225e-03   1.897401e-02  -0.000000e+00   0.000000e+00   0.000000e+00  -6.405394e-12   2.598427e-14   1.452240e-12  -0.000000e+00   2.613488e-14
   8.800110e-03   1.365857e-02  -0.000000e+00   0.000000e+00   0.000000e+00  -2.845501e-09  -7.526435e-10  -6.168425e-10  -0.000000e+00   1.046177e-12
   9.857669e-03   1.593077e-02  -0.000000e+00   0.000000e+00   0.000000e+00  -1.089901e-10   5.008113e-11   2.148472e-11   0.000000e+00   1.308488e-13
   1.608542e-02   8.117119e-03  -0.000000e+00   0.000000e+00   0.000000e+00  -1.167894e-10  -1.657402e-11  -1.469861e-11  -0.000000e+00   1.397420e-13
   1.252623e-02   4.982367e-03  -0.000000e+00   0.000000e+00   0.000000e+00  -1.343515e-10   2.561927e-12  -9.813121e-13  -0.000000e+00   1.718105e-13
   1.830469e-02   3.754325e-03  -0.000000e+00   0.000000e+00   0.000000e+00  -1.691727e-11  -1.106216e-25   2.285044e-25   0.000000e+00   3.773112e-14
   1.520515e-02   1.249891e-03  -0.000000e+00   0.000000e+00   0.000000e+00  -1.323519e-13  -9.427747e-15   6.097766e-14  -0.000000e+00   1.647028e-15
   1.347257e-02   9.126824e-03  -0.000000e+00   0.000000e+00   0.000000e+00  -2.367997e-10   1.859022e-11   3.572939e-11  -0.000000e+00   2.286360e-13
   1.679141e-02   1.495207e-02  -0.000000e+00   0.000000e+00   0.000000e+00  -5.483193e-10   2.285821e-10   1.254086e-10  -0.000000e+00   3.742569e-13
   1.576836e-02   1.918708e-02  -0.000000e+00   0.000000e+00   0.000000e+00  -1.053555e-11  -2.541279e-12   4.337181e-12  -0.000000e+00   3.402963e-14
   1.896012e-02   1.215498e-02  -0.000000e+00   0.000000e+00   0.000000e+00  -2.130687e-14  -3.910223e-15  -5.015442e-16  -0.000000e+00   4.422924e-16
   1.490925e-02   1.434173e-02  -0.000000e+00   0.000000e+00   0.000000e+00  -2.154943e-10  -6.189727e-11   5.507541e-11  -0.000000e+00   2.074062e-13
                                                0.000000e+00   0.000000e+00  -9.152977e-09   3.105324e-10   5.388309e-10   0.000000e+00   2.484398e-13

              6
              0
          pos_x          pos_y          pos_z       normal_x       normal_y       normal_z        tangt_x        tangt_y        tangt_z          pentr
                                                0.000000e+00   0.000000e+00   0.000000e+00   0.000000e+00   0.000000e+00   0.000000e+00   0.000000e+00

