     iteration=         600000       process=              0       (i,j,k)=              0              0              0       (x,y,z)=   5.000000e-03   5.000000e-03   5.031918e-03     particles=             78
fabric=[ ...   
   2.275731e-01  -8.167000e-03   2.392843e-02;
  -8.167000e-03   1.506629e-01   2.330106e-02;
   2.392843e-02   2.330106e-02   1.986871e-01]
sigma=[ ...    
   1.936654e-05   4.524190e-05  -3.639896e-04;
  -3.564367e-04  -9.880402e-05  -1.699958e-05;
   1.784447e-05   3.811687e-04   4.459493e-05]
sigmaDot=[ ... 
  -1.824356e+01   1.157204e+02  -7.417967e+02;
  -7.279442e+02  -3.000743e+02   2.156047e+01;
   1.172451e+02   7.544106e+02  -5.753433e+01]
intgraE=[ ...  
   2.305416e-03  -5.513466e-05   4.903302e-03;
  -5.513466e-05   3.077727e-03   6.115155e-03;
   4.903302e-03   6.115155e-03   1.698826e-02]
E=[ ...        
   2.617100e-03  -1.583874e-04   4.954057e-03;
  -1.583874e-04   3.582152e-03   6.439582e-03;
   4.954057e-03   6.439582e-03   1.798507e-02]
e=[ ...        
   2.566656e-03  -2.159463e-04   4.788536e-03;
  -2.159463e-04   3.459299e-03   6.144610e-03;
   4.788536e-03   6.144610e-03   1.724648e-02]
intgraF=[ ...  
   1.002294e+00   2.015406e-03   6.128588e-03;
  -2.152233e-03   1.003040e+00   4.189048e-03;
   3.612217e-03   7.883580e-03   1.016819e+00]
F=[ ...        
   1.002605e+00   1.736836e-03   6.086846e-03;
  -2.080498e-03   1.003543e+00   4.778294e-03;
   3.748642e-03   7.932202e-03   1.017797e+00]
R=[ ...        
   9.999975e-01   1.896247e-03   1.149724e-03;
  -1.894456e-03   9.999970e-01  -1.556682e-03;
  -1.152673e-03   1.554500e-03   9.999981e-01]
U=[ ...        
   1.002602e+00  -1.734793e-04   4.904592e-03;
  -1.734793e-04   1.003556e+00   6.371987e-03;
   4.904592e-03   6.371987e-03   1.017794e+00]
l=[ ...        
   5.581714e-03   5.916322e-03   1.732792e-02;
  -7.238729e-03   8.603555e-03   1.344984e-02;
   1.414314e-02   2.385367e-02   5.353673e-02]
d=[ ...        
   5.581714e-03  -6.612038e-04   1.573553e-02;
  -6.612038e-04   8.603555e-03   1.865176e-02;
   1.573553e-02   1.865176e-02   5.353673e-02]
     iteration=         600000       process=              1       (i,j,k)=              0              0              1       (x,y,z)=   5.000000e-03   5.000000e-03   1.509575e-02     particles=             46
fabric=[ ...   
   9.460568e-02   1.834766e-02  -6.872317e-04;
   1.834766e-02   5.332029e-02   4.093124e-02;
  -6.872317e-04   4.093124e-02   3.389221e-02]
sigma=[ ...    
  -1.144760e-03  -3.105085e-03  -3.891774e-03;
  -2.809536e-03  -2.822581e-03  -2.222147e-03;
  -2.288821e-03  -7.973865e-03  -4.473284e-03]
sigmaDot=[ ... 
   2.269343e+01   5.490509e+01   7.044376e+01;
   5.570133e+01   5.542957e+01   4.432819e+01;
   4.029031e+01   1.482187e+02   8.706634e+01]
intgraE=[ ...  
   2.942673e-03  -1.780898e-03   7.354968e-03;
  -1.780898e-03   6.535140e-03   2.421867e-04;
   7.354968e-03   2.421867e-04   4.571042e-03]
E=[ ...        
   4.035945e-03  -1.907386e-03   7.877649e-03;
  -1.907386e-03   6.039320e-03  -2.723771e-04;
   7.877649e-03  -2.723771e-04   6.363839e-03]
e=[ ...        
   3.735103e-03  -1.944526e-03   7.675055e-03;
  -1.944526e-03   5.966659e-03  -2.594841e-04;
   7.675055e-03  -2.594841e-04   6.297946e-03]
intgraF=[ ...  
   1.002809e+00  -1.972195e-03  -1.416466e-03;
  -1.760869e-03   1.006444e+00  -1.123020e-02;
   1.603848e-02   1.173138e-02   1.004497e+00]
F=[ ...        
   1.003883e+00  -1.595883e-03  -1.287047e-03;
  -2.374350e-03   1.005966e+00  -1.094127e-02;
   1.691508e-02   1.039443e-02   1.006283e+00]
R=[ ...        
   9.999589e-01   2.967217e-04  -9.066413e-03;
  -3.928969e-04   9.999437e-01  -1.060792e-02;
   9.062755e-03   1.061104e-02   9.999026e-01]
U=[ ...        
   1.003995e+00  -1.896856e-03   7.837004e-03;
  -1.896856e-03   1.006019e+00  -2.633205e-04;
   7.837004e-03  -2.633205e-04   1.006313e+00]
l=[ ...        
   6.405686e-03  -3.665714e-03  -1.052776e-03;
  -1.157124e-02   1.494451e-02  -3.599124e-02;
   5.449382e-02   3.681319e-02   2.697206e-02]
d=[ ...        
   6.405686e-03  -7.618477e-03   2.672052e-02;
  -7.618477e-03   1.494451e-02   4.109777e-04;
   2.672052e-02   4.109777e-04   2.697206e-02]
     iteration=         600000       process=              2       (i,j,k)=              0              1              0       (x,y,z)=   5.000000e-03   1.500000e-02   5.031918e-03     particles=             80
fabric=[ ...   
   1.730346e-01   4.250503e-02   8.292277e-03;
   4.250503e-02   1.518222e-01   3.954069e-02;
   8.292277e-03   3.954069e-02   2.465718e-01]
sigma=[ ...    
  -2.745988e-05   1.299670e-05  -1.051966e-04;
   2.958801e-05   2.747070e-05  -1.077822e-05;
  -2.008428e-05   1.057499e-05   1.994916e-05]
sigmaDot=[ ... 
   6.953611e+01  -5.203511e+01  -3.081139e+00;
  -1.518778e+02   3.574424e+01   6.977451e+01;
  -9.208422e+01   9.430452e+01   1.034215e+02]
intgraE=[ ...  
   1.505756e-03  -1.888020e-04   4.082844e-03;
  -1.888020e-04   1.111780e-03  -3.728776e-03;
   4.082844e-03  -3.728776e-03   1.163936e-02]
E=[ ...        
   2.050878e-03  -8.685178e-05   3.960743e-03;
  -8.685178e-05   1.475986e-03  -4.082690e-03;
   3.960743e-03  -4.082690e-03   1.321807e-02]
e=[ ...        
   1.997605e-03  -3.167809e-05   3.823579e-03;
  -3.167809e-05   1.407249e-03  -3.918078e-03;
   3.823579e-03  -3.918078e-03   1.286310e-02]
intgraF=[ ...  
   1.001489e+00  -4.863166e-04   2.484785e-03;
   1.566519e-04   1.001075e+00   1.083309e-03;
   5.612108e-03  -8.443141e-03   1.011569e+00]
F=[ ...        
   1.002032e+00  -3.885968e-04   2.002471e-03;
   2.627519e-04   1.001442e+00   6.906213e-05;
   5.838273e-03  -8.127056e-03   1.013130e+00]
R=[ ...        
   9.999981e-01  -3.171033e-04  -1.904620e-03;
   3.248481e-04   9.999917e-01   4.067386e-03;
   1.903314e-03  -4.067998e-03   9.999899e-01]
U=[ ...        
   1.002041e+00  -7.874794e-05   3.930794e-03;
  -7.874794e-05   1.001467e+00  -4.052983e-03;
   3.930794e-03  -4.052983e-03   1.013116e+00]
l=[ ...        
   5.470895e-03  -1.233357e-03   9.194965e-03;
  -2.474329e-04   3.753479e-03   1.707258e-04;
   1.760146e-02  -2.807050e-02   3.508045e-02]
d=[ ...        
   5.470895e-03  -7.403950e-04   1.339821e-02;
  -7.403950e-04   3.753479e-03  -1.394989e-02;
   1.339821e-02  -1.394989e-02   3.508045e-02]
     iteration=         600000       process=              3       (i,j,k)=              0              1              1       (x,y,z)=   5.000000e-03   1.500000e-02   1.509575e-02     particles=             38
fabric=[ ...   
   2.901459e-01   1.168610e-01   4.829711e-02;
   1.168610e-01   3.317342e-01   5.816161e-02;
   4.829711e-02   5.816161e-02   9.240561e-02]
sigma=[ ...    
  -2.362841e-03  -5.492566e-03   5.797545e-04;
  -2.091164e-03  -4.911771e-03  -4.276263e-03;
  -3.390697e-03  -4.863721e-03  -8.977723e-03]
sigmaDot=[ ... 
   4.432215e+01   9.951802e+01  -1.527947e+01;
   3.268050e+01   9.371429e+01   7.458230e+01;
   6.298500e+01   8.748071e+01   1.720236e+02]
intgraE=[ ...  
   2.777610e-03   1.351222e-03   5.591463e-03;
   1.351222e-03  -3.531987e-03  -8.960960e-03;
   5.591463e-03  -8.960960e-03   1.840287e-02]
E=[ ...        
   3.284672e-03  -2.019429e-03   4.603141e-03;
  -2.019429e-03  -2.309850e-03  -1.587451e-02;
   4.603141e-03  -1.587451e-02   1.546020e-02]
e=[ ...        
   3.124942e-03  -1.568756e-03   4.342679e-03;
  -1.568756e-03  -3.474304e-03  -1.509430e-02;
   4.342679e-03  -1.509430e-02   1.522447e-02]
intgraF=[ ...  
   1.002634e+00   1.327061e-04  -5.606463e-03;
   2.955770e-03   9.962019e-01   5.265811e-03;
   1.648838e-02  -2.275272e-02   1.018208e+00]
F=[ ...        
   1.003134e+00  -6.308428e-03  -7.854998e-03;
   2.913327e-03   9.969962e-01   5.370067e-03;
   1.681305e-02  -3.659272e-02   1.015298e+00]
R=[ ...        
   9.999143e-01  -4.530602e-03  -1.228472e-02;
   4.785474e-03   9.997723e-01   2.079771e-02;
   1.218769e-02  -2.085471e-02   9.997082e-01]
U=[ ...        
   1.003267e+00  -1.982769e-03   4.545515e-03;
  -1.982769e-03   9.975609e-01  -1.576931e-02;
   4.545515e-03  -1.576931e-02   1.015210e+00]
l=[ ...        
   1.044356e-02  -6.107796e-03  -2.275945e-02;
   1.247764e-02  -1.210630e-02   9.032379e-03;
   5.487425e-02  -7.678069e-02   6.094637e-02]
d=[ ...        
   1.044356e-02   3.184922e-03   1.605740e-02;
   3.184922e-03  -1.210630e-02  -3.387415e-02;
   1.605740e-02  -3.387415e-02   6.094637e-02]
     iteration=         600000       process=              4       (i,j,k)=              1              0              0       (x,y,z)=   1.500000e-02   5.000000e-03   5.031918e-03     particles=             73
fabric=[ ...   
   1.988182e-01   1.954116e-02   5.784375e-02;
   1.954116e-02   3.644103e-01  -2.487326e-02;
   5.784375e-02  -2.487326e-02   2.444639e-01]
sigma=[ ...    
  -2.525248e-03  -1.851084e-03   8.203578e-04;
   2.386906e-03  -1.573242e-02  -1.082699e-03;
   2.134468e-04  -3.465519e-03  -4.750696e-03]
sigmaDot=[ ... 
   4.282523e+01   4.597912e+01   8.933721e+01;
   4.155952e+01   1.486991e+01  -3.461742e+01;
   1.025074e+01  -1.237820e+02  -4.595886e+00]
intgraE=[ ...  
   3.853794e-04   5.607604e-05  -4.665191e-03;
   5.607604e-05  -2.414080e-03   2.419204e-03;
  -4.665191e-03   2.419204e-03   1.766444e-02]
E=[ ...        
  -2.085660e-02   6.511201e-04  -1.572092e-03;
   6.511201e-04  -2.241330e-03   2.317979e-03;
  -1.572092e-03   2.317979e-03   1.824034e-02]
e=[ ...        
  -2.177923e-02   6.833968e-04  -1.490955e-03;
   6.833968e-04  -2.278637e-03   2.168695e-03;
  -1.490955e-03   2.168695e-03   1.760793e-02]
intgraF=[ ...  
   1.000334e+00  -1.178123e-03   8.985386e-04;
   1.357433e-03   9.975623e-01  -1.588272e-03;
  -1.005107e-02   6.313324e-03   1.017509e+00]
F=[ ...        
   9.789122e-01  -2.377797e-04   8.626115e-04;
   1.562661e-03   9.977371e-01  -1.639172e-03;
  -3.915274e-03   6.160278e-03   1.018075e+00]
R=[ ...        
   9.999967e-01  -9.059631e-04   2.396597e-03;
   9.152292e-04   9.999921e-01  -3.868101e-03;
  -2.393073e-03   3.870282e-03   9.999896e-01]
U=[ ...        
   9.789197e-01   6.606372e-04  -1.575220e-03;
   6.606372e-04   9.977533e-01   2.300297e-03;
  -1.575220e-03   2.300297e-03   1.018073e+00]
l=[ ...        
  -6.128291e-04  -4.165611e-03  -4.842375e-04;
   2.622075e-03  -8.723889e-03  -1.476619e-03;
  -3.227411e-02   2.149573e-02   5.844847e-02]
d=[ ...        
  -6.128291e-04  -7.717677e-04  -1.637917e-02;
  -7.717677e-04  -8.723889e-03   1.000956e-02;
  -1.637917e-02   1.000956e-02   5.844847e-02]
     iteration=         600000       process=              5       (i,j,k)=              1              0              1       (x,y,z)=   1.500000e-02   5.000000e-03   1.509575e-02     particles=             39
fabric=[ ...   
   3.885211e-01   4.916171e-02   5.914347e-02;
   4.916171e-02   1.898614e-01  -2.183103e-02;
   5.914347e-02  -2.183103e-02   1.216174e-01]
sigma=[ ...    
  -4.753276e-03   2.688989e-03  -3.156821e-03;
   3.759708e-03  -4.779872e-03   2.933299e-03;
  -3.898061e-03   6.797132e-04  -2.515003e-03]
sigmaDot=[ ... 
   2.351099e+01  -4.085470e+00   7.537583e+00;
  -1.547365e+01   1.792909e+01  -1.180023e+01;
   1.748695e+01   4.605992e+00   6.895915e+00]
intgraE=[ ...  
  -1.961044e-04  -2.601322e-03  -6.892338e-03;
  -2.601322e-03   1.218963e-03   7.452227e-03;
  -6.892338e-03   7.452227e-03   1.004602e-02]
E=[ ...        
   1.431168e-04  -2.601195e-03  -6.144224e-03;
  -2.601195e-03   1.613714e-03   7.843519e-03;
  -6.144224e-03   7.843519e-03   1.219003e-02]
e=[ ...        
  -1.590509e-04  -2.341784e-03  -5.743504e-03;
  -2.341784e-03   1.433017e-03   7.621582e-03;
  -5.743504e-03   7.621582e-03   1.197153e-02]
intgraF=[ ...  
   9.994933e-01  -6.984407e-04   1.103649e-02;
  -4.224595e-03   1.001155e+00   3.594837e-03;
  -2.455655e-02   1.120194e-02   1.009929e+00]
F=[ ...        
   9.998490e-01  -8.232024e-04   1.192213e-02;
  -4.105552e-03   1.001550e+00   4.368636e-03;
  -2.390312e-02   1.118679e-02   1.012037e+00]
R=[ ...        
   9.998404e-01   1.610665e-03   1.779096e-02;
  -1.550724e-03   9.999931e-01  -3.382507e-03;
  -1.779628e-02   3.354379e-03   9.998360e-01]
U=[ ...        
   1.000121e+00  -2.575281e-03  -6.097043e-03;
  -2.575281e-03   1.001579e+00   7.782564e-03;
  -6.097043e-03   7.782564e-03   1.012068e+00]
l=[ ...        
  -2.279381e-03  -2.268037e-03   2.964116e-02;
  -9.962966e-03   3.426354e-03   1.295960e-02;
  -7.837673e-02   3.759659e-02   4.002924e-02]
d=[ ...        
  -2.279381e-03  -6.115502e-03  -2.436778e-02;
  -6.115502e-03   3.426354e-03   2.527809e-02;
  -2.436778e-02   2.527809e-02   4.002924e-02]
     iteration=         600000       process=              6       (i,j,k)=              1              1              0       (x,y,z)=   1.500000e-02   1.500000e-02   5.031918e-03     particles=             65
fabric=[ ...   
   2.827448e-01  -2.479967e-02   4.280306e-02;
  -2.479967e-02   9.812102e-02  -1.799139e-03;
   4.280306e-02  -1.799139e-03   2.100432e-01]
sigma=[ ...    
  -1.015226e-04  -8.410202e-06   5.656297e-05;
   1.853019e-05  -1.008537e-04   8.837850e-05;
   3.173794e-05  -4.288035e-05   1.276466e-05]
sigmaDot=[ ... 
   8.066733e-01  -7.518964e-01  -3.397484e+00;
   3.348194e+00   4.669203e-01  -3.965812e-01;
  -9.213198e-01   4.862742e+00   4.900517e-01]
intgraE=[ ...  
  -1.024649e-03   2.059649e-03  -1.633994e-03;
   2.059649e-03   1.037593e-03  -4.275490e-03;
  -1.633994e-03  -4.275490e-03   1.663573e-02]
E=[ ...        
  -5.551372e-04   2.341248e-03  -1.358864e-03;
   2.341248e-03   1.092685e-03  -4.465586e-03;
  -1.358864e-03  -4.465586e-03   1.771330e-02]
e=[ ...        
  -5.745550e-04   2.317013e-03  -1.272777e-03;
   2.317013e-03   1.017845e-03  -4.256880e-03;
  -1.272777e-03  -4.256880e-03   1.709443e-02]
intgraF=[ ...  
   9.989661e-01   2.034310e-03   4.211656e-04;
   2.059291e-03   1.001010e+00  -1.340190e-03;
  -3.626133e-03  -7.093264e-03   1.016499e+00]
F=[ ...        
   9.994376e-01   2.234398e-03   2.173725e-04;
   2.426029e-03   1.001064e+00  -1.601281e-03;
  -2.880518e-03  -7.202218e-03   1.017558e+00]
R=[ ...        
   9.999988e-01  -9.638978e-05   1.532346e-03;
   9.214035e-05   9.999962e-01   2.772986e-03;
  -1.532607e-03  -2.772841e-03   9.999950e-01]
U=[ ...        
   9.994411e-01   2.337672e-03  -1.342292e-03;
   2.337672e-03   1.001080e+00  -4.422822e-03;
  -1.342292e-03  -4.422822e-03   1.017549e+00]
l=[ ...        
  -6.608024e-03   8.145874e-03  -3.303092e-05;
   9.186189e-03   2.227437e-03  -4.776052e-03;
  -1.183186e-02  -2.100394e-02   5.338704e-02]
d=[ ...        
  -6.608024e-03   8.666031e-03  -5.932448e-03;
   8.666031e-03   2.227437e-03  -1.289000e-02;
  -5.932448e-03  -1.289000e-02   5.338704e-02]
     iteration=         600000       process=              7       (i,j,k)=              1              1              1       (x,y,z)=   1.500000e-02   1.500000e-02   1.509575e-02     particles=             46
fabric=[ ...   
   1.527598e-01   3.291762e-02  -2.610977e-02;
   3.291762e-02   9.115939e-02   4.503495e-03;
  -2.610977e-02   4.503495e-03   6.080798e-03]
sigma=[ ...    
   8.169490e-05  -2.364414e-05  -1.126361e-06;
   1.032879e-07   9.047177e-05   7.900882e-05;
  -5.344987e-05  -2.220619e-06   1.229439e-04]
sigmaDot=[ ... 
  -7.317848e-03  -6.822349e-03  -4.426687e-02;
  -1.928150e-02   5.887369e-03  -2.047153e-02;
  -3.683172e-02  -4.455144e-02   1.020806e-02]
intgraE=[ ...  
  -1.128311e-03   1.523045e-03  -4.859415e-03;
   1.523045e-03  -3.368667e-03   1.518581e-03;
  -4.859415e-03   1.518581e-03   1.569144e-02]
E=[ ...        
  -5.004401e-06   1.648014e-03  -4.308361e-03;
   1.648014e-03  -2.009068e-03   1.377689e-03;
  -4.308361e-03   1.377689e-03   1.544837e-02]
e=[ ...        
  -1.034624e-04   1.648532e-03  -4.091398e-03;
   1.648532e-03  -2.007865e-03   1.457275e-03;
  -4.091398e-03   1.457275e-03   1.498512e-02]
intgraF=[ ...  
   9.987985e-01   1.714860e-03   2.428974e-03;
   1.273712e-03   9.966099e-01   8.482875e-03;
  -1.196978e-02  -5.338209e-03   1.015532e+00]
F=[ ...        
   9.999313e-01   1.672775e-03   2.719477e-03;
   1.567653e-03   9.979736e-01   8.116373e-03;
  -1.117778e-02  -5.268517e-03   1.015295e+00]
R=[ ...        
   9.999763e-01   1.075755e-05   6.890558e-03;
  -5.652783e-05   9.999779e-01   6.642302e-03;
  -6.890334e-03  -6.642534e-03   9.999542e-01]
U=[ ...        
   9.999845e-01   1.652624e-03  -4.276766e-03;
   1.652624e-03   9.979866e-01   1.372093e-03;
  -4.276766e-03   1.372093e-03   1.015321e+00]
l=[ ...        
  -5.308222e-03   2.100561e-03   8.539460e-04;
   3.048425e-03  -1.078836e-02   3.437757e-02;
  -3.901464e-02  -1.539798e-02   5.173193e-02]
d=[ ...        
  -5.308222e-03   2.574493e-03  -1.908035e-02;
   2.574493e-03  -1.078836e-02   9.489795e-03;
  -1.908035e-02   9.489795e-03   5.173193e-02]
