              6

              1
             13
          pos_x          pos_y          pos_z       normal_x       normal_y       normal_z        tangt_x        tangt_y        tangt_z          pentr
  -0.000000e+00   3.384128e-03   1.089057e-03  -4.744183e-12   0.000000e+00   0.000000e+00  -0.000000e+00   2.226451e-12  -7.261774e-13   2.090288e-14
  -0.000000e+00   8.957441e-03   1.324905e-03  -1.579230e-09   0.000000e+00   0.000000e+00   0.000000e+00   7.730694e-10   1.607958e-10   6.803020e-13
  -0.000000e+00   4.086051e-03   2.000236e-03  -3.610074e-10   0.000000e+00   0.000000e+00  -0.000000e+00   1.539472e-11   1.264465e-11   3.061847e-13
  -0.000000e+00   5.502506e-03   6.257662e-04  -2.598178e-10   0.000000e+00   0.000000e+00   0.000000e+00   1.253296e-10   3.418796e-11   2.938825e-13
  -0.000000e+00   9.124348e-04   4.254541e-03  -2.757428e-12   0.000000e+00   0.000000e+00  -0.000000e+00   1.615191e-13  -9.959614e-13   1.272571e-14
  -0.000000e+00   4.974573e-03   7.330977e-03  -9.758082e-10   0.000000e+00   0.000000e+00  -0.000000e+00  -2.641184e-11   1.175031e-10   5.646234e-13
  -0.000000e+00   2.105126e-03   1.489607e-02  -3.121851e-08   0.000000e+00   0.000000e+00  -0.000000e+00  -7.010894e-09  -1.148021e-09   5.710722e-12
  -0.000000e+00   1.392274e-02   2.759032e-03  -8.710964e-10   0.000000e+00   0.000000e+00   0.000000e+00   1.341264e-23  -1.737430e-22   4.746654e-13
  -0.000000e+00   1.365816e-02   6.338789e-03  -1.383714e-08   0.000000e+00   0.000000e+00  -0.000000e+00   2.297672e-09   5.270114e-09   3.542415e-12
  -0.000000e+00   1.907318e-02   9.417745e-03  -1.348571e-11   0.000000e+00   0.000000e+00  -0.000000e+00  -1.690317e-12  -6.266524e-12   3.372845e-14
  -0.000000e+00   1.017773e-02   9.601700e-03  -4.942619e-10   0.000000e+00   0.000000e+00  -0.000000e+00   9.004801e-12  -2.927000e-12   3.616749e-13
  -0.000000e+00   1.744532e-02   1.502386e-02  -2.197934e-10   0.000000e+00   0.000000e+00  -0.000000e+00   1.104968e-11  -9.807068e-11   1.764446e-13
  -0.000000e+00   1.052218e-02   1.479037e-02  -2.085227e-09   0.000000e+00   0.000000e+00  -0.000000e+00   4.138210e-11  -2.640181e-10   9.724760e-13
                                               -5.192288e-08   0.000000e+00   0.000000e+00   0.000000e+00  -3.763706e-09   4.074221e-09   1.011596e-12

              2
             14
          pos_x          pos_y          pos_z       normal_x       normal_y       normal_z        tangt_x        tangt_y        tangt_z          pentr
   2.000000e-02   1.788856e-03   6.319674e-03   2.451238e-08   0.000000e+00   0.000000e+00  -0.000000e+00   1.984488e-09  -6.337372e-09   3.856488e-12
   2.000000e-02   8.615602e-03   6.007302e-03   8.549546e-09   0.000000e+00   0.000000e+00  -0.000000e+00  -3.825985e-09   1.771079e-09   2.235566e-12
   2.000000e-02   1.105880e-03   9.379482e-03   1.371049e-10   0.000000e+00   0.000000e+00  -0.000000e+00  -1.564123e-11   4.508952e-11   1.633069e-13
   2.000000e-02   1.014676e-02   7.414267e-03   3.619655e-10   0.000000e+00   0.000000e+00   0.000000e+00  -1.287235e-10   1.272204e-10   3.009155e-13
   2.000000e-02   2.169080e-03   1.526910e-02   1.443348e-09   0.000000e+00   0.000000e+00  -0.000000e+00   2.415715e-10  -6.007893e-10   7.558607e-13
   2.000000e-02   5.298377e-03   1.560969e-02   5.081277e-09   0.000000e+00   0.000000e+00  -0.000000e+00  -2.024322e-10   3.544180e-11   1.615229e-12
   2.000000e-02   3.409417e-03   1.091384e-02   2.574130e-10   0.000000e+00   0.000000e+00  -0.000000e+00  -2.281602e-11   7.031430e-11   2.343369e-13
   2.000000e-02   1.632671e-02   5.067657e-03   1.033598e-09   0.000000e+00   0.000000e+00  -0.000000e+00  -3.310300e-11   4.779996e-11   5.866245e-13
   2.000000e-02   1.856529e-02   9.687132e-03   2.161684e-08   0.000000e+00   0.000000e+00  -0.000000e+00   2.515393e-09   4.758327e-09   3.900973e-12
   2.000000e-02   1.789142e-02   3.073074e-03   1.202743e-10   0.000000e+00   0.000000e+00  -0.000000e+00  -3.500813e-12  -8.649978e-12   1.471635e-13
   2.000000e-02   1.228925e-02   6.535581e-04   1.435226e-13   0.000000e+00   0.000000e+00  -0.000000e+00   6.542128e-15   3.183205e-14   2.168404e-15
   2.000000e-02   1.364328e-02   8.309463e-03   1.714112e-09   0.000000e+00   0.000000e+00  -0.000000e+00   6.880600e-10  -3.522744e-11   7.812327e-13
   2.000000e-02   1.306601e-02   1.640210e-02   3.967343e-09   0.000000e+00   0.000000e+00  -0.000000e+00  -5.512076e-10   2.755467e-10   1.318300e-12
   2.000000e-02   1.818973e-02   1.307546e-02   3.691826e-09   0.000000e+00   0.000000e+00  -0.000000e+00  -7.188334e-10   1.623233e-10   1.239158e-12
                                                7.248717e-08   0.000000e+00   0.000000e+00   0.000000e+00  -7.272342e-11   3.111351e-10   1.224094e-12

              3
             12
          pos_x          pos_y          pos_z       normal_x       normal_y       normal_z        tangt_x        tangt_y        tangt_z          pentr
   7.490021e-03  -0.000000e+00   2.502295e-03   0.000000e+00  -4.565938e-10   0.000000e+00   1.913450e-10   0.000000e+00   1.245254e-10   3.193176e-13
   8.799829e-04  -0.000000e+00   4.192265e-03   0.000000e+00  -1.065708e-11   0.000000e+00  -4.541927e-14  -0.000000e+00   7.237990e-13   3.211653e-14
   7.754931e-03  -0.000000e+00   8.539277e-03   0.000000e+00  -3.930939e-09   0.000000e+00  -5.460420e-10  -0.000000e+00  -3.999606e-11   1.441776e-12
   1.862141e-02  -0.000000e+00   9.436974e-03   0.000000e+00  -1.306183e-10   0.000000e+00  -2.075694e-11  -0.000000e+00  -1.369985e-11   1.329186e-13
   1.539807e-02  -0.000000e+00   9.754675e-04   0.000000e+00  -4.288230e-13   0.000000e+00   2.654767e-14  -0.000000e+00   1.343920e-13   4.275355e-15
   1.090619e-02  -0.000000e+00   6.293211e-03   0.000000e+00  -2.107480e-10   0.000000e+00  -2.843222e-11  -0.000000e+00  -4.342734e-11   2.166790e-13
   1.451529e-02  -0.000000e+00   9.071972e-03   0.000000e+00  -1.735685e-09   0.000000e+00   3.239430e-10  -0.000000e+00   1.992323e-10   7.608005e-13
   1.045201e-02  -0.000000e+00   3.246903e-03   0.000000e+00  -7.154754e-11   0.000000e+00  -1.423416e-11  -0.000000e+00  -2.167036e-13   8.759240e-14
   1.706674e-02  -0.000000e+00   9.382083e-03   0.000000e+00  -2.144145e-10   0.000000e+00  -2.488336e-11  -0.000000e+00   1.361824e-11   2.556897e-13
   1.221647e-02  -0.000000e+00   6.706321e-03   0.000000e+00  -1.930728e-10   0.000000e+00  -4.757012e-12  -0.000000e+00   1.879672e-12   1.951009e-13
   1.306513e-02  -0.000000e+00   1.650738e-02   0.000000e+00  -8.450678e-07   0.000000e+00   1.333537e-07  -0.000000e+00   1.939354e-07   5.472274e-11
   1.744714e-02  -0.000000e+00   1.519713e-02   0.000000e+00  -5.378910e-09   0.000000e+00   9.208253e-10  -0.000000e+00   1.844428e-09   1.623298e-12
                                                0.000000e+00  -8.574015e-07   0.000000e+00   1.341507e-07   0.000000e+00   1.960226e-07   4.982692e-12

              4
              9
          pos_x          pos_y          pos_z       normal_x       normal_y       normal_z        tangt_x        tangt_y        tangt_z          pentr
   3.912372e-03   2.000000e-02   4.082270e-03   0.000000e+00   1.143433e-09   0.000000e+00   3.739560e-10  -0.000000e+00   1.774914e-10   5.500392e-13
   3.679513e-03   2.000000e-02   9.586678e-03   0.000000e+00   3.340451e-10   0.000000e+00  -5.387389e-11  -0.000000e+00  -1.499661e-10   2.054051e-13
   8.285131e-03   2.000000e-02   9.473791e-03   0.000000e+00   1.357140e-10   0.000000e+00  -5.361719e-11  -0.000000e+00  -4.027386e-11   1.371160e-13
   7.530869e-04   2.000000e-02   9.419240e-03   0.000000e+00   1.620741e-11   0.000000e+00  -3.563036e-13  -0.000000e+00   3.097176e-12   4.486342e-14
   2.273702e-03   2.000000e-02   1.565414e-02   0.000000e+00   4.263663e-10   0.000000e+00  -2.128462e-11  -0.000000e+00  -1.882595e-10   2.925334e-13
   1.612468e-03   2.000000e-02   1.138864e-02   0.000000e+00   1.647168e-10   0.000000e+00   1.109018e-11  -0.000000e+00   2.528614e-11   1.772402e-13
   1.654685e-02   2.000000e-02   8.540542e-03   0.000000e+00   1.007791e-08   0.000000e+00  -3.121237e-09  -0.000000e+00  -5.431859e-10   2.898244e-12
   1.371836e-02   2.000000e-02   1.876792e-03   0.000000e+00   2.255924e-09   0.000000e+00   2.613697e-10   0.000000e+00  -1.097262e-09   9.693045e-13
   1.795747e-02   2.000000e-02   1.063409e-02   0.000000e+00   8.567273e-10   0.000000e+00   1.572451e-10  -0.000000e+00  -4.400611e-11   6.492862e-13
                                                0.000000e+00   1.541104e-08   0.000000e+00  -2.446708e-09   0.000000e+00  -1.857079e-09   6.582258e-13

              5
             21
          pos_x          pos_y          pos_z       normal_x       normal_y       normal_z        tangt_x        tangt_y        tangt_z          pentr
   6.356102e-03   1.428142e-03  -0.000000e+00   0.000000e+00   0.000000e+00  -1.055376e-11  -1.333699e-12  -1.619558e-12  -0.000000e+00   2.450104e-14
   4.415444e-03   6.642175e-03  -0.000000e+00   0.000000e+00   0.000000e+00  -3.034945e-11  -1.511967e-11  -1.291486e-12   0.000000e+00   6.977933e-14
   5.112989e-03   3.503864e-03  -0.000000e+00   0.000000e+00   0.000000e+00  -3.592905e-10  -1.763790e-10  -3.410065e-11   0.000000e+00   3.047389e-13
   6.145324e-03   6.723866e-03  -0.000000e+00   0.000000e+00   0.000000e+00  -4.237555e-10   2.015588e-10   6.531650e-11   0.000000e+00   3.577844e-13
   9.428497e-03   2.210785e-03  -0.000000e+00   0.000000e+00   0.000000e+00  -7.194857e-12  -1.323761e-12  -3.185401e-12  -0.000000e+00   1.708005e-14
   1.049191e-03   1.583014e-02  -0.000000e+00   0.000000e+00   0.000000e+00  -1.028137e-15  -1.618350e-19   2.525339e-19  -0.000000e+00   7.302184e-17
   6.756090e-03   1.507451e-02  -0.000000e+00   0.000000e+00   0.000000e+00  -1.541966e-08   1.052745e-09   9.093219e-10  -0.000000e+00   3.581758e-12
   3.139655e-03   1.264880e-02  -0.000000e+00   0.000000e+00   0.000000e+00  -4.246085e-10   1.642932e-10  -1.339828e-10  -0.000000e+00   3.265197e-13
   4.967290e-03   1.615956e-02  -0.000000e+00   0.000000e+00   0.000000e+00  -8.609919e-11   7.388967e-13  -4.443842e-12  -0.000000e+00   9.807989e-14
   9.656323e-03   1.897403e-02  -0.000000e+00   0.000000e+00   0.000000e+00  -6.549092e-12   9.960845e-15   1.682031e-12  -0.000000e+00   2.652416e-14
   8.800766e-03   1.366649e-02  -0.000000e+00   0.000000e+00   0.000000e+00  -2.817363e-09  -7.865259e-10  -5.983660e-10  -0.000000e+00   1.038246e-12
   9.860042e-03   1.593360e-02  -0.000000e+00   0.000000e+00   0.000000e+00  -9.834147e-11   4.525063e-11   1.923905e-11   0.000000e+00   1.221672e-13
   1.608536e-02   8.115563e-03  -0.000000e+00   0.000000e+00   0.000000e+00  -1.109706e-10  -2.002863e-11  -1.687844e-11  -0.000000e+00   1.350523e-13
   1.252601e-02   4.982041e-03  -0.000000e+00   0.000000e+00   0.000000e+00  -1.340087e-10   5.143659e-11  -1.980610e-11  -0.000000e+00   1.715152e-13
   1.830695e-02   3.754555e-03  -0.000000e+00   0.000000e+00   0.000000e+00  -1.694604e-11  -1.153679e-25   2.223778e-25   0.000000e+00   3.777374e-14
   1.520515e-02   1.249891e-03  -0.000000e+00   0.000000e+00   0.000000e+00  -1.375194e-13  -2.042927e-16   1.314332e-15  -0.000000e+00   1.689624e-15
   1.347340e-02   9.127839e-03  -0.000000e+00   0.000000e+00   0.000000e+00  -2.353538e-10   1.061979e-11   2.083670e-11  -0.000000e+00   2.276711e-13
   1.679326e-02   1.495591e-02  -0.000000e+00   0.000000e+00   0.000000e+00  -5.215015e-10   1.684241e-10   9.076547e-11  -0.000000e+00   3.618929e-13
   1.576762e-02   1.918712e-02  -0.000000e+00   0.000000e+00   0.000000e+00  -1.044841e-11  -1.476864e-12   2.508158e-12  -0.000000e+00   3.384178e-14
   1.896012e-02   1.215498e-02  -0.000000e+00   0.000000e+00   0.000000e+00  -2.403328e-14  -7.431034e-15  -9.536750e-16  -0.000000e+00   4.792607e-16
   1.490572e-02   1.434728e-02  -0.000000e+00   0.000000e+00   0.000000e+00  -2.062796e-10  -1.266110e-11   1.166644e-11  -0.000000e+00   2.013459e-13
                                                0.000000e+00   0.000000e+00  -2.091944e-08   6.802206e-10   3.076624e-10   0.000000e+00   3.399292e-13

              6
              0
          pos_x          pos_y          pos_z       normal_x       normal_y       normal_z        tangt_x        tangt_y        tangt_z          pentr
                                                0.000000e+00   0.000000e+00   0.000000e+00   0.000000e+00   0.000000e+00   0.000000e+00   0.000000e+00

