0 0 0
0 0 0
0 0 0
       0        0 -3572.06
       0        0 -3572.06
       0        0 -3572.06
       0        0 -3572.06
       0        0 -7180.02
       0        0 -7180.02
       0        0 -7180.02
       0        0 -7180.02
       0        0 -10712.9
       0        0 -10712.9
       0        0 -10712.9
       0        0 -10712.9
       0        0 -14352.5
       0        0 -14352.5
       0        0 -14352.5
       0        0 -14352.5
       0        0 -17843.8
       0        0 -17843.8
       0        0 -17843.8
       0        0 -17843.8
       0        0 -21509.9
       0        0 -21509.9
       0        0 -21509.9
       0        0 -21509.9
       0        0 -24958.3
       0        0 -24958.3
       0        0 -24958.3
       0        0 -24958.3
       0        0 -28644.7
       0        0 -28644.7
       0        0 -28644.7
       0        0 -28644.7
       0        0 -32049.6
       0        0 -32049.6
       0        0 -32049.6
       0        0 -32049.6
       0        0 -35749.6
       0        0 -35749.6
       0        0 -35749.6
       0        0 -35749.6
       0        0 -39111.2
       0        0 -39111.2
       0        0 -39111.2
       0        0 -39111.2
     0      0 -42817
     0      0 -42817
     0      0 -42817
     0      0 -42817
       0        0 -46136.5
       0        0 -46136.5
       0        0 -46136.5
       0        0 -46136.5
       0        0 -49839.9
       0        0 -49839.9
       0        0 -49839.9
       0        0 -49839.9
       0        0 -53118.8
       0        0 -53118.8
       0        0 -53118.8
       0        0 -53118.8
       0        0 -56810.9
       0        0 -56810.9
       0        0 -56810.9
       0        0 -56810.9
       0        0 -60051.4
       0        0 -60051.4
       0        0 -60051.4
       0        0 -60051.4
     0      0 -63723
     0      0 -63723
     0      0 -63723
     0      0 -63723
       0        0 -66927.6
       0        0 -66927.6
       0        0 -66927.6
       0        0 -66927.6
       0        0 -70569.4
       0        0 -70569.4
       0        0 -70569.4
       0        0 -70569.4
       0        0 -73740.7
       0        0 -73740.7
       0        0 -73740.7
       0        0 -73740.7
       0        0 -77343.1
       0        0 -77343.1
       0        0 -77343.1
       0        0 -77343.1
       0        0 -80483.9
       0        0 -80483.9
       0        0 -80483.9
       0        0 -80483.9
       0        0 -84037.5
       0        0 -84037.5
       0        0 -84037.5
       0        0 -84037.5
       0        0 -87150.7
       0        0 -87150.7
       0        0 -87150.7
       0        0 -87150.7
       0        0 -90646.2
       0        0 -90646.2
       0        0 -90646.2
       0        0 -90646.2
       0        0 -93734.3
       0        0 -93734.3
       0        0 -93734.3
       0        0 -93734.3
       0        0 -97162.7
       0        0 -97162.7
       0        0 -97162.7
       0        0 -97162.7
      0       0 -100228
      0       0 -100228
      0       0 -100228
      0       0 -100228
      0       0 -103581
      0       0 -103581
      0       0 -103581
      0       0 -103581
      0       0 -106625
      0       0 -106625
      0       0 -106625
      0       0 -106625
      0       0 -109895
      0       0 -109895
      0       0 -109895
      0       0 -109895
      0       0 -112919
      0       0 -112919
      0       0 -112919
      0       0 -112919
      0       0 -116098
      0       0 -116098
      0       0 -116098
      0       0 -116098
      0       0 -119103
      0       0 -119103
      0       0 -119103
      0       0 -119103
      0       0 -122186
      0       0 -122186
      0       0 -122186
      0       0 -122186
      0       0 -125170
      0       0 -125170
      0       0 -125170
      0       0 -125170
      0       0 -128152
      0       0 -128152
      0       0 -128152
      0       0 -128152
      0       0 -131115
      0       0 -131115
      0       0 -131115
      0       0 -131115
      0       0 -133991
      0       0 -133991
      0       0 -133991
      0       0 -133991
      0       0 -136931
      0       0 -136931
      0       0 -136931
      0       0 -136931
      0       0 -139698
      0       0 -139698
      0       0 -139698
      0       0 -139698
      0       0 -142611
      0       0 -142611
      0       0 -142611
      0       0 -142611
      0       0 -145267
      0       0 -145267
      0       0 -145267
      0       0 -145267
      0       0 -148150
      0       0 -148150
      0       0 -148150
      0       0 -148150
      0       0 -150694
      0       0 -150694
      0       0 -150694
      0       0 -150694
      0       0 -153542
      0       0 -153542
      0       0 -153542
      0       0 -153542
      0       0 -155973
      0       0 -155973
      0       0 -155973
      0       0 -155973
      0       0 -158780
      0       0 -158780
      0       0 -158780
      0       0 -158780
      0       0 -161100
      0       0 -161100
      0       0 -161100
      0       0 -161100
      0       0 -163860
      0       0 -163860
      0       0 -163860
      0       0 -163860
      0       0 -166071
      0       0 -166071
      0       0 -166071
      0       0 -166071
      0       0 -168776
      0       0 -168776
      0       0 -168776
      0       0 -168776
      0       0 -170880
      0       0 -170880
      0       0 -170880
      0       0 -170880
      0       0 -173523
      0       0 -173523
      0       0 -173523
      0       0 -173523
      0       0 -175523
      0       0 -175523
      0       0 -175523
      0       0 -175523
      0       0 -178096
      0       0 -178096
      0       0 -178096
      0       0 -178096
      0       0 -179995
      0       0 -179995
      0       0 -179995
      0       0 -179995
      0       0 -182490
      0       0 -182490
      0       0 -182490
      0       0 -182490
      0       0 -184294
      0       0 -184294
      0       0 -184294
      0       0 -184294
      0       0 -186700
      0       0 -186700
      0       0 -186700
      0       0 -186700
      0       0 -188413
      0       0 -188413
      0       0 -188413
      0       0 -188413
      0       0 -190723
      0       0 -190723
      0       0 -190723
      0       0 -190723
      0       0 -192350
      0       0 -192350
      0       0 -192350
      0       0 -192350
      0       0 -194555
      0       0 -194555
      0       0 -194555
      0       0 -194555
      0       0 -196100
      0       0 -196100
      0       0 -196100
      0       0 -196100
      0       0 -198192
      0       0 -198192
      0       0 -198192
      0       0 -198192
      0       0 -199660
      0       0 -199660
      0       0 -199660
      0       0 -199660
      0       0 -201630
      0       0 -201630
      0       0 -201630
      0       0 -201630
      0       0 -203026
      0       0 -203026
      0       0 -203026
      0       0 -203026
      0       0 -204866
      0       0 -204866
      0       0 -204866
      0       0 -204866
      0       0 -206193
      0       0 -206193
      0       0 -206193
      0       0 -206193
      0       0 -207898
      0       0 -207898
      0       0 -207898
      0       0 -207898
      0       0 -209159
      0       0 -209159
      0       0 -209159
      0       0 -209159
      0       0 -210723
      0       0 -210723
      0       0 -210723
      0       0 -210723
      0       0 -211921
      0       0 -211921
      0       0 -211921
      0       0 -211921
      0       0 -213338
      0       0 -213338
      0       0 -213338
      0       0 -213338
      0       0 -214475
      0       0 -214475
      0       0 -214475
      0       0 -214475
      0       0 -215742
      0       0 -215742
      0       0 -215742
      0       0 -215742
      0       0 -216818
      0       0 -216818
      0       0 -216818
      0       0 -216818
      0       0 -217932
      0       0 -217932
      0       0 -217932
      0       0 -217932
      0       0 -218948
      0       0 -218948
      0       0 -218948
      0       0 -218948
      0       0 -219906
      0       0 -219906
      0       0 -219906
      0       0 -219906
      0       0 -220862
      0       0 -220862
      0       0 -220862
      0       0 -220862
      0       0 -221664
      0       0 -221664
      0       0 -221664
      0       0 -221664
      0       0 -222557
      0       0 -222557
      0       0 -222557
      0       0 -222557
      0       0 -223204
      0       0 -223204
      0       0 -223204
      0       0 -223204
      0       0 -224031
      0       0 -224031
      0       0 -224031
      0       0 -224031
      0       0 -224525
      0       0 -224525
      0       0 -224525
      0       0 -224525
      0       0 -225283
      0       0 -225283
      0       0 -225283
      0       0 -225283
      0       0 -225625
      0       0 -225625
      0       0 -225625
      0       0 -225625
      0       0 -226311
      0       0 -226311
      0       0 -226311
      0       0 -226311
      0       0 -226506
      0       0 -226506
      0       0 -226506
      0       0 -226506
      0       0 -227113
      0       0 -227113
      0       0 -227113
      0       0 -227113
      0       0 -227165
      0       0 -227165
      0       0 -227165
      0       0 -227165
      0       0 -227689
      0       0 -227689
      0       0 -227689
      0       0 -227689
      0       0 -227602
      0       0 -227602
      0       0 -227602
      0       0 -227602
      0       0 -228037
      0       0 -228037
      0       0 -228037
      0       0 -228037
      0       0 -227818
      0       0 -227818
      0       0 -227818
      0       0 -227818
      0       0 -228157
      0       0 -228157
      0       0 -228157
      0       0 -228157
      0       0 -227812
      0       0 -227812
      0       0 -227812
      0       0 -227812
      0       0 -228049
      0       0 -228049
      0       0 -228049
      0       0 -228049
      0       0 -227585
      0       0 -227585
      0       0 -227585
      0       0 -227585
      0       0 -227712
      0       0 -227712
      0       0 -227712
      0       0 -227712
      0       0 -227136
      0       0 -227136
      0       0 -227136
      0       0 -227136
      0       0 -227148
      0       0 -227148
      0       0 -227148
      0       0 -227148
      0       0 -226466
      0       0 -226466
      0       0 -226466
      0       0 -226466
      0       0 -226356
      0       0 -226356
      0       0 -226356
      0       0 -226356
      0       0 -225576
      0       0 -225576
      0       0 -225576
      0       0 -225576
      0       0 -225338
      0       0 -225338
      0       0 -225338
      0       0 -225338
      0       0 -224466
      0       0 -224466
      0       0 -224466
      0       0 -224466
      0       0 -224095
      0       0 -224095
      0       0 -224095
      0       0 -224095
      0       0 -223136
      0       0 -223136
      0       0 -223136
      0       0 -223136
      0       0 -222628
      0       0 -222628
      0       0 -222628
      0       0 -222628
      0       0 -221590
      0       0 -221590
      0       0 -221590
      0       0 -221590
      0       0 -220939
      0       0 -220939
      0       0 -220939
      0       0 -220939
      0       0 -219826
      0       0 -219826
      0       0 -219826
      0       0 -219826
      0       0 -219031
      0       0 -219031
      0       0 -219031
      0       0 -219031
      0       0 -217847
      0       0 -217847
      0       0 -217847
      0       0 -217847
      0       0 -216905
      0       0 -216905
      0       0 -216905
      0       0 -216905
      0       0 -215654
      0       0 -215654
      0       0 -215654
      0       0 -215654
      0       0 -214564
      0       0 -214564
      0       0 -214564
      0       0 -214564
      0       0 -213248
      0       0 -213248
      0       0 -213248
      0       0 -213248
      0       0 -212012
      0       0 -212012
      0       0 -212012
      0       0 -212012
      0       0 -210633
      0       0 -210633
      0       0 -210633
      0       0 -210633
      0       0 -209250
      0       0 -209250
      0       0 -209250
      0       0 -209250
      0       0 -207809
      0       0 -207809
      0       0 -207809
      0       0 -207809
      0       0 -206282
      0       0 -206282
      0       0 -206282
      0       0 -206282
      0       0 -204779
      0       0 -204779
      0       0 -204779
      0       0 -204779
      0       0 -203111
      0       0 -203111
      0       0 -203111
      0       0 -203111
      0       0 -201546
      0       0 -201546
      0       0 -201546
      0       0 -201546
      0       0 -199742
      0       0 -199742
      0       0 -199742
      0       0 -199742
      0       0 -198113
      0       0 -198113
      0       0 -198113
      0       0 -198113
      0       0 -196177
      0       0 -196177
      0       0 -196177
      0       0 -196177
      0       0 -194481
      0       0 -194481
      0       0 -194481
      0       0 -194481
      0       0 -192421
      0       0 -192421
      0       0 -192421
      0       0 -192421
      0       0 -190656
      0       0 -190656
      0       0 -190656
      0       0 -190656
      0       0 -188477
      0       0 -188477
      0       0 -188477
      0       0 -188477
      0       0 -186640
      0       0 -186640
      0       0 -186640
      0       0 -186640
      0       0 -184350
      0       0 -184350
      0       0 -184350
      0       0 -184350
      0       0 -182437
      0       0 -182437
      0       0 -182437
      0       0 -182437
      0       0 -180044
      0       0 -180044
      0       0 -180044
      0       0 -180044
      0       0 -178051
      0       0 -178051
      0       0 -178051
      0       0 -178051
      0       0 -175563
      0       0 -175563
      0       0 -175563
      0       0 -175563
      0       0 -173486
      0       0 -173486
      0       0 -173486
      0       0 -173486
      0       0 -170912
      0       0 -170912
      0       0 -170912
      0       0 -170912
      0       0 -168747
      0       0 -168747
      0       0 -168747
      0       0 -168747
      0       0 -166096
      0       0 -166096
      0       0 -166096
      0       0 -166096
      0       0 -163839
      0       0 -163839
      0       0 -163839
      0       0 -163839
      0       0 -161118
      0       0 -161118
      0       0 -161118
      0       0 -161118
      0       0 -158766
      0       0 -158766
      0       0 -158766
      0       0 -158766
      0       0 -155983
      0       0 -155983
      0       0 -155983
      0       0 -155983
      0       0 -153535
      0       0 -153535
      0       0 -153535
      0       0 -153535
      0       0 -150698
      0       0 -150698
      0       0 -150698
      0       0 -150698
      0       0 -148149
      0       0 -148149
      0       0 -148149
      0       0 -148149
      0       0 -145265
      0       0 -145265
      0       0 -145265
      0       0 -145265
      0       0 -142615
      0       0 -142615
      0       0 -142615
      0       0 -142615
      0       0 -139691
      0       0 -139691
      0       0 -139691
      0       0 -139691
      0       0 -136939
      0       0 -136939
      0       0 -136939
      0       0 -136939
      0       0 -133980
      0       0 -133980
      0       0 -133980
      0       0 -133980
      0       0 -131127
      0       0 -131127
      0       0 -131127
      0       0 -131127
      0       0 -128138
      0       0 -128138
      0       0 -128138
      0       0 -128138
      0       0 -125185
      0       0 -125185
      0       0 -125185
      0       0 -125185
      0       0 -122170
      0       0 -122170
      0       0 -122170
      0       0 -122170
      0       0 -119119
      0       0 -119119
      0       0 -119119
      0       0 -119119
      0       0 -116081
      0       0 -116081
      0       0 -116081
      0       0 -116081
      0       0 -112936
      0       0 -112936
      0       0 -112936
      0       0 -112936
      0       0 -109877
      0       0 -109877
      0       0 -109877
      0       0 -109877
      0       0 -106642
      0       0 -106642
      0       0 -106642
      0       0 -106642
      0       0 -103564
      0       0 -103564
      0       0 -103564
      0       0 -103564
      0       0 -100244
      0       0 -100244
      0       0 -100244
      0       0 -100244
       0        0 -97147.6
       0        0 -97147.6
       0        0 -97147.6
       0        0 -97147.6
       0        0 -93748.4
       0        0 -93748.4
       0        0 -93748.4
       0        0 -93748.4
       0        0 -90633.2
       0        0 -90633.2
       0        0 -90633.2
       0        0 -90633.2
       0        0 -87162.4
       0        0 -87162.4
       0        0 -87162.4
       0        0 -87162.4
       0        0 -84027.3
       0        0 -84027.3
       0        0 -84027.3
       0        0 -84027.3
       0        0 -80492.6
       0        0 -80492.6
       0        0 -80492.6
       0        0 -80492.6
     0      0 -77336
     0      0 -77336
     0      0 -77336
     0      0 -77336
     0      0 -73746
     0      0 -73746
     0      0 -73746
     0      0 -73746
       0        0 -70565.8
       0        0 -70565.8
       0        0 -70565.8
       0        0 -70565.8
       0        0 -66929.3
       0        0 -66929.3
       0        0 -66929.3
       0        0 -66929.3
       0        0 -63723.1
       0        0 -63723.1
       0        0 -63723.1
       0        0 -63723.1
       0        0 -60049.4
       0        0 -60049.4
       0        0 -60049.4
       0        0 -60049.4
       0        0 -56814.6
       0        0 -56814.6
       0        0 -56814.6
       0        0 -56814.6
       0        0 -53113.3
       0        0 -53113.3
       0        0 -53113.3
       0        0 -53113.3
       0        0 -49847.1
       0        0 -49847.1
       0        0 -49847.1
       0        0 -49847.1
       0        0 -46127.7
       0        0 -46127.7
       0        0 -46127.7
       0        0 -46127.7
       0        0 -42827.4
       0        0 -42827.4
       0        0 -42827.4
       0        0 -42827.4
       0        0 -39099.5
       0        0 -39099.5
       0        0 -39099.5
       0        0 -39099.5
       0        0 -35762.6
       0        0 -35762.6
       0        0 -35762.6
       0        0 -35762.6
       0        0 -32035.4
       0        0 -32035.4
       0        0 -32035.4
       0        0 -32035.4
       0        0 -28659.9
       0        0 -28659.9
       0        0 -28659.9
       0        0 -28659.9
       0        0 -24942.3
       0        0 -24942.3
       0        0 -24942.3
       0        0 -24942.3
       0        0 -21526.4
       0        0 -21526.4
       0        0 -21526.4
       0        0 -21526.4
       0        0 -17826.9
       0        0 -17826.9
       0        0 -17826.9
       0        0 -17826.9
       0        0 -14369.6
       0        0 -14369.6
       0        0 -14369.6
       0        0 -14369.6
       0        0 -10695.8
       0        0 -10695.8
       0        0 -10695.8
       0        0 -10695.8
       0        0 -7196.84
       0        0 -7196.84
       0        0 -7196.84
       0        0 -7196.84
       0        0 -3555.72
       0        0 -3555.72
       0        0 -3555.72
       0        0 -3555.72
       0        0 -15.5996
       0        0 -15.5996
       0        0 -15.5996
       0        0 -15.5996
