              5

              1
             51
          pos_x          pos_y          pos_z       normal_x       normal_y       normal_z        tangt_x        tangt_y        tangt_z          pentr
  -0.000000e+00   3.389181e-03   1.089344e-03  -8.367942e-05   0.000000e+00   0.000000e+00  -0.000000e+00  -2.543022e-05   5.385595e-06   1.416073e-09
  -0.000000e+00   8.972254e-03   1.335538e-03  -2.471303e-03   0.000000e+00   0.000000e+00  -0.000000e+00  -1.066266e-03  -4.556920e-04   9.138045e-09
  -0.000000e+00   9.862890e-04   1.999543e-03  -1.372907e-04   0.000000e+00   0.000000e+00  -0.000000e+00  -2.752243e-05   5.974472e-05   1.528584e-09
  -0.000000e+00   4.147618e-03   1.888437e-03  -2.113770e-05   0.000000e+00   0.000000e+00  -0.000000e+00   7.424201e-06   2.098655e-07   4.745051e-10
  -0.000000e+00   5.958342e-03   2.683974e-03  -8.664869e-04   0.000000e+00   0.000000e+00  -0.000000e+00  -2.594313e-04  -6.437352e-05   5.476596e-09
  -0.000000e+00   2.729681e-03   4.725090e-03  -9.970146e-04   0.000000e+00   0.000000e+00  -0.000000e+00  -2.061003e-04   1.609864e-04   5.920835e-09
  -0.000000e+00   8.787400e-03   5.168998e-03  -1.420832e-03   0.000000e+00   0.000000e+00  -0.000000e+00  -2.110807e-04   3.268635e-05   5.807180e-09
  -0.000000e+00   5.528782e-03   4.970928e-03  -3.391709e-04   0.000000e+00   0.000000e+00  -0.000000e+00   6.818975e-05  -9.089180e-05   2.537195e-09
  -0.000000e+00   1.112024e-03   8.998397e-03  -4.887650e-04   0.000000e+00   0.000000e+00  -0.000000e+00  -9.746014e-05   4.635849e-06   3.912307e-09
  -0.000000e+00   9.141536e-04   4.272299e-03  -1.378122e-03   0.000000e+00   0.000000e+00  -0.000000e+00   2.648869e-04   4.375254e-04   8.003894e-09
  -0.000000e+00   3.843210e-03   6.607958e-03  -1.000622e-02   0.000000e+00   0.000000e+00  -0.000000e+00   1.823805e-03   1.867288e-03   3.650944e-08
  -0.000000e+00   7.008817e-03   6.723349e-03  -3.101906e-05   0.000000e+00   0.000000e+00  -0.000000e+00  -6.400840e-06  -3.534782e-06   6.079724e-10
  -0.000000e+00   6.704756e-03   1.031485e-02  -4.139684e-04   0.000000e+00   0.000000e+00  -0.000000e+00  -1.107693e-04   3.098442e-05   3.148124e-09
  -0.000000e+00   8.446711e-03   8.480364e-03  -3.131444e-04   0.000000e+00   0.000000e+00  -0.000000e+00  -8.326295e-05  -9.836577e-05   2.729519e-09
  -0.000000e+00   5.002200e-03   7.069093e-03  -1.167586e-05   0.000000e+00   0.000000e+00  -0.000000e+00  -1.726281e-06   4.219769e-06   3.028687e-10
  -0.000000e+00   3.405672e-03   9.524824e-03  -4.496167e-04   0.000000e+00   0.000000e+00  -0.000000e+00  -5.012301e-05   1.584188e-04   3.729005e-09
  -0.000000e+00   5.996877e-03   1.485378e-02  -1.033353e-03   0.000000e+00   0.000000e+00  -0.000000e+00  -1.306039e-04  -1.684115e-04   4.917285e-09
  -0.000000e+00   8.349307e-03   1.525439e-02  -2.793823e-04   0.000000e+00   0.000000e+00  -0.000000e+00  -1.100131e-04  -8.279371e-05   2.786789e-09
  -0.000000e+00   2.044223e-03   1.453751e-02  -6.713307e-05   0.000000e+00   0.000000e+00  -0.000000e+00  -5.594430e-06  -2.971869e-05   9.532443e-10
  -0.000000e+00   8.934473e-03   1.338564e-02  -2.751641e-05   0.000000e+00   0.000000e+00  -0.000000e+00   1.773163e-06  -4.842145e-06   6.537270e-10
  -0.000000e+00   7.619021e-03   1.249280e-02  -1.574594e-05   0.000000e+00   0.000000e+00  -0.000000e+00   3.324017e-06  -3.379936e-06   4.477379e-10
  -0.000000e+00   4.275975e-03   1.272263e-02  -4.417420e-04   0.000000e+00   0.000000e+00  -0.000000e+00   1.219011e-04  -1.557881e-04   3.108756e-09
  -0.000000e+00   1.125378e-03   1.224953e-02  -3.053080e-04   0.000000e+00   0.000000e+00  -0.000000e+00   5.206132e-05  -8.162744e-05   3.333959e-09
  -0.000000e+00   2.294153e-03   1.064543e-02  -2.056489e-05   0.000000e+00   0.000000e+00  -0.000000e+00  -9.763954e-06   1.733529e-06   4.816049e-10
  -0.000000e+00   1.434138e-02   4.756012e-03  -5.114831e-06   0.000000e+00   0.000000e+00  -0.000000e+00  -8.414306e-07   5.328447e-07   2.215884e-10
  -0.000000e+00   1.818678e-02   4.836391e-03  -1.159883e-04   0.000000e+00   0.000000e+00  -0.000000e+00  -5.552939e-05   1.242291e-05   1.469828e-09
  -0.000000e+00   1.829772e-02   7.058900e-03  -1.214246e-05   0.000000e+00   0.000000e+00  -0.000000e+00  -9.986527e-07  -4.538031e-06   3.414526e-10
  -0.000000e+00   1.728989e-02   2.753703e-03  -2.131069e-03   0.000000e+00   0.000000e+00  -0.000000e+00   9.999914e-05  -7.093502e-04   9.391204e-09
  -0.000000e+00   1.547165e-02   1.138451e-03  -1.168248e-05   0.000000e+00   0.000000e+00  -0.000000e+00  -3.740684e-06  -1.476248e-06   3.437224e-10
  -0.000000e+00   1.393083e-02   2.762651e-03  -4.705829e-03   0.000000e+00   0.000000e+00  -0.000000e+00   2.187584e-05   4.984820e-04   1.460293e-08
  -0.000000e+00   1.515352e-02   7.319486e-03  -4.468990e-04   0.000000e+00   0.000000e+00  -0.000000e+00   9.431239e-05   1.828858e-05   3.362925e-09
  -0.000000e+00   1.146948e-02   1.630224e-03  -1.159918e-05   0.000000e+00   0.000000e+00  -0.000000e+00  -4.999366e-06  -1.326203e-06   3.753760e-10
  -0.000000e+00   1.603988e-02   4.433560e-03  -1.046467e-03   0.000000e+00   0.000000e+00  -0.000000e+00   4.816872e-05  -1.239710e-04   7.393946e-09
  -0.000000e+00   1.615213e-02   8.432857e-03  -5.033111e-03   0.000000e+00   0.000000e+00  -0.000000e+00  -1.288641e-03  -6.392933e-04   1.684273e-08
  -0.000000e+00   1.603530e-02   5.656286e-03  -1.981004e-05   0.000000e+00   0.000000e+00  -0.000000e+00   1.965876e-06  -5.222617e-06   5.075265e-10
  -0.000000e+00   1.154584e-02   7.540347e-03  -2.346443e-03   0.000000e+00   0.000000e+00  -0.000000e+00  -6.295303e-04   1.586332e-04   1.136001e-08
  -0.000000e+00   1.372470e-02   6.252975e-03  -4.331587e-05   0.000000e+00   0.000000e+00  -0.000000e+00   5.798396e-06  -3.575012e-06   7.624604e-10
  -0.000000e+00   1.384116e-02   9.181465e-03  -1.012038e-03   0.000000e+00   0.000000e+00  -0.000000e+00   3.494017e-04   3.139162e-05   5.744602e-09
  -0.000000e+00   1.010289e-02   8.168359e-03  -1.628742e-04   0.000000e+00   0.000000e+00  -0.000000e+00  -3.081146e-05  -4.786928e-05   2.139024e-09
  -0.000000e+00   1.907186e-02   9.383562e-03  -2.547016e-03   0.000000e+00   0.000000e+00  -0.000000e+00   4.013970e-04   2.106764e-04   1.109259e-08
  -0.000000e+00   1.196789e-02   9.114589e-03  -1.192100e-03   0.000000e+00   0.000000e+00  -0.000000e+00   9.860694e-05   6.314322e-06   8.688459e-09
  -0.000000e+00   1.021917e-02   9.473449e-03  -2.692970e-04   0.000000e+00   0.000000e+00  -0.000000e+00  -7.260507e-05  -8.500182e-05   2.447212e-09
  -0.000000e+00   1.362003e-02   1.704653e-02  -8.536994e-06   0.000000e+00   0.000000e+00  -0.000000e+00  -3.259991e-06  -2.054267e-06   2.232333e-10
  -0.000000e+00   1.841437e-02   1.786686e-02  -8.188870e-05   0.000000e+00   0.000000e+00  -0.000000e+00  -1.100359e-05   2.815554e-05   1.267158e-09
  -0.000000e+00   1.218073e-02   1.495780e-02  -4.561864e-05   0.000000e+00   0.000000e+00  -0.000000e+00  -1.122982e-05  -1.759607e-05   7.525113e-10
  -0.000000e+00   1.445410e-02   1.465832e-02  -1.374069e-05   0.000000e+00   0.000000e+00  -0.000000e+00  -6.165578e-06   1.020120e-06   3.182854e-10
  -0.000000e+00   1.044103e-02   1.452655e-02  -3.506849e-04   0.000000e+00   0.000000e+00  -0.000000e+00   7.163804e-05  -1.296107e-04   3.100349e-09
  -0.000000e+00   1.181124e-02   1.273643e-02  -9.148769e-04   0.000000e+00   0.000000e+00  -0.000000e+00   4.908613e-06  -1.016554e-04   4.931005e-09
  -0.000000e+00   1.450610e-02   1.209753e-02  -1.271246e-03   0.000000e+00   0.000000e+00  -0.000000e+00   1.846569e-04  -1.122230e-05   6.682611e-09
  -0.000000e+00   1.651872e-02   1.218897e-02  -1.643164e-03   0.000000e+00   0.000000e+00  -0.000000e+00  -5.346740e-04   5.788193e-05   8.109751e-09
  -0.000000e+00   1.844904e-02   1.190970e-02  -1.928984e-04   0.000000e+00   0.000000e+00  -0.000000e+00  -4.030205e-05   3.977064e-05   2.065155e-09
                                               -4.725565e-02   0.000000e+00   0.000000e+00   0.000000e+00  -1.369787e-03   7.042067e-04   4.558096e-09

              2
             36
          pos_x          pos_y          pos_z       normal_x       normal_y       normal_z        tangt_x        tangt_y        tangt_z          pentr
   2.000000e-02   3.222643e-03   3.315073e-03   3.348253e-03   0.000000e+00   0.000000e+00  -0.000000e+00  -3.896087e-04   1.301532e-03   1.047083e-08
   2.000000e-02   1.866265e-03   6.320243e-03   3.174350e-03   0.000000e+00   0.000000e+00  -0.000000e+00   8.416840e-04   1.136297e-03   9.858470e-09
   2.000000e-02   5.555397e-03   5.159228e-03   1.482471e-03   0.000000e+00   0.000000e+00  -0.000000e+00   4.887101e-04  -2.749194e-04   7.367977e-09
   2.000000e-02   8.661527e-03   6.008105e-03   3.854593e-03   0.000000e+00   0.000000e+00  -0.000000e+00  -6.687155e-04   5.235530e-04   1.311432e-08
   2.000000e-02   3.712012e-03   9.332781e-03   1.627047e-04   0.000000e+00   0.000000e+00  -0.000000e+00  -2.349673e-05   2.732577e-05   2.014040e-09
   2.000000e-02   6.024922e-03   7.540310e-03   8.051233e-04   0.000000e+00   0.000000e+00  -0.000000e+00  -2.649345e-05  -2.703297e-04   4.864781e-09
   2.000000e-02   1.106289e-03   9.341803e-03   6.574694e-04   0.000000e+00   0.000000e+00  -0.000000e+00  -1.351382e-04  -1.776500e-04   4.642695e-09
   2.000000e-02   8.864746e-03   2.764454e-03   4.870690e-05   0.000000e+00   0.000000e+00  -0.000000e+00   2.389510e-05   2.766328e-06   9.298695e-10
   2.000000e-02   7.548841e-03   1.747884e-02   7.160766e-05   0.000000e+00   0.000000e+00  -0.000000e+00   1.434658e-05  -3.670598e-06   1.159875e-09
   2.000000e-02   9.020822e-03   1.561657e-02   2.935649e-04   0.000000e+00   0.000000e+00  -0.000000e+00  -1.594155e-05  -4.784900e-05   2.502515e-09
   2.000000e-02   2.152294e-03   1.512360e-02   4.562380e-04   0.000000e+00   0.000000e+00  -0.000000e+00  -1.285061e-04   2.703044e-05   3.532694e-09
   2.000000e-02   5.299930e-03   1.545096e-02   6.458887e-04   0.000000e+00   0.000000e+00  -0.000000e+00   1.711022e-04   1.735357e-04   4.067196e-09
   2.000000e-02   4.826928e-03   1.250638e-02   2.742761e-05   0.000000e+00   0.000000e+00  -0.000000e+00   1.594565e-06   3.121013e-06   6.301043e-10
   2.000000e-02   3.386767e-03   1.085551e-02   3.349223e-04   0.000000e+00   0.000000e+00  -0.000000e+00   1.577279e-05  -1.697195e-05   2.811683e-09
   2.000000e-02   6.664270e-03   1.059069e-02   2.113065e-03   0.000000e+00   0.000000e+00  -0.000000e+00  -3.791869e-04   3.444551e-05   7.310405e-09
   2.000000e-02   1.876619e-02   1.164056e-03   1.266629e-05   0.000000e+00   0.000000e+00  -0.000000e+00  -8.008415e-07  -4.325836e-06   3.888691e-10
   2.000000e-02   1.635308e-02   4.832044e-03   3.426428e-03   0.000000e+00   0.000000e+00  -0.000000e+00  -1.031862e-03  -5.242387e-04   1.306758e-08
   2.000000e-02   1.531118e-02   3.065644e-03   6.161961e-03   0.000000e+00   0.000000e+00  -0.000000e+00   6.930432e-04   2.034109e-03   1.710883e-08
   2.000000e-02   1.900224e-02   4.584854e-03   4.619091e-04   0.000000e+00   0.000000e+00  -0.000000e+00  -2.737857e-05  -1.456803e-04   3.421330e-09
   2.000000e-02   1.861632e-02   9.407788e-03   2.875882e-03   0.000000e+00   0.000000e+00  -0.000000e+00   6.310951e-04   8.443798e-04   1.019710e-08
   2.000000e-02   1.790055e-02   3.063176e-03   3.016712e-03   0.000000e+00   0.000000e+00  -0.000000e+00   8.745100e-04   1.221832e-07   1.257339e-08
   2.000000e-02   1.430985e-02   8.466253e-04   5.766920e-06   0.000000e+00   0.000000e+00  -0.000000e+00   2.580236e-06  -9.461740e-07   2.179784e-10
   2.000000e-02   1.145000e-02   8.865010e-03   1.687132e-03   0.000000e+00   0.000000e+00  -0.000000e+00  -1.969658e-04  -1.666232e-04   8.962282e-09
   2.000000e-02   1.284663e-02   3.556917e-03   1.883391e-03   0.000000e+00   0.000000e+00  -0.000000e+00  -3.588342e-04  -5.150132e-04   8.013095e-09
   2.000000e-02   1.224313e-02   6.597419e-04   4.588686e-06   0.000000e+00   0.000000e+00  -0.000000e+00   1.202095e-06  -1.598407e-06   2.173216e-10
   2.000000e-02   1.023468e-02   7.289691e-03   2.455079e-05   0.000000e+00   0.000000e+00  -0.000000e+00  -5.181945e-06   5.916913e-07   5.057061e-10
   2.000000e-02   1.386367e-02   1.770688e-02   3.483504e-05   0.000000e+00   0.000000e+00  -0.000000e+00   1.264577e-05   7.991494e-06   8.100709e-10
   2.000000e-02   1.703037e-02   1.810959e-02   3.652064e-04   0.000000e+00   0.000000e+00  -0.000000e+00   4.544677e-05   1.966213e-05   2.735074e-09
   2.000000e-02   1.297227e-02   1.620094e-02   1.079955e-04   0.000000e+00   0.000000e+00  -0.000000e+00   3.772574e-05  -1.208774e-05   1.180301e-09
   2.000000e-02   1.090328e-02   1.524780e-02   4.876333e-05   0.000000e+00   0.000000e+00  -0.000000e+00  -9.566568e-06  -1.095341e-05   8.465953e-10
   2.000000e-02   1.361752e-02   1.416528e-02   7.443088e-05   0.000000e+00   0.000000e+00  -0.000000e+00   3.189491e-08   2.083711e-05   1.341954e-09
   2.000000e-02   1.082095e-02   1.314853e-02   2.677586e-04   0.000000e+00   0.000000e+00  -0.000000e+00   4.325615e-05   2.818199e-05   2.719767e-09
   2.000000e-02   1.822797e-02   1.281184e-02   2.649538e-04   0.000000e+00   0.000000e+00  -0.000000e+00  -1.128040e-04   3.822548e-05   2.230769e-09
   2.000000e-02   1.280281e-02   1.235927e-02   1.619067e-04   0.000000e+00   0.000000e+00  -0.000000e+00   8.828302e-06  -4.481497e-05   1.829315e-09
   2.000000e-02   1.908643e-02   1.136539e-02   2.099843e-04   0.000000e+00   0.000000e+00  -0.000000e+00   5.253307e-05  -3.394924e-05   2.538173e-09
   2.000000e-02   9.687569e-03   1.069940e-02   1.073124e-03   0.000000e+00   0.000000e+00  -0.000000e+00  -1.489448e-04  -2.048773e-04   6.049187e-09
                                                3.964633e-02   0.000000e+00   0.000000e+00   0.000000e+00   3.005779e-04   3.767208e-03   4.784226e-09

              3
             42
          pos_x          pos_y          pos_z       normal_x       normal_y       normal_z        tangt_x        tangt_y        tangt_z          pentr
   6.189399e-03  -0.000000e+00   9.887060e-04   0.000000e+00  -1.236724e-03   0.000000e+00   6.179811e-06  -0.000000e+00  -2.545243e-04   7.609589e-09
   6.084204e-04  -0.000000e+00   1.824327e-03   0.000000e+00  -1.306183e-05   0.000000e+00  -3.693859e-06  -0.000000e+00  -2.264689e-06   4.428664e-10
   3.902296e-03  -0.000000e+00   1.935869e-03   0.000000e+00  -1.779585e-05   0.000000e+00   3.096439e-06  -0.000000e+00   2.227960e-06   4.009200e-10
   2.128808e-03  -0.000000e+00   3.459440e-03   0.000000e+00  -4.096282e-03   0.000000e+00  -5.433260e-04  -0.000000e+00   1.442303e-03   1.507333e-08
   1.679354e-03  -0.000000e+00   6.310454e-03   0.000000e+00  -8.498729e-04   0.000000e+00   7.873489e-05  -0.000000e+00   1.564001e-04   5.281272e-09
   1.376310e-03  -0.000000e+00   8.432309e-03   0.000000e+00  -8.158579e-04   0.000000e+00  -5.123751e-06  -0.000000e+00  -3.061502e-04   4.611921e-09
   2.400774e-03  -0.000000e+00   4.878733e-03   0.000000e+00  -1.049091e-04   0.000000e+00   8.916286e-07  -0.000000e+00  -4.255550e-05   1.592277e-09
   8.820985e-04  -0.000000e+00   4.208787e-03   0.000000e+00  -2.154821e-04   0.000000e+00  -4.638804e-05  -0.000000e+00   4.753146e-05   2.380314e-09
   3.936866e-03  -0.000000e+00   6.365416e-03   0.000000e+00  -9.773660e-05   0.000000e+00   6.110520e-06  -0.000000e+00   4.002132e-05   1.418855e-09
   8.081124e-03  -0.000000e+00   6.139004e-03   0.000000e+00  -3.617685e-04   0.000000e+00  -3.703211e-05  -0.000000e+00  -6.531451e-05   2.765117e-09
   3.673928e-03  -0.000000e+00   7.664758e-03   0.000000e+00  -1.353245e-03   0.000000e+00   1.965019e-04  -0.000000e+00  -3.059090e-04   7.450127e-09
   5.729170e-03  -0.000000e+00   6.170154e-03   0.000000e+00  -6.348775e-05   0.000000e+00   7.081133e-06  -0.000000e+00   1.582905e-05   1.140930e-09
   5.631679e-03  -0.000000e+00   7.783789e-03   0.000000e+00  -4.360582e-05   0.000000e+00  -1.865726e-05  -0.000000e+00   4.061431e-06   8.851193e-10
   9.704062e-03  -0.000000e+00   1.377363e-03   0.000000e+00  -3.026201e-03   0.000000e+00   4.582567e-05  -0.000000e+00   7.745836e-04   1.324806e-08
   7.735733e-03  -0.000000e+00   8.337124e-03   0.000000e+00  -9.660195e-05   0.000000e+00   1.523232e-05  -0.000000e+00   3.408767e-05   1.246287e-09
   5.616989e-03  -0.000000e+00   1.872092e-02   0.000000e+00  -8.070335e-05   0.000000e+00  -1.550364e-05  -0.000000e+00  -1.222684e-05   1.126495e-09
   6.448686e-03  -0.000000e+00   1.442451e-02   0.000000e+00  -6.142511e-04   0.000000e+00  -1.072630e-04  -0.000000e+00   2.170107e-04   4.030860e-09
   4.050113e-03  -0.000000e+00   1.537481e-02   0.000000e+00  -7.293815e-05   0.000000e+00   1.798151e-05  -0.000000e+00  -4.201726e-06   1.093127e-09
   1.770281e-03  -0.000000e+00   1.395488e-02   0.000000e+00  -2.665922e-04   0.000000e+00  -5.519141e-06  -0.000000e+00   7.351647e-05   2.072723e-09
   8.302811e-03  -0.000000e+00   1.204429e-02   0.000000e+00  -1.527237e-04   0.000000e+00   5.191289e-05  -0.000000e+00  -4.164098e-05   1.541539e-09
   2.526125e-03  -0.000000e+00   1.242663e-02   0.000000e+00  -2.105917e-05   0.000000e+00   5.321432e-06  -0.000000e+00   8.049015e-06   5.283342e-10
   1.398067e-03  -0.000000e+00   1.057293e-02   0.000000e+00  -5.190105e-04   0.000000e+00  -1.260526e-04  -0.000000e+00   8.451923e-05   4.050425e-09
   5.741466e-03  -0.000000e+00   1.068639e-02   0.000000e+00  -2.645646e-03   0.000000e+00   6.826547e-04  -0.000000e+00   5.149967e-04   1.330156e-08
   1.763547e-02  -0.000000e+00   1.815856e-03   0.000000e+00  -1.683328e-03   0.000000e+00   5.959113e-04  -0.000000e+00  -1.636205e-04   7.833883e-09
   1.736251e-02  -0.000000e+00   4.645222e-03   0.000000e+00  -5.065849e-03   0.000000e+00   1.653309e-03  -0.000000e+00  -8.520084e-04   1.569797e-08
   1.861943e-02  -0.000000e+00   9.378352e-03   0.000000e+00  -1.054030e-03   0.000000e+00   2.214182e-04  -0.000000e+00  -2.730837e-04   5.343029e-09
   1.511508e-02  -0.000000e+00   2.857671e-03   0.000000e+00  -9.487352e-04   0.000000e+00  -1.788417e-04  -0.000000e+00   3.827110e-04   5.178378e-09
   1.539819e-02  -0.000000e+00   9.754512e-04   0.000000e+00  -2.866107e-05   0.000000e+00   4.421523e-06  -0.000000e+00   7.830162e-06   7.041282e-10
   1.277935e-02  -0.000000e+00   1.469755e-03   0.000000e+00  -4.060706e-03   0.000000e+00   2.717239e-04  -0.000000e+00  -1.731246e-03   1.573819e-08
   1.090347e-02  -0.000000e+00   6.253133e-03   0.000000e+00  -3.971120e-04   0.000000e+00   8.642030e-05  -0.000000e+00  -1.217146e-04   3.268811e-09
   1.449462e-02  -0.000000e+00   8.966858e-03   0.000000e+00  -2.787669e-05   0.000000e+00   5.384012e-08  -0.000000e+00  -2.150511e-07   4.841664e-10
   1.044017e-02  -0.000000e+00   3.207718e-03   0.000000e+00  -2.556823e-04   0.000000e+00   6.851024e-05  -0.000000e+00  -4.033893e-05   2.054959e-09
   1.705983e-02  -0.000000e+00   9.277806e-03   0.000000e+00  -1.312330e-05   0.000000e+00   2.922964e-07  -0.000000e+00   5.680454e-06   3.989312e-10
   1.272197e-02  -0.000000e+00   8.248956e-03   0.000000e+00  -2.647288e-04   0.000000e+00  -1.115685e-04  -0.000000e+00  -5.835842e-05   2.962337e-09
   1.222950e-02  -0.000000e+00   6.596799e-03   0.000000e+00  -9.864959e-06   0.000000e+00   9.974464e-07  -0.000000e+00   4.087402e-06   2.709509e-10
   1.023573e-02  -0.000000e+00   1.038876e-02   0.000000e+00  -1.713695e-03   0.000000e+00  -3.781724e-04  -0.000000e+00   2.130182e-04   8.549505e-09
   1.301983e-02  -0.000000e+00   1.630710e-02   0.000000e+00  -2.583347e-05   0.000000e+00   1.435379e-06  -0.000000e+00  -5.695830e-06   5.445930e-10
   1.748306e-02  -0.000000e+00   1.499675e-02   0.000000e+00  -3.203736e-04   0.000000e+00  -1.253349e-05  -0.000000e+00  -1.074409e-04   2.506686e-09
   1.097488e-02  -0.000000e+00   1.514732e-02   0.000000e+00  -2.090204e-03   0.000000e+00  -5.421411e-04  -0.000000e+00   2.905440e-04   8.849974e-09
   1.460197e-02  -0.000000e+00   1.436132e-02   0.000000e+00  -7.333513e-04   0.000000e+00   2.289471e-04  -0.000000e+00  -2.735993e-04   4.641235e-09
   1.586920e-02  -0.000000e+00   1.253229e-02   0.000000e+00  -1.799321e-04   0.000000e+00  -2.225343e-05  -0.000000e+00  -4.841070e-05   1.721675e-09
   1.308502e-02  -0.000000e+00   1.213463e-02   0.000000e+00  -7.166028e-04   0.000000e+00   6.222040e-05  -0.000000e+00   1.452158e-04   5.640576e-09
                                                0.000000e+00  -3.635525e-02   0.000000e+00   2.159116e-03   0.000000e+00  -2.462952e-04   4.421001e-09

              4
             43
          pos_x          pos_y          pos_z       normal_x       normal_y       normal_z        tangt_x        tangt_y        tangt_z          pentr
   1.647605e-03   2.000000e-02   2.475048e-03   0.000000e+00   2.002925e-04   0.000000e+00   4.064929e-05  -0.000000e+00  -6.017130e-06   1.808790e-09
   6.535048e-03   2.000000e-02   6.124092e-03   0.000000e+00   4.561882e-04   0.000000e+00   9.421660e-05  -0.000000e+00  -1.599667e-04   3.383930e-09
   3.888210e-03   2.000000e-02   4.056265e-03   0.000000e+00   2.181579e-03   0.000000e+00   1.004212e-03  -0.000000e+00  -2.388235e-04   8.475321e-09
   7.878791e-03   2.000000e-02   2.668059e-03   0.000000e+00   1.583321e-03   0.000000e+00  -4.284438e-04  -0.000000e+00  -4.071195e-04   7.859204e-09
   9.664225e-03   2.000000e-02   7.010222e-03   0.000000e+00   2.351624e-03   0.000000e+00   6.472872e-04  -0.000000e+00   3.911847e-04   1.034472e-08
   1.718678e-03   2.000000e-02   4.815520e-03   0.000000e+00   2.650127e-05   0.000000e+00  -9.570098e-06  -0.000000e+00   3.471285e-06   5.683966e-10
   1.512419e-03   2.000000e-02   6.977382e-03   0.000000e+00   4.096636e-06   0.000000e+00  -7.341636e-07  -0.000000e+00  -1.475314e-06   1.764928e-10
   4.818053e-03   2.000000e-02   1.240074e-03   0.000000e+00   4.392494e-04   0.000000e+00   1.158708e-04  -0.000000e+00   2.889102e-05   3.122268e-09
   3.651098e-03   2.000000e-02   9.568421e-03   0.000000e+00   6.350886e-03   0.000000e+00   2.282393e-03  -0.000000e+00   4.262397e-04   1.462237e-08
   8.269212e-03   2.000000e-02   9.471092e-03   0.000000e+00   8.285872e-04   0.000000e+00   1.456097e-04  -0.000000e+00  -1.414997e-05   4.574064e-09
   9.657553e-03   2.000000e-02   1.299644e-03   0.000000e+00   2.161531e-04   0.000000e+00   1.975533e-05  -0.000000e+00  -4.610308e-05   2.316575e-09
   7.850003e-03   2.000000e-02   6.593559e-03   0.000000e+00   5.235959e-04   0.000000e+00  -2.890963e-05  -0.000000e+00  -3.331724e-05   4.241291e-09
   7.538728e-04   2.000000e-02   9.396682e-03   0.000000e+00   8.523510e-04   0.000000e+00  -1.761917e-04  -0.000000e+00   6.626162e-05   6.293751e-09
   1.700071e-03   2.000000e-02   1.803378e-02   0.000000e+00   1.849944e-05   0.000000e+00  -5.512563e-07  -0.000000e+00   6.882232e-06   4.542617e-10
   7.780409e-03   2.000000e-02   1.590237e-02   0.000000e+00   2.908052e-04   0.000000e+00   3.041697e-06  -0.000000e+00  -3.259192e-05   3.138497e-09
   5.308973e-03   2.000000e-02   1.524413e-02   0.000000e+00   1.044367e-03   0.000000e+00   2.355207e-04  -0.000000e+00   9.727909e-06   6.581575e-09
   2.280897e-03   2.000000e-02   1.562802e-02   0.000000e+00   8.654841e-04   0.000000e+00   2.237566e-04  -0.000000e+00   3.220843e-05   4.681044e-09
   9.831439e-03   2.000000e-02   1.385929e-02   0.000000e+00   2.918660e-04   0.000000e+00   3.041677e-05  -0.000000e+00  -6.714124e-05   2.154080e-09
   5.357141e-03   2.000000e-02   1.238574e-02   0.000000e+00   3.655345e-05   0.000000e+00  -8.666245e-06  -0.000000e+00   7.779074e-06   5.796286e-10
   1.604213e-03   2.000000e-02   1.137092e-02   0.000000e+00   1.259563e-04   0.000000e+00  -3.561044e-05  -0.000000e+00   3.436115e-05   1.484677e-09
   1.794356e-02   2.000000e-02   5.606311e-03   0.000000e+00   3.759086e-04   0.000000e+00  -6.502691e-05  -0.000000e+00   2.823914e-05   3.227600e-09
   1.939956e-02   2.000000e-02   4.534015e-03   0.000000e+00   8.010065e-04   0.000000e+00   8.765691e-05  -0.000000e+00   6.288498e-05   6.967432e-09
   1.657703e-02   2.000000e-02   8.491271e-03   0.000000e+00   1.146803e-03   0.000000e+00  -3.720686e-04  -0.000000e+00  -1.262285e-05   6.830450e-09
   1.620095e-02   2.000000e-02   3.799025e-03   0.000000e+00   1.500878e-03   0.000000e+00  -3.508566e-04  -0.000000e+00  -1.420096e-04   9.021447e-09
   1.790094e-02   2.000000e-02   1.039853e-02   0.000000e+00   6.645109e-04   0.000000e+00   9.073168e-05  -0.000000e+00  -1.147553e-05   5.448068e-09
   1.775593e-02   2.000000e-02   2.692261e-03   0.000000e+00   3.556328e-03   0.000000e+00   2.988321e-04  -0.000000e+00  -1.453219e-03   1.364846e-08
   1.412030e-02   2.000000e-02   4.115811e-03   0.000000e+00   8.312306e-04   0.000000e+00  -2.727220e-04  -0.000000e+00  -8.032113e-05   5.187224e-09
   1.543239e-02   2.000000e-02   9.592337e-04   0.000000e+00   1.028590e-05   0.000000e+00  -2.498605e-06  -0.000000e+00   1.194415e-06   2.908985e-10
   1.376079e-02   2.000000e-02   1.880983e-03   0.000000e+00   4.816061e-03   0.000000e+00   1.716329e-03  -0.000000e+00   1.054730e-03   1.593627e-08
   1.540903e-02   2.000000e-02   7.189660e-03   0.000000e+00   1.009527e-05   0.000000e+00  -1.812298e-06  -0.000000e+00   2.591676e-06   2.676758e-10
   1.168820e-02   2.000000e-02   2.101239e-03   0.000000e+00   1.157523e-02   0.000000e+00  -1.422261e-03  -0.000000e+00  -4.655377e-04   2.584108e-08
   1.418853e-02   2.000000e-02   5.594733e-03   0.000000e+00   2.892676e-05   0.000000e+00   5.866945e-07  -0.000000e+00   9.125339e-06   6.370074e-10
   1.179758e-02   2.000000e-02   5.311177e-03   0.000000e+00   3.671813e-04   0.000000e+00  -1.074241e-04  -0.000000e+00  -3.298992e-05   2.980253e-09
   1.616469e-02   2.000000e-02   6.053254e-03   0.000000e+00   1.289192e-04   0.000000e+00   1.465500e-05  -0.000000e+00   6.222161e-05   1.977237e-09
   1.404481e-02   2.000000e-02   7.323915e-03   0.000000e+00   4.823673e-05   0.000000e+00   1.447769e-05  -0.000000e+00  -7.625926e-06   1.001927e-09
   1.134424e-02   2.000000e-02   8.926865e-03   0.000000e+00   3.904851e-04   0.000000e+00   8.749441e-05  -0.000000e+00   9.747213e-05   2.908073e-09
   1.456758e-02   2.000000e-02   9.752482e-03   0.000000e+00   1.676595e-04   0.000000e+00   3.768918e-05  -0.000000e+00   5.729499e-05   1.876860e-09
   1.402748e-02   2.000000e-02   1.716031e-02   0.000000e+00   4.816031e-04   0.000000e+00  -1.321630e-04  -0.000000e+00   2.499218e-05   3.493910e-09
   1.140816e-02   2.000000e-02   1.594153e-02   0.000000e+00   6.614346e-05   0.000000e+00  -2.464144e-05  -0.000000e+00  -1.108403e-05   1.146512e-09
   1.763182e-02   2.000000e-02   1.466123e-02   0.000000e+00   2.848663e-04   0.000000e+00  -1.009738e-04  -0.000000e+00  -4.195638e-05   2.586856e-09
   1.255691e-02   2.000000e-02   1.373323e-02   0.000000e+00   4.409158e-04   0.000000e+00  -1.347212e-04  -0.000000e+00   4.732184e-06   3.422807e-09
   1.185804e-02   2.000000e-02   1.123803e-02   0.000000e+00   1.064883e-03   0.000000e+00  -3.232370e-05  -0.000000e+00  -4.845995e-04   5.065549e-09
   1.925359e-02   2.000000e-02   1.131546e-02   0.000000e+00   9.489437e-05   0.000000e+00  -2.888542e-05  -0.000000e+00   1.585647e-05   1.666089e-09
                                                0.000000e+00   4.754101e-02   0.000000e+00   3.454126e-03   0.000000e+00  -1.321804e-03   4.843968e-09

              5
             62
          pos_x          pos_y          pos_z       normal_x       normal_y       normal_z        tangt_x        tangt_y        tangt_z          pentr
   2.176667e-03   1.561531e-03  -0.000000e+00   0.000000e+00   0.000000e+00  -8.413623e-03   2.259191e-04  -1.074527e-03  -0.000000e+00   2.090966e-08
   6.371592e-03   1.429754e-03  -0.000000e+00   0.000000e+00   0.000000e+00  -2.044816e-03   4.551163e-04   3.334951e-04  -0.000000e+00   8.196112e-09
   4.695576e-03   5.495453e-03  -0.000000e+00   0.000000e+00   0.000000e+00  -5.731749e-05   1.200302e-05   2.494493e-05  -0.000000e+00   1.024457e-09
   1.279665e-03   3.459621e-03  -0.000000e+00   0.000000e+00   0.000000e+00  -1.286440e-04   4.949737e-05  -2.464415e-05  -0.000000e+00   1.687794e-09
   6.064867e-03   8.902548e-03  -0.000000e+00   0.000000e+00   0.000000e+00  -2.673427e-04  -4.850490e-05   5.402697e-05  -0.000000e+00   3.019469e-09
   1.188874e-03   9.737834e-03  -0.000000e+00   0.000000e+00   0.000000e+00  -3.399479e-03  -9.182400e-04   7.621063e-04  -0.000000e+00   1.257234e-08
   7.862885e-04   5.629018e-03  -0.000000e+00   0.000000e+00   0.000000e+00  -6.219447e-05  -1.106607e-05   8.425547e-06  -0.000000e+00   9.011930e-10
   2.646378e-03   4.989886e-03  -0.000000e+00   0.000000e+00   0.000000e+00  -1.352836e-04   9.630148e-06   5.243396e-05  -0.000000e+00   1.579666e-09
   2.345021e-03   6.803889e-03  -0.000000e+00   0.000000e+00   0.000000e+00  -1.570653e-04   6.293532e-06   5.249901e-06  -0.000000e+00   1.667123e-09
   3.926050e-03   9.290786e-03  -0.000000e+00   0.000000e+00   0.000000e+00  -6.079827e-04  -2.283517e-04   1.326330e-04  -0.000000e+00   3.500528e-09
   4.292142e-03   1.327909e-03  -0.000000e+00   0.000000e+00   0.000000e+00  -5.363040e-04  -3.039140e-05  -1.326344e-04  -0.000000e+00   3.794373e-09
   3.367302e-03   3.054522e-03  -0.000000e+00   0.000000e+00   0.000000e+00  -2.586815e-05   4.840338e-06  -4.870362e-06  -0.000000e+00   6.272892e-10
   4.410881e-03   6.638505e-03  -0.000000e+00   0.000000e+00   0.000000e+00  -5.243193e-05   5.153505e-08   5.238729e-07  -0.000000e+00   1.004692e-09
   5.115109e-03   3.556048e-03  -0.000000e+00   0.000000e+00   0.000000e+00  -4.434521e-03  -4.356304e-04   6.089365e-04  -0.000000e+00   1.619236e-08
   6.293255e-03   6.672170e-03  -0.000000e+00   0.000000e+00   0.000000e+00  -4.574367e-04  -7.277086e-05  -4.412207e-05  -0.000000e+00   3.633506e-09
   8.492820e-03   5.217157e-03  -0.000000e+00   0.000000e+00   0.000000e+00  -6.458856e-03  -3.035115e-04  -2.731130e-03  -0.000000e+00   1.886360e-08
   8.315126e-03   8.071724e-03  -0.000000e+00   0.000000e+00   0.000000e+00  -6.846901e-03  -1.096935e-03  -2.705449e-03  -0.000000e+00   1.845874e-08
   9.430721e-03   2.211645e-03  -0.000000e+00   0.000000e+00   0.000000e+00  -4.906003e-03  -6.823220e-04  -5.045690e-04  -0.000000e+00   1.323237e-08
   1.044022e-03   1.843453e-02  -0.000000e+00   0.000000e+00   0.000000e+00  -1.138207e-03  -2.064379e-04   2.999691e-04  -0.000000e+00   5.712557e-09
   4.013516e-03   1.872976e-02  -0.000000e+00   0.000000e+00   0.000000e+00  -6.490150e-04   4.652726e-05  -8.599073e-05  -0.000000e+00   4.101895e-09
   2.346650e-03   1.685582e-02  -0.000000e+00   0.000000e+00   0.000000e+00  -2.384860e-04   4.274032e-05  -1.628890e-05  -0.000000e+00   2.535846e-09
   6.292790e-03   1.816644e-02  -0.000000e+00   0.000000e+00   0.000000e+00  -1.916730e-04  -5.249626e-05   6.488827e-05  -0.000000e+00   1.915412e-09
   1.049208e-03   1.580893e-02  -0.000000e+00   0.000000e+00   0.000000e+00  -5.073940e-05   1.171708e-05   3.633080e-06  -0.000000e+00   9.834929e-10
   6.798655e-03   1.511684e-02  -0.000000e+00   0.000000e+00   0.000000e+00  -3.340787e-03  -1.089430e-03  -7.789354e-04  -0.000000e+00   1.286090e-08
   3.259099e-03   1.271949e-02  -0.000000e+00   0.000000e+00   0.000000e+00  -6.941882e-05  -3.353057e-06  -1.713371e-05  -0.000000e+00   9.712967e-10
   5.015953e-03   1.618391e-02  -0.000000e+00   0.000000e+00   0.000000e+00  -6.947012e-04   1.176108e-04  -1.536979e-04  -0.000000e+00   3.939906e-09
   2.472579e-03   1.445448e-02  -0.000000e+00   0.000000e+00   0.000000e+00  -6.318751e-03   9.521391e-04   6.835646e-04  -0.000000e+00   1.936220e-08
   9.657489e-03   1.897414e-02  -0.000000e+00   0.000000e+00   0.000000e+00  -5.524926e-04   1.339623e-04  -1.971106e-05  -0.000000e+00   5.101876e-09
   4.920510e-03   1.166987e-02  -0.000000e+00   0.000000e+00   0.000000e+00  -3.696312e-03   5.724151e-05  -1.200324e-03  -0.000000e+00   1.642647e-08
   8.821344e-03   1.375376e-02  -0.000000e+00   0.000000e+00   0.000000e+00  -2.246019e-03   1.358278e-04  -5.104139e-06  -0.000000e+00   8.834811e-09
   9.878320e-04   1.252494e-02  -0.000000e+00   0.000000e+00   0.000000e+00  -9.623043e-05   4.332910e-06   1.851354e-05  -0.000000e+00   1.204938e-09
   7.200022e-03   1.097916e-02  -0.000000e+00   0.000000e+00   0.000000e+00  -1.088693e-03  -1.711876e-04   3.613382e-05  -0.000000e+00   5.407914e-09
   9.882940e-03   1.596254e-02  -0.000000e+00   0.000000e+00   0.000000e+00  -8.680676e-05   2.322388e-06   2.311078e-06  -0.000000e+00   1.123382e-09
   1.798868e-02   5.656444e-03  -0.000000e+00   0.000000e+00   0.000000e+00  -1.985896e-03   2.706249e-05  -3.961152e-04  -0.000000e+00   8.767800e-09
   1.608445e-02   8.098421e-03  -0.000000e+00   0.000000e+00   0.000000e+00  -3.472634e-03   1.157792e-03   7.714520e-04  -0.000000e+00   1.340160e-08
   1.704384e-02   1.926179e-03  -0.000000e+00   0.000000e+00   0.000000e+00  -5.430359e-03   4.205494e-04  -3.418178e-04  -0.000000e+00   1.693364e-08
   1.252287e-02   4.978215e-03  -0.000000e+00   0.000000e+00   0.000000e+00  -1.459402e-03  -8.070194e-06   2.825971e-04  -0.000000e+00   8.426804e-09
   1.543875e-02   4.871933e-03  -0.000000e+00   0.000000e+00   0.000000e+00  -1.385525e-03  -1.741636e-04  -4.321172e-04  -0.000000e+00   8.214158e-09
   1.833727e-02   3.756971e-03  -0.000000e+00   0.000000e+00   0.000000e+00  -2.455057e-03  -2.353846e-04   2.544951e-04  -0.000000e+00   1.042153e-08
   1.520535e-02   1.249890e-03  -0.000000e+00   0.000000e+00   0.000000e+00  -6.004594e-05  -4.414611e-06   2.866214e-05  -0.000000e+00   9.724613e-10
   1.429692e-02   3.059595e-03  -0.000000e+00   0.000000e+00   0.000000e+00  -1.726434e-04  -8.384752e-06  -1.813233e-05  -0.000000e+00   2.167909e-09
   1.247793e-02   1.712638e-03  -0.000000e+00   0.000000e+00   0.000000e+00  -3.098345e-03   8.869227e-04   1.883917e-04  -0.000000e+00   1.219433e-08
   1.348308e-02   9.140882e-03  -0.000000e+00   0.000000e+00   0.000000e+00  -3.888826e-03  -1.404389e-04   9.250333e-05  -0.000000e+00   1.474507e-08
   1.432920e-02   6.939348e-03  -0.000000e+00   0.000000e+00   0.000000e+00  -2.540776e-04   9.931708e-05   1.286386e-06  -0.000000e+00   2.319147e-09
   1.891589e-02   9.329540e-03  -0.000000e+00   0.000000e+00   0.000000e+00  -3.687457e-03   1.602503e-03  -5.744136e-04  -0.000000e+00   1.213227e-08
   1.092328e-02   6.503684e-03  -0.000000e+00   0.000000e+00   0.000000e+00  -3.523483e-04   1.604404e-05  -1.992750e-05  -0.000000e+00   2.541881e-09
   1.127592e-02   8.324320e-03  -0.000000e+00   0.000000e+00   0.000000e+00  -7.805427e-05  -2.189590e-06  -1.641097e-05  -0.000000e+00   1.265004e-09
   1.820332e-02   1.720650e-02  -0.000000e+00   0.000000e+00   0.000000e+00  -6.469352e-03   4.114351e-04  -6.876315e-04  -0.000000e+00   2.493701e-08
   1.878198e-02   1.887421e-02  -0.000000e+00   0.000000e+00   0.000000e+00  -4.856690e-05  -1.220307e-05  -6.016401e-07  -0.000000e+00   9.271996e-10
   1.681417e-02   1.499848e-02  -0.000000e+00   0.000000e+00   0.000000e+00  -5.207792e-03  -8.864341e-05  -1.110677e-03  -0.000000e+00   1.675101e-08
   1.490433e-02   1.690794e-02  -0.000000e+00   0.000000e+00   0.000000e+00  -1.795956e-03   4.659010e-04  -1.380297e-05  -0.000000e+00   8.366814e-09
   1.910352e-02   1.431853e-02  -0.000000e+00   0.000000e+00   0.000000e+00  -4.916506e-05  -7.815867e-06  -8.889273e-06  -0.000000e+00   8.719410e-10
   1.575897e-02   1.918736e-02  -0.000000e+00   0.000000e+00   0.000000e+00  -5.673285e-05   6.609726e-06  -8.957754e-06  -0.000000e+00   1.045579e-09
   1.395596e-02   1.859686e-02  -0.000000e+00   0.000000e+00   0.000000e+00  -3.774182e-03  -1.699440e-04  -8.346885e-04  -0.000000e+00   1.653622e-08
   1.781076e-02   1.287566e-02  -0.000000e+00   0.000000e+00   0.000000e+00  -5.470749e-05   1.034599e-05   2.217275e-06  -0.000000e+00   1.011615e-09
   1.896017e-02   1.203915e-02  -0.000000e+00   0.000000e+00   0.000000e+00  -5.057662e-05  -4.390305e-06  -2.411087e-06  -0.000000e+00   7.865623e-10
   1.167226e-02   1.674333e-02  -0.000000e+00   0.000000e+00   0.000000e+00  -4.830091e-03  -1.238643e-04  -9.781949e-04  -0.000000e+00   1.604193e-08
   1.602096e-02   1.149442e-02  -0.000000e+00   0.000000e+00   0.000000e+00  -6.033751e-04  -6.694223e-05  -9.146403e-05  -0.000000e+00   4.082332e-09
   1.393963e-02   1.271693e-02  -0.000000e+00   0.000000e+00   0.000000e+00  -4.705896e-04  -1.054418e-04   1.119884e-04  -0.000000e+00   3.577815e-09
   1.143509e-02   1.426505e-02  -0.000000e+00   0.000000e+00   0.000000e+00  -3.600519e-03   7.883754e-04  -6.231841e-04  -0.000000e+00   1.508161e-08
   1.486979e-02   1.441518e-02  -0.000000e+00   0.000000e+00   0.000000e+00  -7.399773e-05   2.673510e-05   1.766290e-05  -0.000000e+00   1.012200e-09
   1.122276e-02   1.090281e-02  -0.000000e+00   0.000000e+00   0.000000e+00  -2.128738e-03   5.042754e-04  -4.053712e-04  -0.000000e+00   7.293042e-09
                                                0.000000e+00   0.000000e+00  -1.164454e-01   2.188721e-03  -1.122089e-02   0.000000e+00   7.325398e-09

