              5

              1
             51
          pos_x          pos_y          pos_z       normal_x       normal_y       normal_z        tangt_x        tangt_y        tangt_z          pentr
  -0.000000e+00   3.389181e-03   1.089344e-03  -8.385671e-05   0.000000e+00   0.000000e+00  -0.000000e+00  -2.537951e-05   5.170933e-06   1.418072e-09
  -0.000000e+00   8.972254e-03   1.335538e-03  -2.468399e-03   0.000000e+00   0.000000e+00  -0.000000e+00  -1.062553e-03  -4.526861e-04   9.130885e-09
  -0.000000e+00   9.862890e-04   1.999543e-03  -1.371475e-04   0.000000e+00   0.000000e+00  -0.000000e+00  -2.746458e-05   5.965745e-05   1.527521e-09
  -0.000000e+00   4.147618e-03   1.888437e-03  -2.115931e-05   0.000000e+00   0.000000e+00  -0.000000e+00   7.203099e-06   3.320188e-07   4.748284e-10
  -0.000000e+00   5.958341e-03   2.683974e-03  -8.708207e-04   0.000000e+00   0.000000e+00  -0.000000e+00  -2.681784e-04  -6.661895e-05   5.494842e-09
  -0.000000e+00   2.729681e-03   4.725090e-03  -9.951759e-04   0.000000e+00   0.000000e+00  -0.000000e+00  -2.033951e-04   1.629890e-04   5.913553e-09
  -0.000000e+00   8.787400e-03   5.168998e-03  -1.422655e-03   0.000000e+00   0.000000e+00  -0.000000e+00  -2.136198e-04   3.325638e-05   5.812145e-09
  -0.000000e+00   5.528782e-03   4.970928e-03  -3.376738e-04   0.000000e+00   0.000000e+00  -0.000000e+00   6.807144e-05  -9.112678e-05   2.529723e-09
  -0.000000e+00   1.112024e-03   8.998397e-03  -4.901275e-04   0.000000e+00   0.000000e+00  -0.000000e+00  -9.745236e-05   4.230546e-06   3.919574e-09
  -0.000000e+00   9.141536e-04   4.272299e-03  -1.377941e-03   0.000000e+00   0.000000e+00  -0.000000e+00   2.649109e-04   4.371234e-04   8.003194e-09
  -0.000000e+00   3.843210e-03   6.607958e-03  -1.000359e-02   0.000000e+00   0.000000e+00  -0.000000e+00   1.824274e-03   1.868245e-03   3.650304e-08
  -0.000000e+00   7.008817e-03   6.723349e-03  -3.186582e-05   0.000000e+00   0.000000e+00  -0.000000e+00  -7.509255e-06  -3.397827e-06   6.189869e-10
  -0.000000e+00   6.704756e-03   1.031485e-02  -4.183422e-04   0.000000e+00   0.000000e+00  -0.000000e+00  -1.095432e-04   2.991325e-05   3.170260e-09
  -0.000000e+00   8.446711e-03   8.480364e-03  -3.127299e-04   0.000000e+00   0.000000e+00  -0.000000e+00  -8.382545e-05  -9.578262e-05   2.727110e-09
  -0.000000e+00   5.002200e-03   7.069093e-03  -1.183839e-05   0.000000e+00   0.000000e+00  -0.000000e+00  -2.186168e-06   4.435323e-06   3.056730e-10
  -0.000000e+00   3.405672e-03   9.524824e-03  -4.540195e-04   0.000000e+00   0.000000e+00  -0.000000e+00  -5.061128e-05   1.585506e-04   3.753309e-09
  -0.000000e+00   5.996877e-03   1.485378e-02  -1.035035e-03   0.000000e+00   0.000000e+00  -0.000000e+00  -1.361168e-04  -1.720314e-04   4.922619e-09
  -0.000000e+00   8.349604e-03   1.525461e-02  -2.368015e-04   0.000000e+00   0.000000e+00  -0.000000e+00  -2.935682e-06  -2.820242e-06   2.495982e-09
  -0.000000e+00   2.044223e-03   1.453751e-02  -6.828426e-05   0.000000e+00   0.000000e+00  -0.000000e+00  -6.750416e-06  -3.039050e-05   9.641108e-10
  -0.000000e+00   8.934473e-03   1.338564e-02  -2.694163e-05   0.000000e+00   0.000000e+00  -0.000000e+00   2.067111e-06  -4.791606e-06   6.445914e-10
  -0.000000e+00   7.619021e-03   1.249280e-02  -1.637153e-05   0.000000e+00   0.000000e+00  -0.000000e+00   3.532930e-06  -3.119295e-06   4.595198e-10
  -0.000000e+00   4.275975e-03   1.272263e-02  -4.427314e-04   0.000000e+00   0.000000e+00  -0.000000e+00   1.205404e-04  -1.549414e-04   3.113396e-09
  -0.000000e+00   1.125378e-03   1.224953e-02  -3.064003e-04   0.000000e+00   0.000000e+00  -0.000000e+00   5.234281e-05  -8.108649e-05   3.341907e-09
  -0.000000e+00   2.294153e-03   1.064543e-02  -2.109205e-05   0.000000e+00   0.000000e+00  -0.000000e+00  -9.744686e-06   1.890104e-06   4.898004e-10
  -0.000000e+00   1.434138e-02   4.756012e-03  -5.117298e-06   0.000000e+00   0.000000e+00  -0.000000e+00  -8.589120e-07   4.909619e-07   2.216597e-10
  -0.000000e+00   1.818678e-02   4.836391e-03  -1.167027e-04   0.000000e+00   0.000000e+00  -0.000000e+00  -5.689978e-05   1.260142e-05   1.475857e-09
  -0.000000e+00   1.829772e-02   7.058900e-03  -1.145695e-05   0.000000e+00   0.000000e+00  -0.000000e+00  -1.058805e-06  -5.134587e-06   3.284773e-10
  -0.000000e+00   1.728989e-02   2.753703e-03  -2.127414e-03   0.000000e+00   0.000000e+00  -0.000000e+00   9.733809e-05  -7.068627e-04   9.380463e-09
  -0.000000e+00   1.549283e-02   1.143924e-03  -1.210406e-05   0.000000e+00   0.000000e+00  -0.000000e+00  -3.867477e-06  -1.203648e-06   3.508992e-10
  -0.000000e+00   1.393083e-02   2.762651e-03  -4.707558e-03   0.000000e+00   0.000000e+00  -0.000000e+00   2.029133e-05   4.988017e-04   1.460651e-08
  -0.000000e+00   1.515352e-02   7.319486e-03  -4.447519e-04   0.000000e+00   0.000000e+00  -0.000000e+00   9.478263e-05   1.900580e-05   3.352145e-09
  -0.000000e+00   1.146936e-02   1.630329e-03  -1.307900e-05   0.000000e+00   0.000000e+00  -0.000000e+00  -5.253425e-06  -1.049638e-06   4.066650e-10
  -0.000000e+00   1.603988e-02   4.433560e-03  -1.048035e-03   0.000000e+00   0.000000e+00  -0.000000e+00   4.810589e-05  -1.234534e-04   7.401331e-09
  -0.000000e+00   1.615213e-02   8.432857e-03  -5.026088e-03   0.000000e+00   0.000000e+00  -0.000000e+00  -1.284160e-03  -6.382491e-04   1.682706e-08
  -0.000000e+00   1.603530e-02   5.656286e-03  -2.020159e-05   0.000000e+00   0.000000e+00  -0.000000e+00   1.632018e-06  -5.072164e-06   5.141923e-10
  -0.000000e+00   1.154584e-02   7.540347e-03  -2.347309e-03   0.000000e+00   0.000000e+00  -0.000000e+00  -6.282829e-04   1.588063e-04   1.136280e-08
  -0.000000e+00   1.372470e-02   6.252975e-03  -4.253592e-05   0.000000e+00   0.000000e+00  -0.000000e+00   6.373639e-06  -3.143871e-06   7.532801e-10
  -0.000000e+00   1.384116e-02   9.181465e-03  -1.008810e-03   0.000000e+00   0.000000e+00  -0.000000e+00   3.490939e-04   3.424976e-05   5.732381e-09
  -0.000000e+00   1.010289e-02   8.168359e-03  -1.628126e-04   0.000000e+00   0.000000e+00  -0.000000e+00  -3.126634e-05  -4.688660e-05   2.138485e-09
  -0.000000e+00   1.907186e-02   9.383562e-03  -2.552299e-03   0.000000e+00   0.000000e+00  -0.000000e+00   4.030016e-04   2.112109e-04   1.110792e-08
  -0.000000e+00   1.196789e-02   9.114589e-03  -1.189573e-03   0.000000e+00   0.000000e+00  -0.000000e+00   1.011949e-04   6.376639e-06   8.676177e-09
  -0.000000e+00   1.021917e-02   9.473449e-03  -2.710621e-04   0.000000e+00   0.000000e+00  -0.000000e+00  -7.286413e-05  -8.572715e-05   2.457894e-09
  -0.000000e+00   1.362018e-02   1.704697e-02  -1.268601e-06   0.000000e+00   0.000000e+00  -0.000000e+00  -1.311211e-07  -2.735213e-07   6.262705e-11
  -0.000000e+00   1.841437e-02   1.786686e-02  -8.104513e-05   0.000000e+00   0.000000e+00  -0.000000e+00  -1.041368e-05   2.805350e-05   1.258441e-09
  -0.000000e+00   1.218107e-02   1.495808e-02  -5.227316e-05   0.000000e+00   0.000000e+00  -0.000000e+00  -1.524149e-05  -1.454899e-05   8.240278e-10
  -0.000000e+00   1.445441e-02   1.465829e-02  -2.486768e-05   0.000000e+00   0.000000e+00  -0.000000e+00  -2.212466e-06   2.324006e-07   4.726832e-10
  -0.000000e+00   1.044109e-02   1.452654e-02  -3.548564e-04   0.000000e+00   0.000000e+00  -0.000000e+00   9.705329e-05  -1.399206e-04   3.125076e-09
  -0.000000e+00   1.181124e-02   1.273643e-02  -9.150865e-04   0.000000e+00   0.000000e+00  -0.000000e+00  -5.201539e-06  -1.007123e-04   4.931758e-09
  -0.000000e+00   1.450610e-02   1.209753e-02  -1.267858e-03   0.000000e+00   0.000000e+00  -0.000000e+00   1.769236e-04   3.959015e-06   6.670733e-09
  -0.000000e+00   1.651872e-02   1.218897e-02  -1.641138e-03   0.000000e+00   0.000000e+00  -0.000000e+00  -5.340872e-04   5.748905e-05   8.103085e-09
  -0.000000e+00   1.844904e-02   1.190970e-02  -1.925161e-04   0.000000e+00   0.000000e+00  -0.000000e+00  -4.104416e-05   3.935486e-05   2.062425e-09
                                               -4.722882e-02   0.000000e+00   0.000000e+00   0.000000e+00  -1.261375e-03   8.053950e-04   4.555680e-09

              2
             36
          pos_x          pos_y          pos_z       normal_x       normal_y       normal_z        tangt_x        tangt_y        tangt_z          pentr
   2.000000e-02   3.222643e-03   3.315071e-03   3.254942e-03   0.000000e+00   0.000000e+00  -0.000000e+00  -3.907314e-04   1.261065e-03   1.027537e-08
   2.000000e-02   1.866265e-03   6.320243e-03   3.180992e-03   0.000000e+00   0.000000e+00  -0.000000e+00   8.466967e-04   1.141069e-03   9.872219e-09
   2.000000e-02   5.555397e-03   5.159228e-03   1.498136e-03   0.000000e+00   0.000000e+00  -0.000000e+00   4.958692e-04  -2.692461e-04   7.419791e-09
   2.000000e-02   8.661527e-03   6.008105e-03   3.862465e-03   0.000000e+00   0.000000e+00  -0.000000e+00  -6.678026e-04   5.252537e-04   1.313217e-08
   2.000000e-02   3.712012e-03   9.332781e-03   1.596603e-04   0.000000e+00   0.000000e+00  -0.000000e+00  -2.297122e-05   2.626408e-05   1.988838e-09
   2.000000e-02   6.024922e-03   7.540310e-03   8.035844e-04   0.000000e+00   0.000000e+00  -0.000000e+00  -2.255736e-05  -2.691441e-04   4.858581e-09
   2.000000e-02   1.106289e-03   9.341804e-03   6.584028e-04   0.000000e+00   0.000000e+00  -0.000000e+00  -1.350380e-04  -1.777860e-04   4.647088e-09
   2.000000e-02   8.864746e-03   2.764454e-03   4.826015e-05   0.000000e+00   0.000000e+00  -0.000000e+00   2.116915e-05   3.169122e-06   9.241749e-10
   2.000000e-02   7.548841e-03   1.747884e-02   7.120338e-05   0.000000e+00   0.000000e+00  -0.000000e+00   1.344371e-05  -4.104771e-06   1.155505e-09
   2.000000e-02   9.020822e-03   1.561657e-02   2.917868e-04   0.000000e+00   0.000000e+00  -0.000000e+00  -1.756690e-05  -5.041399e-05   2.492400e-09
   2.000000e-02   2.152294e-03   1.512360e-02   4.540308e-04   0.000000e+00   0.000000e+00  -0.000000e+00  -1.285569e-04   2.646861e-05   3.521291e-09
   2.000000e-02   5.299930e-03   1.545096e-02   6.459981e-04   0.000000e+00   0.000000e+00  -0.000000e+00   1.671180e-04   1.737529e-04   4.067655e-09
   2.000000e-02   4.826928e-03   1.250638e-02   2.860466e-05   0.000000e+00   0.000000e+00  -0.000000e+00   1.420950e-06   3.450857e-06   6.480050e-10
   2.000000e-02   3.386767e-03   1.085551e-02   3.326018e-04   0.000000e+00   0.000000e+00  -0.000000e+00   1.557048e-05  -1.716507e-05   2.798680e-09
   2.000000e-02   6.664270e-03   1.059069e-02   2.140809e-03   0.000000e+00   0.000000e+00  -0.000000e+00  -3.723133e-04   2.505424e-05   7.374255e-09
   2.000000e-02   1.895271e-02   1.180298e-03   1.209539e-05   0.000000e+00   0.000000e+00  -0.000000e+00  -1.308587e-06  -5.878968e-06   3.739937e-10
   2.000000e-02   1.635308e-02   4.832044e-03   3.426324e-03   0.000000e+00   0.000000e+00  -0.000000e+00  -1.031841e-03  -5.242344e-04   1.306732e-08
   2.000000e-02   1.531118e-02   3.065644e-03   6.159795e-03   0.000000e+00   0.000000e+00  -0.000000e+00   6.916749e-04   2.033891e-03   1.710482e-08
   2.000000e-02   1.900224e-02   4.584854e-03   4.619191e-04   0.000000e+00   0.000000e+00  -0.000000e+00  -2.734993e-05  -1.455700e-04   3.421379e-09
   2.000000e-02   1.861632e-02   9.407788e-03   2.875804e-03   0.000000e+00   0.000000e+00  -0.000000e+00   6.304777e-04   8.440012e-04   1.019692e-08
   2.000000e-02   1.790055e-02   3.063176e-03   3.016313e-03   0.000000e+00   0.000000e+00  -0.000000e+00   8.742655e-04   1.733770e-07   1.257228e-08
   2.000000e-02   1.489328e-02   8.592916e-04   7.015565e-06   0.000000e+00   0.000000e+00  -0.000000e+00  -3.253276e-06  -6.884856e-07   2.467498e-10
   2.000000e-02   1.145000e-02   8.865010e-03   1.686048e-03   0.000000e+00   0.000000e+00  -0.000000e+00  -1.974998e-04  -1.674572e-04   8.958444e-09
   2.000000e-02   1.284663e-02   3.556917e-03   1.883961e-03   0.000000e+00   0.000000e+00  -0.000000e+00  -3.584470e-04  -5.133495e-04   8.014715e-09
   2.000000e-02   1.224839e-02   6.590316e-04   4.447523e-06   0.000000e+00   0.000000e+00  -0.000000e+00   1.076709e-06  -1.611415e-06   2.129643e-10
   2.000000e-02   1.023468e-02   7.289691e-03   2.461498e-05   0.000000e+00   0.000000e+00  -0.000000e+00  -5.825208e-06   4.460452e-07   5.065872e-10
   2.000000e-02   1.386367e-02   1.770688e-02   3.520255e-05   0.000000e+00   0.000000e+00  -0.000000e+00   1.286240e-05   8.221243e-06   8.157584e-10
   2.000000e-02   1.703037e-02   1.810959e-02   3.648024e-04   0.000000e+00   0.000000e+00  -0.000000e+00   4.526478e-05   1.963989e-05   2.733057e-09
   2.000000e-02   1.297227e-02   1.620094e-02   1.070564e-04   0.000000e+00   0.000000e+00  -0.000000e+00   3.762649e-05  -1.223368e-05   1.173449e-09
   2.000000e-02   1.090328e-02   1.524780e-02   4.935464e-05   0.000000e+00   0.000000e+00  -0.000000e+00  -9.085706e-06  -1.113621e-05   8.534256e-10
   2.000000e-02   1.361752e-02   1.416528e-02   7.470096e-05   0.000000e+00   0.000000e+00  -0.000000e+00   1.751878e-07   2.057896e-05   1.345199e-09
   2.000000e-02   1.082095e-02   1.314853e-02   2.665851e-04   0.000000e+00   0.000000e+00  -0.000000e+00   4.300347e-05   2.832163e-05   2.711816e-09
   2.000000e-02   1.822797e-02   1.281184e-02   2.642261e-04   0.000000e+00   0.000000e+00  -0.000000e+00  -1.130616e-04   3.846785e-05   2.226682e-09
   2.000000e-02   1.280281e-02   1.235927e-02   1.610179e-04   0.000000e+00   0.000000e+00  -0.000000e+00   9.426490e-06  -4.549696e-05   1.822614e-09
   2.000000e-02   1.908643e-02   1.136539e-02   2.097999e-04   0.000000e+00   0.000000e+00  -0.000000e+00   5.257495e-05  -3.402767e-05   2.536688e-09
   2.000000e-02   9.687569e-03   1.069940e-02   1.068945e-03   0.000000e+00   0.000000e+00  -0.000000e+00  -1.499892e-04  -2.017464e-04   6.033471e-09
                                                3.959151e-02   0.000000e+00   0.000000e+00   0.000000e+00   3.045180e-04   3.727997e-03   4.780676e-09

              3
             42
          pos_x          pos_y          pos_z       normal_x       normal_y       normal_z        tangt_x        tangt_y        tangt_z          pentr
   6.189399e-03  -0.000000e+00   9.887060e-04   0.000000e+00  -1.237004e-03   0.000000e+00   5.187326e-06  -0.000000e+00  -2.571130e-04   7.610736e-09
   6.084204e-04  -0.000000e+00   1.824327e-03   0.000000e+00  -1.294651e-05   0.000000e+00  -3.629134e-06  -0.000000e+00  -2.317880e-06   4.402561e-10
   3.902296e-03  -0.000000e+00   1.935869e-03   0.000000e+00  -1.770242e-05   0.000000e+00   2.950380e-06  -0.000000e+00   2.176796e-06   3.995155e-10
   2.128808e-03  -0.000000e+00   3.459440e-03   0.000000e+00  -4.091807e-03   0.000000e+00  -5.404438e-04  -0.000000e+00   1.442938e-03   1.506235e-08
   1.679354e-03  -0.000000e+00   6.310454e-03   0.000000e+00  -8.499909e-04   0.000000e+00   8.095356e-05  -0.000000e+00   1.573106e-04   5.281760e-09
   1.376310e-03  -0.000000e+00   8.432309e-03   0.000000e+00  -8.161522e-04   0.000000e+00  -4.581903e-06  -0.000000e+00  -3.060126e-04   4.613030e-09
   2.400774e-03  -0.000000e+00   4.878733e-03   0.000000e+00  -1.057939e-04   0.000000e+00   8.504801e-07  -0.000000e+00  -4.309069e-05   1.601218e-09
   8.820985e-04  -0.000000e+00   4.208787e-03   0.000000e+00  -2.158779e-04   0.000000e+00  -4.645143e-05  -0.000000e+00   4.748327e-05   2.383227e-09
   3.936866e-03  -0.000000e+00   6.365416e-03   0.000000e+00  -9.764180e-05   0.000000e+00   6.610302e-06  -0.000000e+00   4.047812e-05   1.417937e-09
   8.081124e-03  -0.000000e+00   6.139003e-03   0.000000e+00  -3.679101e-04   0.000000e+00  -3.716329e-05  -0.000000e+00  -6.845954e-05   2.796324e-09
   3.673928e-03  -0.000000e+00   7.664758e-03   0.000000e+00  -1.348745e-03   0.000000e+00   1.961400e-04  -0.000000e+00  -3.055952e-04   7.433602e-09
   5.729170e-03  -0.000000e+00   6.170154e-03   0.000000e+00  -6.264955e-05   0.000000e+00   7.105136e-06  -0.000000e+00   1.699466e-05   1.130866e-09
   5.631679e-03  -0.000000e+00   7.783789e-03   0.000000e+00  -3.971332e-05   0.000000e+00  -1.592519e-05  -0.000000e+00   4.045576e-06   8.316291e-10
   9.704062e-03  -0.000000e+00   1.377363e-03   0.000000e+00  -3.017955e-03   0.000000e+00   4.105490e-05  -0.000000e+00   7.768643e-04   1.322398e-08
   7.735733e-03  -0.000000e+00   8.337123e-03   0.000000e+00  -9.504274e-05   0.000000e+00   1.544380e-05  -0.000000e+00   3.358000e-05   1.232841e-09
   5.616989e-03  -0.000000e+00   1.872092e-02   0.000000e+00  -8.106523e-05   0.000000e+00  -1.581007e-05  -0.000000e+00  -1.205184e-05   1.129860e-09
   6.448686e-03  -0.000000e+00   1.442451e-02   0.000000e+00  -6.148125e-04   0.000000e+00  -1.119872e-04  -0.000000e+00   2.168143e-04   4.033316e-09
   4.050113e-03  -0.000000e+00   1.537481e-02   0.000000e+00  -7.379176e-05   0.000000e+00   2.046817e-05  -0.000000e+00  -3.977174e-06   1.101639e-09
   1.770281e-03  -0.000000e+00   1.395488e-02   0.000000e+00  -2.686562e-04   0.000000e+00  -7.511116e-06  -0.000000e+00   7.141891e-05   2.083407e-09
   8.302811e-03  -0.000000e+00   1.204429e-02   0.000000e+00  -1.580715e-04   0.000000e+00   4.828207e-05  -0.000000e+00  -4.411283e-05   1.577318e-09
   2.526124e-03  -0.000000e+00   1.242663e-02   0.000000e+00  -2.141532e-05   0.000000e+00   5.026674e-06  -0.000000e+00   8.219374e-06   5.342742e-10
   1.398067e-03  -0.000000e+00   1.057293e-02   0.000000e+00  -5.197947e-04   0.000000e+00  -1.267459e-04  -0.000000e+00   8.387107e-05   4.054504e-09
   5.741466e-03  -0.000000e+00   1.068639e-02   0.000000e+00  -2.644469e-03   0.000000e+00   6.832633e-04  -0.000000e+00   5.130123e-04   1.329762e-08
   1.763547e-02  -0.000000e+00   1.815855e-03   0.000000e+00  -1.698520e-03   0.000000e+00   6.192582e-04  -0.000000e+00  -1.564711e-04   7.880947e-09
   1.736251e-02  -0.000000e+00   4.645222e-03   0.000000e+00  -5.058611e-03   0.000000e+00   1.647407e-03  -0.000000e+00  -8.430239e-04   1.568302e-08
   1.861943e-02  -0.000000e+00   9.378352e-03   0.000000e+00  -1.042887e-03   0.000000e+00   2.181679e-04  -0.000000e+00  -2.706613e-04   5.305303e-09
   1.511508e-02  -0.000000e+00   2.857671e-03   0.000000e+00  -9.557311e-04   0.000000e+00  -1.572500e-04  -0.000000e+00   3.886277e-04   5.203804e-09
   1.539781e-02  -0.000000e+00   9.754983e-04   0.000000e+00  -2.866221e-05   0.000000e+00   4.427918e-06  -0.000000e+00   7.829134e-06   7.041301e-10
   1.277935e-02  -0.000000e+00   1.469756e-03   0.000000e+00  -4.007220e-03   0.000000e+00   2.975352e-04  -0.000000e+00  -1.757495e-03   1.559969e-08
   1.090347e-02  -0.000000e+00   6.253133e-03   0.000000e+00  -4.004694e-04   0.000000e+00   8.741655e-05  -0.000000e+00  -1.190164e-04   3.287209e-09
   1.449442e-02  -0.000000e+00   8.967870e-03   0.000000e+00  -2.521358e-05   0.000000e+00   1.095357e-06  -0.000000e+00  -7.145377e-06   4.528006e-10
   1.044016e-02  -0.000000e+00   3.207718e-03   0.000000e+00  -2.776287e-04   0.000000e+00   4.363698e-05  -0.000000e+00  -3.001467e-05   2.170929e-09
   1.705998e-02  -0.000000e+00   9.278742e-03   0.000000e+00  -1.292401e-05   0.000000e+00   2.661370e-07  -0.000000e+00   5.149371e-06   3.948429e-10
   1.272209e-02  -0.000000e+00   8.248990e-03   0.000000e+00  -2.650927e-04   0.000000e+00  -1.128798e-04  -0.000000e+00  -5.899314e-05   2.965058e-09
   1.222950e-02  -0.000000e+00   6.596798e-03   0.000000e+00  -6.165465e-06   0.000000e+00   8.839423e-07  -0.000000e+00   1.095620e-06   1.980634e-10
   1.023573e-02  -0.000000e+00   1.038876e-02   0.000000e+00  -1.714728e-03   0.000000e+00  -3.857123e-04  -0.000000e+00   2.166347e-04   8.552939e-09
   1.301983e-02  -0.000000e+00   1.630710e-02   0.000000e+00  -2.622345e-05   0.000000e+00   8.093101e-07  -0.000000e+00  -5.546411e-06   5.500601e-10
   1.748306e-02  -0.000000e+00   1.499675e-02   0.000000e+00  -3.194423e-04   0.000000e+00  -1.213295e-05  -0.000000e+00  -1.075212e-04   2.501826e-09
   1.097488e-02  -0.000000e+00   1.514732e-02   0.000000e+00  -2.094324e-03   0.000000e+00  -5.400792e-04  -0.000000e+00   2.923811e-04   8.861600e-09
   1.460197e-02  -0.000000e+00   1.436132e-02   0.000000e+00  -7.369627e-04   0.000000e+00   2.245019e-04  -0.000000e+00  -2.712351e-04   4.656460e-09
   1.586920e-02  -0.000000e+00   1.253229e-02   0.000000e+00  -1.744623e-04   0.000000e+00  -2.419530e-05  -0.000000e+00  -5.035468e-05   1.686604e-09
   1.308502e-02  -0.000000e+00   1.213463e-02   0.000000e+00  -7.176322e-04   0.000000e+00   5.863776e-05  -0.000000e+00   1.446840e-04   5.645977e-09
                                                0.000000e+00  -3.632191e-02   0.000000e+00   2.174882e-03   0.000000e+00  -2.486007e-04   4.418392e-09

              4
             43
          pos_x          pos_y          pos_z       normal_x       normal_y       normal_z        tangt_x        tangt_y        tangt_z          pentr
   1.647606e-03   2.000000e-02   2.475047e-03   0.000000e+00   2.004158e-04   0.000000e+00   4.097260e-05  -0.000000e+00  -8.548012e-06   1.809532e-09
   6.535048e-03   2.000000e-02   6.124092e-03   0.000000e+00   4.575860e-04   0.000000e+00   9.558346e-05  -0.000000e+00  -1.604593e-04   3.390839e-09
   3.888210e-03   2.000000e-02   4.056265e-03   0.000000e+00   2.182273e-03   0.000000e+00   1.005208e-03  -0.000000e+00  -2.385391e-04   8.477118e-09
   7.878791e-03   2.000000e-02   2.668059e-03   0.000000e+00   1.583138e-03   0.000000e+00  -4.287245e-04  -0.000000e+00  -4.074463e-04   7.858598e-09
   9.664225e-03   2.000000e-02   7.010222e-03   0.000000e+00   2.348819e-03   0.000000e+00   6.473689e-04  -0.000000e+00   3.919812e-04   1.033649e-08
   1.718679e-03   2.000000e-02   4.815520e-03   0.000000e+00   2.516381e-05   0.000000e+00  -9.038782e-06  -0.000000e+00   3.353714e-06   5.491080e-10
   1.512419e-03   2.000000e-02   6.977383e-03   0.000000e+00   4.077021e-06   0.000000e+00  -5.619299e-07  -0.000000e+00  -1.628903e-06   1.759289e-10
   4.818053e-03   2.000000e-02   1.240074e-03   0.000000e+00   4.400916e-04   0.000000e+00   1.154871e-04  -0.000000e+00   2.852947e-05   3.126258e-09
   3.651097e-03   2.000000e-02   9.568421e-03   0.000000e+00   6.341773e-03   0.000000e+00   2.275338e-03  -0.000000e+00   4.214173e-04   1.460838e-08
   8.269212e-03   2.000000e-02   9.471093e-03   0.000000e+00   8.274738e-04   0.000000e+00   1.453480e-04  -0.000000e+00  -1.303237e-05   4.569965e-09
   9.657553e-03   2.000000e-02   1.299644e-03   0.000000e+00   2.161364e-04   0.000000e+00   1.982470e-05  -0.000000e+00  -4.603386e-05   2.316456e-09
   7.850003e-03   2.000000e-02   6.593559e-03   0.000000e+00   5.210555e-04   0.000000e+00  -2.937566e-05  -0.000000e+00  -3.238770e-05   4.227561e-09
   7.538727e-04   2.000000e-02   9.396682e-03   0.000000e+00   8.512595e-04   0.000000e+00  -1.764007e-04  -0.000000e+00   6.619317e-05   6.288376e-09
   1.700071e-03   2.000000e-02   1.803378e-02   0.000000e+00   2.046936e-05   0.000000e+00  -7.188821e-07  -0.000000e+00   8.472542e-06   4.859631e-10
   7.780409e-03   2.000000e-02   1.590237e-02   0.000000e+00   2.900947e-04   0.000000e+00   3.376192e-06  -0.000000e+00  -3.292166e-05   3.133383e-09
   5.308973e-03   2.000000e-02   1.524413e-02   0.000000e+00   1.040585e-03   0.000000e+00   2.342026e-04  -0.000000e+00   7.448115e-06   6.565674e-09
   2.280897e-03   2.000000e-02   1.562802e-02   0.000000e+00   8.502610e-04   0.000000e+00   2.234954e-04  -0.000000e+00   3.101624e-05   4.625991e-09
   9.831439e-03   2.000000e-02   1.385929e-02   0.000000e+00   2.839491e-04   0.000000e+00   2.546133e-05  -0.000000e+00  -6.437739e-05   2.114948e-09
   5.357141e-03   2.000000e-02   1.238574e-02   0.000000e+00   3.650796e-05   0.000000e+00  -8.398267e-06  -0.000000e+00   7.385529e-06   5.791476e-10
   1.604213e-03   2.000000e-02   1.137092e-02   0.000000e+00   1.278760e-04   0.000000e+00  -3.476600e-05  -0.000000e+00   3.436023e-05   1.499724e-09
   1.794356e-02   2.000000e-02   5.606311e-03   0.000000e+00   3.759762e-04   0.000000e+00  -6.500833e-05  -0.000000e+00   2.820793e-05   3.227987e-09
   1.939956e-02   2.000000e-02   4.534015e-03   0.000000e+00   8.010739e-04   0.000000e+00   8.767448e-05  -0.000000e+00   6.290771e-05   6.967823e-09
   1.657703e-02   2.000000e-02   8.491271e-03   0.000000e+00   1.145066e-03   0.000000e+00  -3.721869e-04  -0.000000e+00  -1.260891e-05   6.823549e-09
   1.620095e-02   2.000000e-02   3.799025e-03   0.000000e+00   1.500592e-03   0.000000e+00  -3.510131e-04  -0.000000e+00  -1.419164e-04   9.020300e-09
   1.790094e-02   2.000000e-02   1.039853e-02   0.000000e+00   6.639351e-04   0.000000e+00   9.068620e-05  -0.000000e+00  -1.189497e-05   5.444920e-09
   1.775593e-02   2.000000e-02   2.692261e-03   0.000000e+00   3.555594e-03   0.000000e+00   2.987673e-04  -0.000000e+00  -1.453282e-03   1.364658e-08
   1.412030e-02   2.000000e-02   4.115811e-03   0.000000e+00   8.309766e-04   0.000000e+00  -2.724773e-04  -0.000000e+00  -8.040087e-05   5.186167e-09
   1.543239e-02   2.000000e-02   9.592337e-04   0.000000e+00   1.027142e-05   0.000000e+00  -2.516126e-06  -0.000000e+00   1.203808e-06   2.906254e-10
   1.376079e-02   2.000000e-02   1.880983e-03   0.000000e+00   4.815551e-03   0.000000e+00   1.716600e-03  -0.000000e+00   1.055131e-03   1.593514e-08
   1.540903e-02   2.000000e-02   7.189660e-03   0.000000e+00   1.014235e-05   0.000000e+00  -1.786930e-06  -0.000000e+00   2.635121e-06   2.685073e-10
   1.168820e-02   2.000000e-02   2.101239e-03   0.000000e+00   1.157476e-02   0.000000e+00  -1.422583e-03  -0.000000e+00  -4.655727e-04   2.584038e-08
   1.418853e-02   2.000000e-02   5.594733e-03   0.000000e+00   2.905413e-05   0.000000e+00   6.131962e-07  -0.000000e+00   9.196731e-06   6.388758e-10
   1.179758e-02   2.000000e-02   5.311177e-03   0.000000e+00   3.677811e-04   0.000000e+00  -1.074800e-04  -0.000000e+00  -3.272818e-05   2.983497e-09
   1.616469e-02   2.000000e-02   6.053254e-03   0.000000e+00   1.289711e-04   0.000000e+00   1.467510e-05  -0.000000e+00   6.226089e-05   1.977767e-09
   1.404481e-02   2.000000e-02   7.323915e-03   0.000000e+00   4.842132e-05   0.000000e+00   1.447664e-05  -0.000000e+00  -7.638109e-06   1.004481e-09
   1.134424e-02   2.000000e-02   8.926865e-03   0.000000e+00   3.929673e-04   0.000000e+00   8.813358e-05  -0.000000e+00   9.832643e-05   2.920384e-09
   1.456758e-02   2.000000e-02   9.752482e-03   0.000000e+00   1.667865e-04   0.000000e+00   3.753244e-05  -0.000000e+00   5.672698e-05   1.870340e-09
   1.402748e-02   2.000000e-02   1.716031e-02   0.000000e+00   4.814076e-04   0.000000e+00  -1.322154e-04  -0.000000e+00   2.480786e-05   3.492965e-09
   1.140816e-02   2.000000e-02   1.594153e-02   0.000000e+00   6.578634e-05   0.000000e+00  -2.342286e-05  -0.000000e+00  -1.128116e-05   1.142381e-09
   1.763182e-02   2.000000e-02   1.466123e-02   0.000000e+00   2.848244e-04   0.000000e+00  -1.012902e-04  -0.000000e+00  -4.203974e-05   2.586602e-09
   1.255691e-02   2.000000e-02   1.373323e-02   0.000000e+00   4.400456e-04   0.000000e+00  -1.343577e-04  -0.000000e+00   5.259858e-06   3.418302e-09
   1.185804e-02   2.000000e-02   1.123803e-02   0.000000e+00   1.061206e-03   0.000000e+00  -3.272754e-05  -0.000000e+00  -4.844303e-04   5.053881e-09
   1.925359e-02   2.000000e-02   1.131546e-02   0.000000e+00   9.471749e-05   0.000000e+00  -2.882074e-05  -0.000000e+00   1.583979e-05   1.664018e-09
                                                0.000000e+00   4.749491e-02   0.000000e+00   3.444954e-03   0.000000e+00  -1.326507e-03   4.840579e-09

              5
             62
          pos_x          pos_y          pos_z       normal_x       normal_y       normal_z        tangt_x        tangt_y        tangt_z          pentr
   2.176667e-03   1.561531e-03  -0.000000e+00   0.000000e+00   0.000000e+00  -8.415470e-03   2.261678e-04  -1.074762e-03  -0.000000e+00   2.091272e-08
   6.371591e-03   1.429754e-03  -0.000000e+00   0.000000e+00   0.000000e+00  -2.049336e-03   4.542084e-04   3.328716e-04  -0.000000e+00   8.208184e-09
   4.695576e-03   5.495453e-03  -0.000000e+00   0.000000e+00   0.000000e+00  -5.772067e-05   1.184378e-05   2.554467e-05  -0.000000e+00   1.029255e-09
   1.279665e-03   3.459621e-03  -0.000000e+00   0.000000e+00   0.000000e+00  -1.289102e-04   4.956176e-05  -2.489743e-05  -0.000000e+00   1.690122e-09
   6.064867e-03   8.902548e-03  -0.000000e+00   0.000000e+00   0.000000e+00  -2.701459e-04  -4.839554e-05   5.461245e-05  -0.000000e+00   3.040539e-09
   1.188874e-03   9.737834e-03  -0.000000e+00   0.000000e+00   0.000000e+00  -3.400766e-03  -9.209048e-04   7.646486e-04  -0.000000e+00   1.257551e-08
   7.862885e-04   5.629018e-03  -0.000000e+00   0.000000e+00   0.000000e+00  -6.226935e-05  -1.116341e-05   8.334522e-06  -0.000000e+00   9.019162e-10
   2.646378e-03   4.989886e-03  -0.000000e+00   0.000000e+00   0.000000e+00  -1.352562e-04   9.260597e-06   5.265408e-05  -0.000000e+00   1.579453e-09
   2.345021e-03   6.803889e-03  -0.000000e+00   0.000000e+00   0.000000e+00  -1.568590e-04   6.281021e-06   5.240556e-06  -0.000000e+00   1.665663e-09
   3.926050e-03   9.290786e-03  -0.000000e+00   0.000000e+00   0.000000e+00  -6.090811e-04  -2.282546e-04   1.357499e-04  -0.000000e+00   3.504742e-09
   4.292142e-03   1.327909e-03  -0.000000e+00   0.000000e+00   0.000000e+00  -5.372669e-04  -3.046874e-05  -1.329337e-04  -0.000000e+00   3.798913e-09
   3.367302e-03   3.054522e-03  -0.000000e+00   0.000000e+00   0.000000e+00  -2.627902e-05   4.678307e-06  -4.792289e-06  -0.000000e+00   6.339140e-10
   4.410881e-03   6.638505e-03  -0.000000e+00   0.000000e+00   0.000000e+00  -5.246751e-05   2.174925e-08   4.921449e-07  -0.000000e+00   1.005146e-09
   5.115109e-03   3.556048e-03  -0.000000e+00   0.000000e+00   0.000000e+00  -4.436852e-03  -4.368055e-04   6.089088e-04  -0.000000e+00   1.619803e-08
   6.293255e-03   6.672170e-03  -0.000000e+00   0.000000e+00   0.000000e+00  -4.575880e-04  -7.282421e-05  -4.533771e-05  -0.000000e+00   3.634307e-09
   8.492820e-03   5.217157e-03  -0.000000e+00   0.000000e+00   0.000000e+00  -6.459150e-03  -3.033488e-04  -2.732290e-03  -0.000000e+00   1.886417e-08
   8.315126e-03   8.071724e-03  -0.000000e+00   0.000000e+00   0.000000e+00  -6.851478e-03  -1.102274e-03  -2.699820e-03  -0.000000e+00   1.846696e-08
   9.430722e-03   2.211645e-03  -0.000000e+00   0.000000e+00   0.000000e+00  -4.896584e-03  -6.681081e-04  -4.974356e-04  -0.000000e+00   1.321543e-08
   1.044022e-03   1.843453e-02  -0.000000e+00   0.000000e+00   0.000000e+00  -1.142632e-03  -2.059082e-04   3.028797e-04  -0.000000e+00   5.727353e-09
   4.013516e-03   1.872976e-02  -0.000000e+00   0.000000e+00   0.000000e+00  -6.489977e-04   4.641824e-05  -8.635427e-05  -0.000000e+00   4.101822e-09
   2.346650e-03   1.685582e-02  -0.000000e+00   0.000000e+00   0.000000e+00  -2.386252e-04   4.289242e-05  -1.637058e-05  -0.000000e+00   2.536833e-09
   6.292790e-03   1.816644e-02  -0.000000e+00   0.000000e+00   0.000000e+00  -1.912199e-04  -5.212754e-05   6.483648e-05  -0.000000e+00   1.912392e-09
   1.049209e-03   1.582684e-02  -0.000000e+00   0.000000e+00   0.000000e+00  -5.101212e-05   1.206951e-05   3.975522e-06  -0.000000e+00   9.861283e-10
   6.798655e-03   1.511684e-02  -0.000000e+00   0.000000e+00   0.000000e+00  -3.340759e-03  -1.088380e-03  -7.780994e-04  -0.000000e+00   1.286083e-08
   3.259099e-03   1.271949e-02  -0.000000e+00   0.000000e+00   0.000000e+00  -6.962818e-05  -3.018136e-06  -1.735814e-05  -0.000000e+00   9.732486e-10
   5.015953e-03   1.618391e-02  -0.000000e+00   0.000000e+00   0.000000e+00  -6.939007e-04   1.177117e-04  -1.534645e-04  -0.000000e+00   3.936880e-09
   2.472579e-03   1.445448e-02  -0.000000e+00   0.000000e+00   0.000000e+00  -6.319726e-03   9.506652e-04   6.825013e-04  -0.000000e+00   1.936419e-08
   9.657489e-03   1.897414e-02  -0.000000e+00   0.000000e+00   0.000000e+00  -5.524025e-04   1.340153e-04  -1.973458e-05  -0.000000e+00   5.101321e-09
   4.920510e-03   1.166987e-02  -0.000000e+00   0.000000e+00   0.000000e+00  -3.692177e-03   5.836081e-05  -1.199882e-03  -0.000000e+00   1.641422e-08
   8.821344e-03   1.375376e-02  -0.000000e+00   0.000000e+00   0.000000e+00  -2.246678e-03   1.350666e-04  -5.522238e-06  -0.000000e+00   8.836538e-09
   1.002589e-03   1.251895e-02  -0.000000e+00   0.000000e+00   0.000000e+00  -9.596308e-05   5.350069e-06   1.799610e-05  -0.000000e+00   1.202717e-09
   7.200022e-03   1.097916e-02  -0.000000e+00   0.000000e+00   0.000000e+00  -1.100562e-03  -1.701397e-04   3.441800e-05  -0.000000e+00   5.447149e-09
   9.882940e-03   1.596254e-02  -0.000000e+00   0.000000e+00   0.000000e+00  -8.676961e-05   2.394912e-06   2.243679e-06  -0.000000e+00   1.123062e-09
   1.798868e-02   5.656444e-03  -0.000000e+00   0.000000e+00   0.000000e+00  -1.985133e-03   2.630330e-05  -3.931372e-04  -0.000000e+00   8.765555e-09
   1.608445e-02   8.098421e-03  -0.000000e+00   0.000000e+00   0.000000e+00  -3.470138e-03   1.158192e-03   7.716846e-04  -0.000000e+00   1.339518e-08
   1.704384e-02   1.926178e-03  -0.000000e+00   0.000000e+00   0.000000e+00  -5.474668e-03   4.370189e-04  -3.500060e-04  -0.000000e+00   1.702563e-08
   1.252287e-02   4.978215e-03  -0.000000e+00   0.000000e+00   0.000000e+00  -1.459522e-03  -7.960586e-07   2.846213e-04  -0.000000e+00   8.427267e-09
   1.543875e-02   4.871933e-03  -0.000000e+00   0.000000e+00   0.000000e+00  -1.376373e-03  -1.650541e-04  -4.380603e-04  -0.000000e+00   8.177945e-09
   1.833727e-02   3.756971e-03  -0.000000e+00   0.000000e+00   0.000000e+00  -2.433739e-03  -2.330668e-04   2.514093e-04  -0.000000e+00   1.036112e-08
   1.520473e-02   1.249890e-03  -0.000000e+00   0.000000e+00   0.000000e+00  -6.004492e-05  -4.432273e-06   2.866154e-05  -0.000000e+00   9.724345e-10
   1.429692e-02   3.059595e-03  -0.000000e+00   0.000000e+00   0.000000e+00  -1.705123e-04  -6.167887e-06  -1.639497e-05  -0.000000e+00   2.150031e-09
   1.247793e-02   1.712639e-03  -0.000000e+00   0.000000e+00   0.000000e+00  -3.034521e-03   8.638889e-04   1.728454e-04  -0.000000e+00   1.202628e-08
   1.348308e-02   9.140882e-03  -0.000000e+00   0.000000e+00   0.000000e+00  -3.890524e-03  -1.406693e-04   9.231393e-05  -0.000000e+00   1.474936e-08
   1.432920e-02   6.939348e-03  -0.000000e+00   0.000000e+00   0.000000e+00  -2.568284e-04   1.025287e-04   1.656704e-06  -0.000000e+00   2.335856e-09
   1.891589e-02   9.329540e-03  -0.000000e+00   0.000000e+00   0.000000e+00  -3.687535e-03   1.602067e-03  -5.771259e-04  -0.000000e+00   1.213245e-08
   1.092328e-02   6.503684e-03  -0.000000e+00   0.000000e+00   0.000000e+00  -3.508261e-04   1.626483e-05  -1.937208e-05  -0.000000e+00   2.534555e-09
   1.127592e-02   8.324320e-03  -0.000000e+00   0.000000e+00   0.000000e+00  -8.013271e-05  -2.357379e-06  -1.532603e-05  -0.000000e+00   1.287362e-09
   1.820332e-02   1.720650e-02  -0.000000e+00   0.000000e+00   0.000000e+00  -6.468560e-03   4.112827e-04  -6.877067e-04  -0.000000e+00   2.493498e-08
   1.878022e-02   1.907600e-02  -0.000000e+00   0.000000e+00   0.000000e+00  -4.738874e-05  -1.096646e-05   2.734214e-06  -0.000000e+00   9.072357e-10
   1.681417e-02   1.499848e-02  -0.000000e+00   0.000000e+00   0.000000e+00  -5.207300e-03  -8.876770e-05  -1.110562e-03  -0.000000e+00   1.674996e-08
   1.490433e-02   1.690794e-02  -0.000000e+00   0.000000e+00   0.000000e+00  -1.795198e-03   4.653258e-04  -1.412747e-05  -0.000000e+00   8.364457e-09
   1.910382e-02   1.496859e-02  -0.000000e+00   0.000000e+00   0.000000e+00  -4.927951e-05  -8.629375e-06   9.769933e-06  -0.000000e+00   8.710635e-10
   1.575897e-02   1.918736e-02  -0.000000e+00   0.000000e+00   0.000000e+00  -5.672239e-05   6.597336e-06  -8.963317e-06  -0.000000e+00   1.045450e-09
   1.395596e-02   1.859686e-02  -0.000000e+00   0.000000e+00   0.000000e+00  -3.773721e-03  -1.700949e-04  -8.346900e-04  -0.000000e+00   1.653488e-08
   1.781076e-02   1.287566e-02  -0.000000e+00   0.000000e+00   0.000000e+00  -5.476605e-05   1.040356e-05   2.273323e-06  -0.000000e+00   1.012336e-09
   1.895970e-02   1.205223e-02  -0.000000e+00   0.000000e+00   0.000000e+00  -5.062535e-05  -4.296093e-06  -2.014479e-06  -0.000000e+00   7.868707e-10
   1.167226e-02   1.674333e-02  -0.000000e+00   0.000000e+00   0.000000e+00  -4.828195e-03  -1.237157e-04  -9.793008e-04  -0.000000e+00   1.603773e-08
   1.602096e-02   1.149442e-02  -0.000000e+00   0.000000e+00   0.000000e+00  -6.053047e-04  -6.752469e-05  -9.105519e-05  -0.000000e+00   4.091031e-09
   1.393963e-02   1.271693e-02  -0.000000e+00   0.000000e+00   0.000000e+00  -4.705377e-04  -1.049742e-04   1.117480e-04  -0.000000e+00   3.577552e-09
   1.143509e-02   1.426505e-02  -0.000000e+00   0.000000e+00   0.000000e+00  -3.600376e-03   7.885709e-04  -6.231312e-04  -0.000000e+00   1.508122e-08
   1.486979e-02   1.441518e-02  -0.000000e+00   0.000000e+00   0.000000e+00  -7.387857e-05   2.662643e-05   1.759146e-05  -0.000000e+00   1.011113e-09
   1.122276e-02   1.090281e-02  -0.000000e+00   0.000000e+00   0.000000e+00  -2.128568e-03   5.047308e-04  -4.067149e-04  -0.000000e+00   7.292654e-09
                                                0.000000e+00   0.000000e+00  -1.164155e-01   2.213135e-03  -1.121153e-02   0.000000e+00   7.324019e-09

