              5

              1
             51
          pos_x          pos_y          pos_z       normal_x       normal_y       normal_z        tangt_x        tangt_y        tangt_z          pentr
  -0.000000e+00   3.389181e-03   1.089344e-03  -8.367000e-05   0.000000e+00   0.000000e+00  -0.000000e+00  -2.541248e-05   5.382949e-06   1.415967e-09
  -0.000000e+00   8.972254e-03   1.335538e-03  -2.471110e-03   0.000000e+00   0.000000e+00  -0.000000e+00  -1.066628e-03  -4.555933e-04   9.137570e-09
  -0.000000e+00   9.862890e-04   1.999543e-03  -1.372931e-04   0.000000e+00   0.000000e+00  -0.000000e+00  -2.752671e-05   5.974562e-05   1.528602e-09
  -0.000000e+00   4.147618e-03   1.888437e-03  -2.112985e-05   0.000000e+00   0.000000e+00  -0.000000e+00   7.416699e-06   2.175752e-07   4.743875e-10
  -0.000000e+00   5.958342e-03   2.683974e-03  -8.662570e-04   0.000000e+00   0.000000e+00  -0.000000e+00  -2.595335e-04  -6.431319e-05   5.475628e-09
  -0.000000e+00   2.729681e-03   4.725090e-03  -9.965097e-04   0.000000e+00   0.000000e+00  -0.000000e+00  -2.059727e-04   1.609963e-04   5.918836e-09
  -0.000000e+00   8.787400e-03   5.168998e-03  -1.420682e-03   0.000000e+00   0.000000e+00  -0.000000e+00  -2.110677e-04   3.268073e-05   5.806771e-09
  -0.000000e+00   5.528782e-03   4.970928e-03  -3.390339e-04   0.000000e+00   0.000000e+00  -0.000000e+00   6.816521e-05  -9.088150e-05   2.536512e-09
  -0.000000e+00   1.112024e-03   8.998397e-03  -4.887813e-04   0.000000e+00   0.000000e+00  -0.000000e+00  -9.745876e-05   4.738178e-06   3.912394e-09
  -0.000000e+00   9.141536e-04   4.272299e-03  -1.378093e-03   0.000000e+00   0.000000e+00  -0.000000e+00   2.648959e-04   4.375147e-04   8.003779e-09
  -0.000000e+00   3.843210e-03   6.607958e-03  -1.000575e-02   0.000000e+00   0.000000e+00  -0.000000e+00   1.823782e-03   1.867315e-03   3.650828e-08
  -0.000000e+00   7.008817e-03   6.723349e-03  -3.104222e-05   0.000000e+00   0.000000e+00  -0.000000e+00  -6.386674e-06  -3.527581e-06   6.082750e-10
  -0.000000e+00   6.704756e-03   1.031485e-02  -4.138345e-04   0.000000e+00   0.000000e+00  -0.000000e+00  -1.106875e-04   3.105370e-05   3.147445e-09
  -0.000000e+00   8.446711e-03   8.480364e-03  -3.131958e-04   0.000000e+00   0.000000e+00  -0.000000e+00  -8.325856e-05  -9.838089e-05   2.729817e-09
  -0.000000e+00   5.002200e-03   7.069093e-03  -1.167437e-05   0.000000e+00   0.000000e+00  -0.000000e+00  -1.722767e-06   4.217998e-06   3.028430e-10
  -0.000000e+00   3.405672e-03   9.524824e-03  -4.495350e-04   0.000000e+00   0.000000e+00  -0.000000e+00  -5.003087e-05   1.584528e-04   3.728554e-09
  -0.000000e+00   5.996877e-03   1.485378e-02  -1.033286e-03   0.000000e+00   0.000000e+00  -0.000000e+00  -1.305311e-04  -1.683621e-04   4.917073e-09
  -0.000000e+00   8.349307e-03   1.525439e-02  -2.793084e-04   0.000000e+00   0.000000e+00  -0.000000e+00  -1.099362e-04  -8.277151e-05   2.786298e-09
  -0.000000e+00   2.044223e-03   1.453751e-02  -6.714542e-05   0.000000e+00   0.000000e+00  -0.000000e+00  -5.599500e-06  -2.972244e-05   9.533612e-10
  -0.000000e+00   8.934473e-03   1.338564e-02  -2.749235e-05   0.000000e+00   0.000000e+00  -0.000000e+00   1.810290e-06  -4.817885e-06   6.533458e-10
  -0.000000e+00   7.619021e-03   1.249280e-02  -1.574761e-05   0.000000e+00   0.000000e+00  -0.000000e+00   3.341927e-06  -3.373030e-06   4.477694e-10
  -0.000000e+00   4.275975e-03   1.272263e-02  -4.417158e-04   0.000000e+00   0.000000e+00  -0.000000e+00   1.218780e-04  -1.557504e-04   3.108633e-09
  -0.000000e+00   1.125378e-03   1.224953e-02  -3.052730e-04   0.000000e+00   0.000000e+00  -0.000000e+00   5.205509e-05  -8.162205e-05   3.333704e-09
  -0.000000e+00   2.294153e-03   1.064543e-02  -2.054270e-05   0.000000e+00   0.000000e+00  -0.000000e+00  -9.774742e-06   1.734421e-06   4.812584e-10
  -0.000000e+00   1.434138e-02   4.756012e-03  -5.116065e-06   0.000000e+00   0.000000e+00  -0.000000e+00  -8.407202e-07   5.355745e-07   2.216241e-10
  -0.000000e+00   1.818678e-02   4.836391e-03  -1.159994e-04   0.000000e+00   0.000000e+00  -0.000000e+00  -5.552843e-05   1.242035e-05   1.469922e-09
  -0.000000e+00   1.829772e-02   7.058900e-03  -1.214502e-05   0.000000e+00   0.000000e+00  -0.000000e+00  -9.977990e-07  -4.535417e-06   3.415006e-10
  -0.000000e+00   1.728989e-02   2.753703e-03  -2.131142e-03   0.000000e+00   0.000000e+00  -0.000000e+00   9.998333e-05  -7.093802e-04   9.391418e-09
  -0.000000e+00   1.547491e-02   1.139319e-03  -1.163703e-05   0.000000e+00   0.000000e+00  -0.000000e+00  -3.726082e-06  -1.556705e-06   3.426670e-10
  -0.000000e+00   1.393083e-02   2.762651e-03  -4.705915e-03   0.000000e+00   0.000000e+00  -0.000000e+00   2.181240e-05   4.984567e-04   1.460311e-08
  -0.000000e+00   1.515352e-02   7.319486e-03  -4.469129e-04   0.000000e+00   0.000000e+00  -0.000000e+00   9.431974e-05   1.829590e-05   3.362994e-09
  -0.000000e+00   1.146950e-02   1.630205e-03  -1.077120e-05   0.000000e+00   0.000000e+00  -0.000000e+00  -4.640683e-06  -1.641461e-06   3.572922e-10
  -0.000000e+00   1.603988e-02   4.433560e-03  -1.046505e-03   0.000000e+00   0.000000e+00  -0.000000e+00   4.817693e-05  -1.239691e-04   7.394124e-09
  -0.000000e+00   1.615213e-02   8.432857e-03  -5.033367e-03   0.000000e+00   0.000000e+00  -0.000000e+00  -1.288710e-03  -6.393284e-04   1.684330e-08
  -0.000000e+00   1.603530e-02   5.656286e-03  -1.982470e-05   0.000000e+00   0.000000e+00  -0.000000e+00   1.964973e-06  -5.217216e-06   5.077769e-10
  -0.000000e+00   1.154584e-02   7.540347e-03  -2.346525e-03   0.000000e+00   0.000000e+00  -0.000000e+00  -6.295333e-04   1.586929e-04   1.136027e-08
  -0.000000e+00   1.372470e-02   6.252975e-03  -4.335940e-05   0.000000e+00   0.000000e+00  -0.000000e+00   5.806480e-06  -3.563952e-06   7.629711e-10
  -0.000000e+00   1.384116e-02   9.181465e-03  -1.012072e-03   0.000000e+00   0.000000e+00  -0.000000e+00   3.495389e-04   3.144432e-05   5.744733e-09
  -0.000000e+00   1.010289e-02   8.168359e-03  -1.628334e-04   0.000000e+00   0.000000e+00  -0.000000e+00  -3.080275e-05  -4.785989e-05   2.138667e-09
  -0.000000e+00   1.907186e-02   9.383562e-03  -2.547099e-03   0.000000e+00   0.000000e+00  -0.000000e+00   4.014318e-04   2.106855e-04   1.109283e-08
  -0.000000e+00   1.196789e-02   9.114589e-03  -1.192138e-03   0.000000e+00   0.000000e+00  -0.000000e+00   9.861164e-05   6.315292e-06   8.688645e-09
  -0.000000e+00   1.021917e-02   9.473449e-03  -2.693068e-04   0.000000e+00   0.000000e+00  -0.000000e+00  -7.260098e-05  -8.500255e-05   2.447272e-09
  -0.000000e+00   1.362003e-02   1.704653e-02  -8.536202e-06   0.000000e+00   0.000000e+00  -0.000000e+00  -3.252971e-06  -2.054013e-06   2.232195e-10
  -0.000000e+00   1.841437e-02   1.786686e-02  -8.188954e-05   0.000000e+00   0.000000e+00  -0.000000e+00  -1.098667e-05   2.816865e-05   1.267167e-09
  -0.000000e+00   1.218073e-02   1.495780e-02  -4.560388e-05   0.000000e+00   0.000000e+00  -0.000000e+00  -1.115473e-05  -1.760375e-05   7.523490e-10
  -0.000000e+00   1.445410e-02   1.465832e-02  -1.375120e-05   0.000000e+00   0.000000e+00  -0.000000e+00  -6.133887e-06   1.003578e-06   3.184477e-10
  -0.000000e+00   1.044103e-02   1.452655e-02  -3.506354e-04   0.000000e+00   0.000000e+00  -0.000000e+00   7.174008e-05  -1.296532e-04   3.100057e-09
  -0.000000e+00   1.181124e-02   1.273643e-02  -9.144883e-04   0.000000e+00   0.000000e+00  -0.000000e+00   5.125651e-06  -1.014035e-04   4.929608e-09
  -0.000000e+00   1.450610e-02   1.209753e-02  -1.271052e-03   0.000000e+00   0.000000e+00  -0.000000e+00   1.846348e-04  -1.109178e-05   6.681932e-09
  -0.000000e+00   1.651872e-02   1.218897e-02  -1.643203e-03   0.000000e+00   0.000000e+00  -0.000000e+00  -5.346931e-04   5.785281e-05   8.109880e-09
  -0.000000e+00   1.844904e-02   1.190970e-02  -1.929144e-04   0.000000e+00   0.000000e+00  -0.000000e+00  -4.030356e-05   3.977944e-05   2.065269e-09
                                               -4.725284e-02   0.000000e+00   0.000000e+00   0.000000e+00  -1.368942e-03   7.047239e-04   4.557572e-09

              2
             36
          pos_x          pos_y          pos_z       normal_x       normal_y       normal_z        tangt_x        tangt_y        tangt_z          pentr
   2.000000e-02   3.222643e-03   3.315073e-03   3.361085e-03   0.000000e+00   0.000000e+00  -0.000000e+00  -3.895574e-04   1.307230e-03   1.049756e-08
   2.000000e-02   1.866265e-03   6.320243e-03   3.174127e-03   0.000000e+00   0.000000e+00  -0.000000e+00   8.410824e-04   1.135226e-03   9.858010e-09
   2.000000e-02   5.555397e-03   5.159228e-03   1.481772e-03   0.000000e+00   0.000000e+00  -0.000000e+00   4.873870e-04  -2.752169e-04   7.365663e-09
   2.000000e-02   8.661527e-03   6.008105e-03   3.852822e-03   0.000000e+00   0.000000e+00  -0.000000e+00  -6.687248e-04   5.229860e-04   1.311030e-08
   2.000000e-02   3.712012e-03   9.332781e-03   1.635522e-04   0.000000e+00   0.000000e+00  -0.000000e+00  -2.357790e-05   2.751218e-05   2.021029e-09
   2.000000e-02   6.024922e-03   7.540310e-03   8.058195e-04   0.000000e+00   0.000000e+00  -0.000000e+00  -2.712222e-05  -2.703712e-04   4.867586e-09
   2.000000e-02   1.106289e-03   9.341803e-03   6.575817e-04   0.000000e+00   0.000000e+00  -0.000000e+00  -1.352738e-04  -1.776904e-04   4.643223e-09
   2.000000e-02   8.864746e-03   2.764453e-03   4.389504e-05   0.000000e+00   0.000000e+00  -0.000000e+00   1.833023e-05   1.896481e-06   8.675716e-10
   2.000000e-02   7.548841e-03   1.747884e-02   7.157885e-05   0.000000e+00   0.000000e+00  -0.000000e+00   1.440116e-05  -3.628056e-06   1.159564e-09
   2.000000e-02   9.020822e-03   1.561657e-02   2.938668e-04   0.000000e+00   0.000000e+00  -0.000000e+00  -1.572528e-05  -4.742694e-05   2.504231e-09
   2.000000e-02   2.152294e-03   1.512360e-02   4.561695e-04   0.000000e+00   0.000000e+00  -0.000000e+00  -1.285327e-04   2.701638e-05   3.532341e-09
   2.000000e-02   5.299930e-03   1.545096e-02   6.454892e-04   0.000000e+00   0.000000e+00  -0.000000e+00   1.718984e-04   1.730661e-04   4.065519e-09
   2.000000e-02   4.826928e-03   1.250638e-02   2.719896e-05   0.000000e+00   0.000000e+00  -0.000000e+00   1.582761e-06   3.036149e-06   6.265975e-10
   2.000000e-02   3.386767e-03   1.085551e-02   3.354868e-04   0.000000e+00   0.000000e+00  -0.000000e+00   1.579963e-05  -1.696509e-05   2.814841e-09
   2.000000e-02   6.664270e-03   1.059069e-02   2.108444e-03   0.000000e+00   0.000000e+00  -0.000000e+00  -3.801699e-04   3.623787e-05   7.299743e-09
   2.000000e-02   1.908811e-02   1.174682e-03   1.194407e-05   0.000000e+00   0.000000e+00  -0.000000e+00  -1.621189e-06  -3.877507e-06   3.735793e-10
   2.000000e-02   1.635308e-02   4.832044e-03   3.426480e-03   0.000000e+00   0.000000e+00  -0.000000e+00  -1.031883e-03  -5.242516e-04   1.306771e-08
   2.000000e-02   1.531118e-02   3.065644e-03   6.162392e-03   0.000000e+00   0.000000e+00  -0.000000e+00   6.933836e-04   2.034121e-03   1.710963e-08
   2.000000e-02   1.900224e-02   4.584854e-03   4.618972e-04   0.000000e+00   0.000000e+00  -0.000000e+00  -2.738781e-05  -1.457116e-04   3.421271e-09
   2.000000e-02   1.861632e-02   9.407788e-03   2.876002e-03   0.000000e+00   0.000000e+00  -0.000000e+00   6.311351e-04   8.443667e-04   1.019738e-08
   2.000000e-02   1.790055e-02   3.063176e-03   3.016724e-03   0.000000e+00   0.000000e+00  -0.000000e+00   8.745451e-04   1.151529e-07   1.257342e-08
   2.000000e-02   1.450607e-02   8.725200e-04   9.556219e-06   0.000000e+00   0.000000e+00  -0.000000e+00   6.790654e-07  -3.441819e-06   2.997103e-10
   2.000000e-02   1.145000e-02   8.865010e-03   1.687144e-03   0.000000e+00   0.000000e+00  -0.000000e+00  -1.968428e-04  -1.664892e-04   8.962323e-09
   2.000000e-02   1.284663e-02   3.556917e-03   1.883434e-03   0.000000e+00   0.000000e+00  -0.000000e+00  -3.589684e-04  -5.152696e-04   8.013219e-09
   2.000000e-02   1.223991e-02   6.601792e-04   4.591981e-06   0.000000e+00   0.000000e+00  -0.000000e+00   1.266231e-06  -1.632760e-06   2.173486e-10
   2.000000e-02   1.023468e-02   7.289691e-03   2.453660e-05   0.000000e+00   0.000000e+00  -0.000000e+00  -5.129103e-06   5.993174e-07   5.055113e-10
   2.000000e-02   1.386367e-02   1.770688e-02   3.478753e-05   0.000000e+00   0.000000e+00  -0.000000e+00   1.261193e-05   7.960897e-06   8.093341e-10
   2.000000e-02   1.703037e-02   1.810959e-02   3.653281e-04   0.000000e+00   0.000000e+00  -0.000000e+00   4.547315e-05   1.969630e-05   2.735682e-09
   2.000000e-02   1.297227e-02   1.620094e-02   1.081383e-04   0.000000e+00   0.000000e+00  -0.000000e+00   3.776107e-05  -1.212021e-05   1.181342e-09
   2.000000e-02   1.090328e-02   1.524780e-02   4.868336e-05   0.000000e+00   0.000000e+00  -0.000000e+00  -9.675536e-06  -1.091133e-05   8.456696e-10
   2.000000e-02   1.361752e-02   1.416528e-02   7.441139e-05   0.000000e+00   0.000000e+00  -0.000000e+00   1.258231e-08   2.087952e-05   1.341720e-09
   2.000000e-02   1.082095e-02   1.314853e-02   2.679860e-04   0.000000e+00   0.000000e+00  -0.000000e+00   4.329485e-05   2.817553e-05   2.721308e-09
   2.000000e-02   1.822797e-02   1.281184e-02   2.650285e-04   0.000000e+00   0.000000e+00  -0.000000e+00  -1.127692e-04   3.818839e-05   2.231189e-09
   2.000000e-02   1.280281e-02   1.235927e-02   1.620657e-04   0.000000e+00   0.000000e+00  -0.000000e+00   8.667536e-06  -4.471450e-05   1.830513e-09
   2.000000e-02   1.908643e-02   1.136539e-02   2.099830e-04   0.000000e+00   0.000000e+00  -0.000000e+00   5.254640e-05  -3.394177e-05   2.538164e-09
   2.000000e-02   9.687569e-03   1.069940e-02   1.073950e-03   0.000000e+00   0.000000e+00  -0.000000e+00  -1.487376e-04  -2.054822e-04   6.052291e-09
                                                3.965395e-02   0.000000e+00   0.000000e+00   0.000000e+00   2.901600e-04   3.769168e-03   4.785058e-09

              3
             42
          pos_x          pos_y          pos_z       normal_x       normal_y       normal_z        tangt_x        tangt_y        tangt_z          pentr
   6.189399e-03  -0.000000e+00   9.887060e-04   0.000000e+00  -1.236585e-03   0.000000e+00   6.356228e-06  -0.000000e+00  -2.540495e-04   7.609017e-09
   6.084204e-04  -0.000000e+00   1.824327e-03   0.000000e+00  -1.307822e-05   0.000000e+00  -3.703224e-06  -0.000000e+00  -2.256974e-06   4.432368e-10
   3.902296e-03  -0.000000e+00   1.935869e-03   0.000000e+00  -1.777820e-05   0.000000e+00   3.084845e-06  -0.000000e+00   2.214711e-06   4.006549e-10
   2.128808e-03  -0.000000e+00   3.459440e-03   0.000000e+00  -4.096400e-03   0.000000e+00  -5.435494e-04  -0.000000e+00   1.442376e-03   1.507362e-08
   1.679354e-03  -0.000000e+00   6.310454e-03   0.000000e+00  -8.499403e-04   0.000000e+00   7.853875e-05  -0.000000e+00   1.564722e-04   5.281551e-09
   1.376310e-03  -0.000000e+00   8.432309e-03   0.000000e+00  -8.157818e-04   0.000000e+00  -5.158199e-06  -0.000000e+00  -3.061126e-04   4.611635e-09
   2.400774e-03  -0.000000e+00   4.878733e-03   0.000000e+00  -1.048160e-04   0.000000e+00   9.300270e-07  -0.000000e+00  -4.251213e-05   1.591336e-09
   8.820985e-04  -0.000000e+00   4.208787e-03   0.000000e+00  -2.154429e-04   0.000000e+00  -4.634874e-05  -0.000000e+00   4.749382e-05   2.380025e-09
   3.936866e-03  -0.000000e+00   6.365416e-03   0.000000e+00  -9.759983e-05   0.000000e+00   6.059643e-06  -0.000000e+00   3.997610e-05   1.417531e-09
   8.081124e-03  -0.000000e+00   6.139004e-03   0.000000e+00  -3.609448e-04   0.000000e+00  -3.711750e-05  -0.000000e+00  -6.483715e-05   2.760919e-09
   3.673928e-03  -0.000000e+00   7.664758e-03   0.000000e+00  -1.353225e-03   0.000000e+00   1.964833e-04  -0.000000e+00  -3.059211e-04   7.450055e-09
   5.729170e-03  -0.000000e+00   6.170154e-03   0.000000e+00  -6.359254e-05   0.000000e+00   7.195363e-06  -0.000000e+00   1.549311e-05   1.142185e-09
   5.631678e-03  -0.000000e+00   7.783789e-03   0.000000e+00  -4.419377e-05   0.000000e+00  -1.910204e-05  -0.000000e+00   4.037614e-06   8.930579e-10
   9.704062e-03  -0.000000e+00   1.377363e-03   0.000000e+00  -3.027119e-03   0.000000e+00   4.662301e-05  -0.000000e+00   7.742816e-04   1.325073e-08
   7.735733e-03  -0.000000e+00   8.337124e-03   0.000000e+00  -9.679811e-05   0.000000e+00   1.520342e-05  -0.000000e+00   3.415217e-05   1.247974e-09
   5.616989e-03  -0.000000e+00   1.872092e-02   0.000000e+00  -8.074264e-05   0.000000e+00  -1.549942e-05  -0.000000e+00  -1.220449e-05   1.126861e-09
   6.448686e-03  -0.000000e+00   1.442451e-02   0.000000e+00  -6.138959e-04   0.000000e+00  -1.071298e-04  -0.000000e+00   2.170463e-04   4.029306e-09
   4.050113e-03  -0.000000e+00   1.537481e-02   0.000000e+00  -7.290082e-05   0.000000e+00   1.800645e-05  -0.000000e+00  -4.216241e-06   1.092754e-09
   1.770281e-03  -0.000000e+00   1.395488e-02   0.000000e+00  -2.665616e-04   0.000000e+00  -5.489268e-06  -0.000000e+00   7.351837e-05   2.072565e-09
   8.302811e-03  -0.000000e+00   1.204429e-02   0.000000e+00  -1.522740e-04   0.000000e+00   5.222341e-05  -0.000000e+00  -4.146088e-05   1.538511e-09
   2.526125e-03  -0.000000e+00   1.242663e-02   0.000000e+00  -2.105552e-05   0.000000e+00   5.334128e-06  -0.000000e+00   8.051813e-06   5.282732e-10
   1.398067e-03  -0.000000e+00   1.057293e-02   0.000000e+00  -5.189371e-04   0.000000e+00  -1.260199e-04  -0.000000e+00   8.451916e-05   4.050044e-09
   5.741466e-03  -0.000000e+00   1.068639e-02   0.000000e+00  -2.645597e-03   0.000000e+00   6.826286e-04  -0.000000e+00   5.149831e-04   1.330139e-08
   1.763547e-02  -0.000000e+00   1.815856e-03   0.000000e+00  -1.681410e-03   0.000000e+00   5.927396e-04  -0.000000e+00  -1.650135e-04   7.827929e-09
   1.736251e-02  -0.000000e+00   4.645222e-03   0.000000e+00  -5.066620e-03   0.000000e+00   1.654567e-03  -0.000000e+00  -8.536131e-04   1.569957e-08
   1.861943e-02  -0.000000e+00   9.378352e-03   0.000000e+00  -1.056238e-03   0.000000e+00   2.221101e-04  -0.000000e+00  -2.735763e-04   5.350487e-09
   1.511508e-02  -0.000000e+00   2.857671e-03   0.000000e+00  -9.473974e-04   0.000000e+00  -1.819813e-04  -0.000000e+00   3.816937e-04   5.173509e-09
   1.539823e-02  -0.000000e+00   9.754461e-04   0.000000e+00  -2.866089e-05   0.000000e+00   4.420817e-06  -0.000000e+00   7.830231e-06   7.041272e-10
   1.277935e-02  -0.000000e+00   1.469755e-03   0.000000e+00  -4.068949e-03   0.000000e+00   2.676184e-04  -0.000000e+00  -1.727086e-03   1.575948e-08
   1.090347e-02  -0.000000e+00   6.253133e-03   0.000000e+00  -3.962901e-04   0.000000e+00   8.648011e-05  -0.000000e+00  -1.222229e-04   3.264299e-09
   1.449466e-02  -0.000000e+00   8.966704e-03   0.000000e+00  -2.796019e-05   0.000000e+00   1.948204e-06  -0.000000e+00  -1.191677e-05   4.851355e-10
   1.044017e-02  -0.000000e+00   3.207718e-03   0.000000e+00  -2.524583e-04   0.000000e+00   7.221288e-05  -0.000000e+00  -4.183350e-05   2.037648e-09
   1.705981e-02  -0.000000e+00   9.277664e-03   0.000000e+00  -1.336662e-05   0.000000e+00   1.936956e-07  -0.000000e+00   2.854270e-06   4.038531e-10
   1.272196e-02  -0.000000e+00   8.248950e-03   0.000000e+00  -2.646050e-04   0.000000e+00  -1.115681e-04  -0.000000e+00  -5.834229e-05   2.961412e-09
   1.222950e-02  -0.000000e+00   6.596799e-03   0.000000e+00  -1.082720e-05   0.000000e+00   9.429909e-07  -0.000000e+00   4.915927e-06   2.882955e-10
   1.023573e-02  -0.000000e+00   1.038876e-02   0.000000e+00  -1.712997e-03   0.000000e+00  -3.768085e-04  -0.000000e+00   2.123755e-04   8.547182e-09
   1.301983e-02  -0.000000e+00   1.630710e-02   0.000000e+00  -2.565750e-05   0.000000e+00   1.516115e-06  -0.000000e+00  -5.761220e-06   5.421170e-10
   1.748306e-02  -0.000000e+00   1.499675e-02   0.000000e+00  -3.204691e-04   0.000000e+00  -1.251496e-05  -0.000000e+00  -1.074174e-04   2.507184e-09
   1.097488e-02  -0.000000e+00   1.514732e-02   0.000000e+00  -2.089321e-03   0.000000e+00  -5.429570e-04  -0.000000e+00   2.900448e-04   8.847481e-09
   1.460197e-02  -0.000000e+00   1.436132e-02   0.000000e+00  -7.328613e-04   0.000000e+00   2.302390e-04  -0.000000e+00  -2.743101e-04   4.639167e-09
   1.586920e-02  -0.000000e+00   1.253229e-02   0.000000e+00  -1.810987e-04   0.000000e+00  -2.189499e-05  -0.000000e+00  -4.807101e-05   1.729109e-09
   1.308502e-02  -0.000000e+00   1.213463e-02   0.000000e+00  -7.163959e-04   0.000000e+00   6.284160e-05  -0.000000e+00   1.452878e-04   5.639490e-09
                                                0.000000e+00  -3.635884e-02   0.000000e+00   2.159655e-03   0.000000e+00  -2.631163e-04   4.421446e-09

              4
             43
          pos_x          pos_y          pos_z       normal_x       normal_y       normal_z        tangt_x        tangt_y        tangt_z          pentr
   1.647605e-03   2.000000e-02   2.475048e-03   0.000000e+00   2.002960e-04   0.000000e+00   4.064989e-05  -0.000000e+00  -6.015890e-06   1.808811e-09
   6.535048e-03   2.000000e-02   6.124092e-03   0.000000e+00   4.562143e-04   0.000000e+00   9.419460e-05  -0.000000e+00  -1.599744e-04   3.384059e-09
   3.888210e-03   2.000000e-02   4.056265e-03   0.000000e+00   2.181578e-03   0.000000e+00   1.004214e-03  -0.000000e+00  -2.388256e-04   8.475319e-09
   7.878791e-03   2.000000e-02   2.668059e-03   0.000000e+00   1.583324e-03   0.000000e+00  -4.284174e-04  -0.000000e+00  -4.071362e-04   7.859216e-09
   9.664225e-03   2.000000e-02   7.010222e-03   0.000000e+00   2.351864e-03   0.000000e+00   6.473233e-04  -0.000000e+00   3.911815e-04   1.034542e-08
   1.718678e-03   2.000000e-02   4.815520e-03   0.000000e+00   2.650991e-05   0.000000e+00  -9.575303e-06  -0.000000e+00   3.471642e-06   5.685200e-10
   1.512419e-03   2.000000e-02   6.977382e-03   0.000000e+00   4.098662e-06   0.000000e+00  -7.352110e-07  -0.000000e+00  -1.473126e-06   1.765510e-10
   4.818053e-03   2.000000e-02   1.240074e-03   0.000000e+00   4.392613e-04   0.000000e+00   1.158643e-04  -0.000000e+00   2.888541e-05   3.122324e-09
   3.651098e-03   2.000000e-02   9.568421e-03   0.000000e+00   6.351436e-03   0.000000e+00   2.282144e-03  -0.000000e+00   4.264151e-04   1.462322e-08
   8.269212e-03   2.000000e-02   9.471092e-03   0.000000e+00   8.290700e-04   0.000000e+00   1.457130e-04  -0.000000e+00  -1.445942e-05   4.575840e-09
   9.657553e-03   2.000000e-02   1.299644e-03   0.000000e+00   2.161642e-04   0.000000e+00   1.974922e-05  -0.000000e+00  -4.612692e-05   2.316654e-09
   7.850003e-03   2.000000e-02   6.593559e-03   0.000000e+00   5.237714e-04   0.000000e+00  -2.900980e-05  -0.000000e+00  -3.340413e-05   4.242238e-09
   7.538728e-04   2.000000e-02   9.396682e-03   0.000000e+00   8.524356e-04   0.000000e+00  -1.762365e-04  -0.000000e+00   6.627162e-05   6.294167e-09
   1.700071e-03   2.000000e-02   1.803378e-02   0.000000e+00   1.854501e-05   0.000000e+00  -5.629388e-07  -0.000000e+00   6.923470e-06   4.550073e-10
   7.780409e-03   2.000000e-02   1.590237e-02   0.000000e+00   2.901832e-04   0.000000e+00   2.825630e-06  -0.000000e+00  -3.234805e-05   3.134020e-09
   5.308973e-03   2.000000e-02   1.524413e-02   0.000000e+00   1.044467e-03   0.000000e+00   2.359229e-04  -0.000000e+00   1.018149e-05   6.581993e-09
   2.280897e-03   2.000000e-02   1.562802e-02   0.000000e+00   8.658591e-04   0.000000e+00   2.237167e-04  -0.000000e+00   3.225289e-05   4.682396e-09
   9.831439e-03   2.000000e-02   1.385929e-02   0.000000e+00   2.916084e-04   0.000000e+00   3.033836e-05  -0.000000e+00  -6.718154e-05   2.152812e-09
   5.357141e-03   2.000000e-02   1.238574e-02   0.000000e+00   3.642981e-05   0.000000e+00  -8.681600e-06  -0.000000e+00   7.921633e-06   5.783208e-10
   1.604213e-03   2.000000e-02   1.137092e-02   0.000000e+00   1.259542e-04   0.000000e+00  -3.561282e-05  -0.000000e+00   3.436192e-05   1.484660e-09
   1.794356e-02   2.000000e-02   5.606311e-03   0.000000e+00   3.759168e-04   0.000000e+00  -6.502870e-05  -0.000000e+00   2.823085e-05   3.227647e-09
   1.939956e-02   2.000000e-02   4.534015e-03   0.000000e+00   8.009944e-04   0.000000e+00   8.765557e-05  -0.000000e+00   6.287407e-05   6.967361e-09
   1.657703e-02   2.000000e-02   8.491271e-03   0.000000e+00   1.146984e-03   0.000000e+00  -3.720581e-04  -0.000000e+00  -1.262917e-05   6.831168e-09
   1.620095e-02   2.000000e-02   3.799025e-03   0.000000e+00   1.500959e-03   0.000000e+00  -3.508364e-04  -0.000000e+00  -1.420191e-04   9.021769e-09
   1.790094e-02   2.000000e-02   1.039853e-02   0.000000e+00   6.646256e-04   0.000000e+00   9.073547e-05  -0.000000e+00  -1.148767e-05   5.448695e-09
   1.775593e-02   2.000000e-02   2.692261e-03   0.000000e+00   3.556522e-03   0.000000e+00   2.988433e-04  -0.000000e+00  -1.453212e-03   1.364895e-08
   1.412030e-02   2.000000e-02   4.115811e-03   0.000000e+00   8.313542e-04   0.000000e+00  -2.727496e-04  -0.000000e+00  -8.035771e-05   5.187738e-09
   1.543239e-02   2.000000e-02   9.592337e-04   0.000000e+00   1.028674e-05   0.000000e+00  -2.496971e-06  -0.000000e+00   1.193160e-06   2.909143e-10
   1.376079e-02   2.000000e-02   1.880983e-03   0.000000e+00   4.816168e-03   0.000000e+00   1.716368e-03  -0.000000e+00   1.054702e-03   1.593650e-08
   1.540903e-02   2.000000e-02   7.189660e-03   0.000000e+00   1.009117e-05   0.000000e+00  -1.812494e-06  -0.000000e+00   2.587891e-06   2.676034e-10
   1.168820e-02   2.000000e-02   2.101239e-03   0.000000e+00   1.157543e-02   0.000000e+00  -1.422236e-03  -0.000000e+00  -4.655830e-04   2.584137e-08
   1.418853e-02   2.000000e-02   5.594733e-03   0.000000e+00   2.893528e-05   0.000000e+00   5.852402e-07  -0.000000e+00   9.124353e-06   6.371324e-10
   1.179758e-02   2.000000e-02   5.311177e-03   0.000000e+00   3.673150e-04   0.000000e+00  -1.074139e-04  -0.000000e+00  -3.304447e-05   2.980976e-09
   1.616469e-02   2.000000e-02   6.053254e-03   0.000000e+00   1.289284e-04   0.000000e+00   1.465767e-05  -0.000000e+00   6.222676e-05   1.977331e-09
   1.404481e-02   2.000000e-02   7.323915e-03   0.000000e+00   4.826311e-05   0.000000e+00   1.447472e-05  -0.000000e+00  -7.630680e-06   1.002292e-09
   1.134424e-02   2.000000e-02   8.926865e-03   0.000000e+00   3.904833e-04   0.000000e+00   8.745147e-05  -0.000000e+00   9.742440e-05   2.908064e-09
   1.456758e-02   2.000000e-02   9.752482e-03   0.000000e+00   1.676765e-04   0.000000e+00   3.765897e-05  -0.000000e+00   5.730993e-05   1.876987e-09
   1.402748e-02   2.000000e-02   1.716031e-02   0.000000e+00   4.817764e-04   0.000000e+00  -1.322168e-04  -0.000000e+00   2.508031e-05   3.494749e-09
   1.140816e-02   2.000000e-02   1.594153e-02   0.000000e+00   6.613851e-05   0.000000e+00  -2.483854e-05  -0.000000e+00  -1.111271e-05   1.146455e-09
   1.763182e-02   2.000000e-02   1.466123e-02   0.000000e+00   2.848874e-04   0.000000e+00  -1.009442e-04  -0.000000e+00  -4.193774e-05   2.586984e-09
   1.255691e-02   2.000000e-02   1.373323e-02   0.000000e+00   4.412233e-04   0.000000e+00  -1.348852e-04  -0.000000e+00   4.696724e-06   3.424398e-09
   1.185804e-02   2.000000e-02   1.123803e-02   0.000000e+00   1.065175e-03   0.000000e+00  -3.262319e-05  -0.000000e+00  -4.847461e-04   5.066474e-09
   1.925359e-02   2.000000e-02   1.131546e-02   0.000000e+00   9.493990e-05   0.000000e+00  -2.887218e-05  -0.000000e+00   1.585883e-05   1.666622e-09
                                                0.000000e+00   4.754414e-02   0.000000e+00   3.453242e-03   0.000000e+00  -1.321530e-03   4.844180e-09

              5
             62
          pos_x          pos_y          pos_z       normal_x       normal_y       normal_z        tangt_x        tangt_y        tangt_z          pentr
   2.176667e-03   1.561531e-03  -0.000000e+00   0.000000e+00   0.000000e+00  -8.413629e-03   2.259114e-04  -1.074536e-03  -0.000000e+00   2.090967e-08
   6.371592e-03   1.429754e-03  -0.000000e+00   0.000000e+00   0.000000e+00  -2.043915e-03   4.551632e-04   3.336215e-04  -0.000000e+00   8.193704e-09
   4.695576e-03   5.495453e-03  -0.000000e+00   0.000000e+00   0.000000e+00  -5.727515e-05   1.200099e-05   2.487100e-05  -0.000000e+00   1.023952e-09
   1.279665e-03   3.459621e-03  -0.000000e+00   0.000000e+00   0.000000e+00  -1.286459e-04   4.950315e-05  -2.465176e-05  -0.000000e+00   1.687811e-09
   6.064867e-03   8.902548e-03  -0.000000e+00   0.000000e+00   0.000000e+00  -2.669556e-04  -4.814483e-05   5.380447e-05  -0.000000e+00   3.016553e-09
   1.188874e-03   9.737834e-03  -0.000000e+00   0.000000e+00   0.000000e+00  -3.399131e-03  -9.183459e-04   7.622614e-04  -0.000000e+00   1.257148e-08
   7.862885e-04   5.629018e-03  -0.000000e+00   0.000000e+00   0.000000e+00  -6.219313e-05  -1.106530e-05   8.422945e-06  -0.000000e+00   9.011801e-10
   2.646378e-03   4.989886e-03  -0.000000e+00   0.000000e+00   0.000000e+00  -1.352553e-04   9.606375e-06   5.241412e-05  -0.000000e+00   1.579446e-09
   2.345021e-03   6.803889e-03  -0.000000e+00   0.000000e+00   0.000000e+00  -1.570008e-04   6.290047e-06   5.247239e-06  -0.000000e+00   1.666667e-09
   3.926050e-03   9.290786e-03  -0.000000e+00   0.000000e+00   0.000000e+00  -6.078558e-04  -2.282343e-04   1.324961e-04  -0.000000e+00   3.500040e-09
   4.292142e-03   1.327909e-03  -0.000000e+00   0.000000e+00   0.000000e+00  -5.360155e-04  -3.036606e-05  -1.325393e-04  -0.000000e+00   3.793012e-09
   3.367302e-03   3.054522e-03  -0.000000e+00   0.000000e+00   0.000000e+00  -2.585927e-05   4.843692e-06  -4.890601e-06  -0.000000e+00   6.271457e-10
   4.410881e-03   6.638505e-03  -0.000000e+00   0.000000e+00   0.000000e+00  -5.240773e-05   6.275502e-08   5.282043e-07  -0.000000e+00   1.004383e-09
   5.115109e-03   3.556048e-03  -0.000000e+00   0.000000e+00   0.000000e+00  -4.433688e-03  -4.352782e-04   6.090288e-04  -0.000000e+00   1.619033e-08
   6.293255e-03   6.672170e-03  -0.000000e+00   0.000000e+00   0.000000e+00  -4.573978e-04  -7.254167e-05  -4.407999e-05  -0.000000e+00   3.633300e-09
   8.492820e-03   5.217157e-03  -0.000000e+00   0.000000e+00   0.000000e+00  -6.457973e-03  -3.035386e-04  -2.730903e-03  -0.000000e+00   1.886188e-08
   8.315126e-03   8.071724e-03  -0.000000e+00   0.000000e+00   0.000000e+00  -6.845759e-03  -1.096146e-03  -2.706109e-03  -0.000000e+00   1.845668e-08
   9.430721e-03   2.211645e-03  -0.000000e+00   0.000000e+00   0.000000e+00  -4.907711e-03  -6.845812e-04  -5.055651e-04  -0.000000e+00   1.323544e-08
   1.044022e-03   1.843453e-02  -0.000000e+00   0.000000e+00   0.000000e+00  -1.138197e-03  -2.064446e-04   2.999622e-04  -0.000000e+00   5.712523e-09
   4.013516e-03   1.872976e-02  -0.000000e+00   0.000000e+00   0.000000e+00  -6.490317e-04   4.652254e-05  -8.598561e-05  -0.000000e+00   4.101966e-09
   2.346650e-03   1.685582e-02  -0.000000e+00   0.000000e+00   0.000000e+00  -2.384882e-04   4.273734e-05  -1.628902e-05  -0.000000e+00   2.535861e-09
   6.292790e-03   1.816644e-02  -0.000000e+00   0.000000e+00   0.000000e+00  -1.916810e-04  -5.250960e-05   6.488414e-05  -0.000000e+00   1.915465e-09
   1.049219e-03   1.581170e-02  -0.000000e+00   0.000000e+00   0.000000e+00  -5.065959e-05   1.166034e-05   3.651036e-06  -0.000000e+00   9.823171e-10
   6.798655e-03   1.511684e-02  -0.000000e+00   0.000000e+00   0.000000e+00  -3.340820e-03  -1.089395e-03  -7.790262e-04  -0.000000e+00   1.286098e-08
   3.259099e-03   1.271949e-02  -0.000000e+00   0.000000e+00   0.000000e+00  -6.942375e-05  -3.364002e-06  -1.713576e-05  -0.000000e+00   9.713426e-10
   5.015953e-03   1.618391e-02  -0.000000e+00   0.000000e+00   0.000000e+00  -6.947207e-04   1.176080e-04  -1.536968e-04  -0.000000e+00   3.939980e-09
   2.472579e-03   1.445448e-02  -0.000000e+00   0.000000e+00   0.000000e+00  -6.318801e-03   9.521046e-04   6.834972e-04  -0.000000e+00   1.936230e-08
   9.657489e-03   1.897414e-02  -0.000000e+00   0.000000e+00   0.000000e+00  -5.525590e-04   1.339551e-04  -1.970433e-05  -0.000000e+00   5.102285e-09
   4.920510e-03   1.166987e-02  -0.000000e+00   0.000000e+00   0.000000e+00  -3.696422e-03   5.719673e-05  -1.200323e-03  -0.000000e+00   1.642680e-08
   8.821344e-03   1.375376e-02  -0.000000e+00   0.000000e+00   0.000000e+00  -2.245841e-03   1.358969e-04  -5.196421e-06  -0.000000e+00   8.834342e-09
   9.750924e-04   1.252948e-02  -0.000000e+00   0.000000e+00   0.000000e+00  -9.639930e-05   3.441243e-06   1.889140e-05  -0.000000e+00   1.206415e-09
   7.200022e-03   1.097916e-02  -0.000000e+00   0.000000e+00   0.000000e+00  -1.088518e-03  -1.714204e-04   3.595152e-05  -0.000000e+00   5.407335e-09
   9.882940e-03   1.596254e-02  -0.000000e+00   0.000000e+00   0.000000e+00  -8.682851e-05   2.328183e-06   2.309572e-06  -0.000000e+00   1.123570e-09
   1.798868e-02   5.656444e-03  -0.000000e+00   0.000000e+00   0.000000e+00  -1.984173e-03   2.837071e-05  -3.954658e-04  -0.000000e+00   8.762729e-09
   1.608445e-02   8.098421e-03  -0.000000e+00   0.000000e+00   0.000000e+00  -3.473702e-03   1.158292e-03   7.731758e-04  -0.000000e+00   1.340435e-08
   1.704384e-02   1.926179e-03  -0.000000e+00   0.000000e+00   0.000000e+00  -5.422195e-03   4.180134e-04  -3.405747e-04  -0.000000e+00   1.691666e-08
   1.252287e-02   4.978215e-03  -0.000000e+00   0.000000e+00   0.000000e+00  -1.459131e-03  -8.744584e-06   2.826522e-04  -0.000000e+00   8.425763e-09
   1.543875e-02   4.871933e-03  -0.000000e+00   0.000000e+00   0.000000e+00  -1.387105e-03  -1.751075e-04  -4.309912e-04  -0.000000e+00   8.220402e-09
   1.833727e-02   3.756971e-03  -0.000000e+00   0.000000e+00   0.000000e+00  -2.457867e-03  -2.357148e-04   2.550057e-04  -0.000000e+00   1.042948e-08
   1.520542e-02   1.249890e-03  -0.000000e+00   0.000000e+00   0.000000e+00  -6.004602e-05  -4.412672e-06   2.866215e-05  -0.000000e+00   9.724639e-10
   1.429692e-02   3.059595e-03  -0.000000e+00   0.000000e+00   0.000000e+00  -1.726025e-04  -8.842752e-06  -1.822810e-05  -0.000000e+00   2.167566e-09
   1.247793e-02   1.712638e-03  -0.000000e+00   0.000000e+00   0.000000e+00  -3.109045e-03   8.907514e-04   1.907972e-04  -0.000000e+00   1.222238e-08
   1.348308e-02   9.140882e-03  -0.000000e+00   0.000000e+00   0.000000e+00  -3.888920e-03  -1.411139e-04   9.281073e-05  -0.000000e+00   1.474531e-08
   1.432920e-02   6.939348e-03  -0.000000e+00   0.000000e+00   0.000000e+00  -2.534248e-04   9.891080e-05   1.270735e-06  -0.000000e+00   2.315173e-09
   1.891589e-02   9.329540e-03  -0.000000e+00   0.000000e+00   0.000000e+00  -3.687394e-03   1.602113e-03  -5.737948e-04  -0.000000e+00   1.213214e-08
   1.092328e-02   6.503684e-03  -0.000000e+00   0.000000e+00   0.000000e+00  -3.521607e-04   1.536333e-05  -1.998472e-05  -0.000000e+00   2.540979e-09
   1.127592e-02   8.324320e-03  -0.000000e+00   0.000000e+00   0.000000e+00  -7.841244e-05  -1.745310e-06  -1.632442e-05  -0.000000e+00   1.268871e-09
   1.820332e-02   1.720650e-02  -0.000000e+00   0.000000e+00   0.000000e+00  -6.469510e-03   4.114726e-04  -6.876049e-04  -0.000000e+00   2.493742e-08
   1.879950e-02   1.921907e-02  -0.000000e+00   0.000000e+00   0.000000e+00  -4.779801e-05  -1.207079e-05   5.339481e-06  -0.000000e+00   9.226981e-10
   1.681417e-02   1.499848e-02  -0.000000e+00   0.000000e+00   0.000000e+00  -5.207899e-03  -8.873882e-05  -1.110558e-03  -0.000000e+00   1.675124e-08
   1.490433e-02   1.690794e-02  -0.000000e+00   0.000000e+00   0.000000e+00  -1.796048e-03   4.659820e-04  -1.376145e-05  -0.000000e+00   8.367099e-09
   1.907540e-02   1.453892e-02  -0.000000e+00   0.000000e+00   0.000000e+00  -5.078386e-05  -7.900560e-06  -2.680716e-06  -0.000000e+00   8.730962e-10
   1.575897e-02   1.918736e-02  -0.000000e+00   0.000000e+00   0.000000e+00  -5.673541e-05   6.612434e-06  -8.956975e-06  -0.000000e+00   1.045610e-09
   1.395596e-02   1.859686e-02  -0.000000e+00   0.000000e+00   0.000000e+00  -3.774223e-03  -1.699678e-04  -8.346675e-04  -0.000000e+00   1.653634e-08
   1.781076e-02   1.287566e-02  -0.000000e+00   0.000000e+00   0.000000e+00  -5.468026e-05   1.033255e-05   2.223541e-06  -0.000000e+00   1.011279e-09
   1.896052e-02   1.203114e-02  -0.000000e+00   0.000000e+00   0.000000e+00  -5.050684e-05  -4.365623e-06  -2.636225e-06  -0.000000e+00   7.859906e-10
   1.167226e-02   1.674333e-02  -0.000000e+00   0.000000e+00   0.000000e+00  -4.830327e-03  -1.238584e-04  -9.780655e-04  -0.000000e+00   1.604246e-08
   1.602096e-02   1.149442e-02  -0.000000e+00   0.000000e+00   0.000000e+00  -6.033298e-04  -6.701599e-05  -9.114412e-05  -0.000000e+00   4.082128e-09
   1.393963e-02   1.271693e-02  -0.000000e+00   0.000000e+00   0.000000e+00  -4.705794e-04  -1.056730e-04   1.120450e-04  -0.000000e+00   3.577763e-09
   1.143509e-02   1.426505e-02  -0.000000e+00   0.000000e+00   0.000000e+00  -3.600547e-03   7.884641e-04  -6.230736e-04  -0.000000e+00   1.508169e-08
   1.486979e-02   1.441518e-02  -0.000000e+00   0.000000e+00   0.000000e+00  -7.402197e-05   2.675929e-05   1.768153e-05  -0.000000e+00   1.012421e-09
   1.122276e-02   1.090281e-02  -0.000000e+00   0.000000e+00   0.000000e+00  -2.129039e-03   5.040202e-04  -4.047295e-04  -0.000000e+00   7.293730e-09
                                                0.000000e+00   0.000000e+00  -1.164493e-01   2.185642e-03  -1.120037e-02   0.000000e+00   7.325506e-09

