              5

              1
             47
          pos_x          pos_y          pos_z       normal_x       normal_y       normal_z        tangt_x        tangt_y        tangt_z          pentr
  -0.000000e+00   3.389204e-03   1.089351e-03  -1.264694e-04   0.000000e+00   0.000000e+00  -0.000000e+00  -5.525983e-05  -5.807224e-06   1.864930e-09
  -0.000000e+00   8.972267e-03   1.335549e-03  -2.694864e-03   0.000000e+00   0.000000e+00  -0.000000e+00  -8.201542e-04  -2.746125e-04   9.681155e-09
  -0.000000e+00   9.864869e-04   1.999696e-03  -1.595838e-04   0.000000e+00   0.000000e+00  -0.000000e+00  -3.005956e-05   7.227025e-05   1.689892e-09
  -0.000000e+00   4.147666e-03   1.888429e-03  -3.752941e-05   0.000000e+00   0.000000e+00  -0.000000e+00  -1.072932e-05  -1.088194e-05   6.957504e-10
  -0.000000e+00   5.958364e-03   2.683985e-03  -8.167810e-04   0.000000e+00   0.000000e+00  -0.000000e+00  -1.614942e-04  -3.198562e-04   5.265103e-09
  -0.000000e+00   2.729671e-03   4.725071e-03  -2.314626e-03   0.000000e+00   0.000000e+00  -0.000000e+00  -1.700411e-04   5.472550e-04   1.038091e-08
  -0.000000e+00   8.787597e-03   5.169175e-03  -2.545058e-03   0.000000e+00   0.000000e+00  -0.000000e+00  -5.804447e-04   5.153283e-04   8.565027e-09
  -0.000000e+00   5.528759e-03   4.971048e-03  -4.456539e-04   0.000000e+00   0.000000e+00  -0.000000e+00   6.271147e-05  -7.004448e-05   3.043691e-09
  -0.000000e+00   1.112096e-03   8.998157e-03  -5.243483e-04   0.000000e+00   0.000000e+00  -0.000000e+00  -1.588763e-04  -7.197252e-05   4.099946e-09
  -0.000000e+00   9.141544e-04   4.272295e-03  -8.721926e-04   0.000000e+00   0.000000e+00  -0.000000e+00   2.047895e-04   3.370778e-04   5.899991e-09
  -0.000000e+00   3.843203e-03   6.607964e-03  -7.796478e-03   0.000000e+00   0.000000e+00  -0.000000e+00   1.397236e-03   1.430574e-03   3.091417e-08
  -0.000000e+00   7.008950e-03   6.723372e-03  -1.463892e-04   0.000000e+00   0.000000e+00  -0.000000e+00  -9.821994e-06  -8.373746e-06   1.710568e-09
  -0.000000e+00   6.705019e-03   1.031473e-02  -4.591721e-04   0.000000e+00   0.000000e+00  -0.000000e+00   1.083787e-04  -5.357844e-05   3.373458e-09
  -0.000000e+00   8.446681e-03   8.480347e-03  -7.521081e-05   0.000000e+00   0.000000e+00  -0.000000e+00   3.532079e-06   3.996053e-06   1.054690e-09
  -0.000000e+00   5.002151e-03   7.069229e-03  -1.094264e-05   0.000000e+00   0.000000e+00  -0.000000e+00   1.538496e-06   3.092528e-06   2.900490e-10
  -0.000000e+00   3.406030e-03   9.524749e-03  -1.827598e-04   0.000000e+00   0.000000e+00  -0.000000e+00  -4.614049e-06   6.645312e-05   2.046203e-09
  -0.000000e+00   6.006476e-03   1.485424e-02  -8.828057e-04   0.000000e+00   0.000000e+00  -0.000000e+00  -7.941802e-05  -2.565840e-04   4.427314e-09
  -0.000000e+00   8.365380e-03   1.531161e-02  -1.218849e-04   0.000000e+00   0.000000e+00  -0.000000e+00  -2.731491e-05  -4.177830e-05   1.609385e-09
  -0.000000e+00   2.024017e-03   1.457466e-02  -6.173934e-05   0.000000e+00   0.000000e+00  -0.000000e+00   8.347405e-07  -2.566853e-05   9.041292e-10
  -0.000000e+00   8.933955e-03   1.338711e-02  -3.525558e-05   0.000000e+00   0.000000e+00  -0.000000e+00   1.005107e-05   6.732939e-06   7.711702e-10
  -0.000000e+00   7.621406e-03   1.249689e-02  -1.371326e-05   0.000000e+00   0.000000e+00  -0.000000e+00   5.631881e-06  -1.345827e-06   4.084153e-10
  -0.000000e+00   4.276413e-03   1.272280e-02  -3.180046e-04   0.000000e+00   0.000000e+00  -0.000000e+00   3.196486e-05  -1.081446e-04   2.497120e-09
  -0.000000e+00   1.125613e-03   1.224949e-02  -3.378517e-04   0.000000e+00   0.000000e+00  -0.000000e+00   4.716519e-05  -1.177116e-04   3.566715e-09
  -0.000000e+00   1.434121e-02   4.756045e-03  -8.518436e-07   0.000000e+00   0.000000e+00  -0.000000e+00   3.684235e-07   1.534657e-07   6.707229e-11
  -0.000000e+00   1.818720e-02   4.838757e-03  -1.196575e-04   0.000000e+00   0.000000e+00  -0.000000e+00  -4.761815e-05   1.752277e-05   1.501627e-09
  -0.000000e+00   1.829749e-02   7.062351e-03  -1.314492e-06   0.000000e+00   0.000000e+00  -0.000000e+00  -4.057233e-09  -2.514795e-07   7.755320e-11
  -0.000000e+00   1.728989e-02   2.753699e-03  -1.617933e-03   0.000000e+00   0.000000e+00  -0.000000e+00   2.407709e-04  -4.915320e-04   7.815650e-09
  -0.000000e+00   1.548260e-02   1.141332e-03  -1.222884e-05   0.000000e+00   0.000000e+00  -0.000000e+00  -3.909934e-06  -9.821737e-07   3.538000e-10
  -0.000000e+00   1.393083e-02   2.762652e-03  -4.903478e-03   0.000000e+00   0.000000e+00  -0.000000e+00   5.001366e-04   5.500182e-04   1.500901e-08
  -0.000000e+00   1.515318e-02   7.319853e-03  -2.509645e-03   0.000000e+00   0.000000e+00  -0.000000e+00   1.934651e-04  -5.327763e-05   1.062471e-08
  -0.000000e+00   1.146925e-02   1.630460e-03  -1.309648e-05   0.000000e+00   0.000000e+00  -0.000000e+00  -5.727944e-06  -6.968119e-07   4.070356e-10
  -0.000000e+00   1.603986e-02   4.433541e-03  -7.942627e-04   0.000000e+00   0.000000e+00  -0.000000e+00   8.494489e-05  -1.499075e-04   6.152269e-09
  -0.000000e+00   1.615210e-02   8.432898e-03  -5.089140e-03   0.000000e+00   0.000000e+00  -0.000000e+00  -8.733092e-04  -1.566024e-03   1.696748e-08
  -0.000000e+00   1.154591e-02   7.540391e-03  -2.670384e-03   0.000000e+00   0.000000e+00  -0.000000e+00  -7.653494e-04  -3.061229e-04   1.238287e-08
  -0.000000e+00   1.372469e-02   6.252965e-03  -2.330974e-04   0.000000e+00   0.000000e+00  -0.000000e+00  -7.451441e-05  -5.711571e-05   2.341437e-09
  -0.000000e+00   1.010318e-02   8.168589e-03  -7.131004e-05   0.000000e+00   0.000000e+00  -0.000000e+00  -3.217199e-05  -7.831508e-06   1.233336e-09
  -0.000000e+00   1.907186e-02   9.383474e-03  -1.371740e-03   0.000000e+00   0.000000e+00  -0.000000e+00   1.515630e-04   9.979391e-05   7.342748e-09
  -0.000000e+00   1.196793e-02   9.114575e-03  -3.766293e-04   0.000000e+00   0.000000e+00  -0.000000e+00  -5.123894e-05   2.233208e-05   4.030388e-09
  -0.000000e+00   1.021946e-02   9.473478e-03  -2.294743e-04   0.000000e+00   0.000000e+00  -0.000000e+00  -6.503139e-05  -3.149924e-05   2.199789e-09
  -0.000000e+00   1.228661e-02   1.786366e-02  -3.394863e-06   0.000000e+00   0.000000e+00   0.000000e+00   6.956952e-07  -1.548316e-06   1.223538e-10
  -0.000000e+00   1.841460e-02   1.786789e-02  -3.517445e-05   0.000000e+00   0.000000e+00  -0.000000e+00  -9.142975e-06   4.130616e-07   7.215247e-10
  -0.000000e+00   1.233445e-02   1.487187e-02  -1.395242e-04   0.000000e+00   0.000000e+00  -0.000000e+00   2.573820e-06  -2.337630e-05   1.634142e-09
  -0.000000e+00   1.455267e-02   1.470616e-02  -2.370455e-05   0.000000e+00   0.000000e+00   0.000000e+00  -9.866550e-06  -6.567165e-06   4.574829e-10
  -0.000000e+00   1.039858e-02   1.450364e-02  -1.264937e-04   0.000000e+00   0.000000e+00  -0.000000e+00   6.304642e-07  -1.305953e-06   1.594974e-09
  -0.000000e+00   1.181129e-02   1.273765e-02  -2.064514e-03   0.000000e+00   0.000000e+00  -0.000000e+00   2.293940e-04   2.357719e-04   8.481410e-09
  -0.000000e+00   1.651804e-02   1.218898e-02  -2.516634e-03   0.000000e+00   0.000000e+00  -0.000000e+00  -8.405413e-04   5.793094e-06   1.077687e-08
  -0.000000e+00   1.844904e-02   1.190989e-02  -2.137878e-04   0.000000e+00   0.000000e+00  -0.000000e+00  -5.664064e-05   4.776911e-05   2.211667e-09
                                               -4.611678e-02   0.000000e+00   0.000000e+00   0.000000e+00  -1.664918e-03  -1.020510e-04   4.665255e-09

              2
             37
          pos_x          pos_y          pos_z       normal_x       normal_y       normal_z        tangt_x        tangt_y        tangt_z          pentr
   2.000000e-02   3.222638e-03   3.315080e-03   2.945704e-03   0.000000e+00   0.000000e+00  -0.000000e+00  -3.031607e-04   1.041146e-03   9.613795e-09
   2.000000e-02   1.866124e-03   6.320289e-03   3.609216e-03   0.000000e+00   0.000000e+00  -0.000000e+00   7.943709e-04   1.194241e-03   1.073945e-08
   2.000000e-02   5.555356e-03   5.159242e-03   1.219263e-03   0.000000e+00   0.000000e+00  -0.000000e+00   4.113706e-04  -4.655849e-05   6.467787e-09
   2.000000e-02   8.661530e-03   6.008113e-03   4.746180e-03   0.000000e+00   0.000000e+00  -0.000000e+00  -1.094956e-03   6.965478e-04   1.506573e-08
   2.000000e-02   3.712168e-03   9.332927e-03   1.048709e-04   0.000000e+00   0.000000e+00  -0.000000e+00  -2.405190e-05   2.478496e-05   1.502843e-09
   2.000000e-02   6.024932e-03   7.540325e-03   4.475209e-05   0.000000e+00   0.000000e+00  -0.000000e+00  -3.963258e-06  -3.090159e-06   7.085396e-10
   2.000000e-02   1.106290e-03   9.341856e-03   5.711184e-04   0.000000e+00   0.000000e+00  -0.000000e+00  -1.629780e-04  -1.683775e-04   4.226725e-09
   2.000000e-02   8.864707e-03   2.764458e-03   1.116102e-04   0.000000e+00   0.000000e+00  -0.000000e+00   3.372190e-05   2.789857e-05   1.616206e-09
   2.000000e-02   6.664457e-03   1.059064e-02   2.388643e-03   0.000000e+00   0.000000e+00  -0.000000e+00  -6.380988e-05  -1.485720e-04   7.933015e-09
   2.000000e-02   7.551099e-03   1.748077e-02   2.876568e-04   0.000000e+00   0.000000e+00  -0.000000e+00   9.407599e-05   1.722848e-05   2.931895e-09
   2.000000e-02   9.020969e-03   1.561653e-02   3.428557e-04   0.000000e+00   0.000000e+00  -0.000000e+00  -3.022628e-05  -9.182773e-05   2.775348e-09
   2.000000e-02   2.152293e-03   1.512360e-02   8.198242e-04   0.000000e+00   0.000000e+00  -0.000000e+00  -9.145387e-05   1.100056e-04   5.221462e-09
   2.000000e-02   5.299897e-03   1.545100e-02   6.030932e-04   0.000000e+00   0.000000e+00  -0.000000e+00   7.417812e-05   1.089030e-04   3.885477e-09
   2.000000e-02   4.827075e-03   1.250656e-02   1.391331e-05   0.000000e+00   0.000000e+00  -0.000000e+00   1.673100e-06  -1.432267e-06   4.008131e-10
   2.000000e-02   3.386812e-03   1.085546e-02   5.007722e-04   0.000000e+00   0.000000e+00  -0.000000e+00   2.770150e-05  -7.711222e-06   3.676473e-09
   2.000000e-02   1.860035e-02   1.126084e-03   1.080203e-05   0.000000e+00   0.000000e+00  -0.000000e+00  -5.817338e-07  -2.772254e-06   3.590646e-10
   2.000000e-02   1.635299e-02   4.832030e-03   4.252712e-03   0.000000e+00   0.000000e+00  -0.000000e+00  -1.215439e-03  -5.730249e-04   1.509194e-08
   2.000000e-02   1.531120e-02   3.065638e-03   6.057564e-03   0.000000e+00   0.000000e+00  -0.000000e+00   6.321831e-04   2.021286e-03   1.691508e-08
   2.000000e-02   1.900224e-02   4.584861e-03   3.693544e-04   0.000000e+00   0.000000e+00  -0.000000e+00   1.555982e-05  -1.478716e-04   2.947493e-09
   2.000000e-02   1.861630e-02   9.407820e-03   3.692937e-03   0.000000e+00   0.000000e+00  -0.000000e+00   9.030005e-04   5.490238e-05   1.204693e-08
   2.000000e-02   1.790055e-02   3.063180e-03   2.644486e-03   0.000000e+00   0.000000e+00  -0.000000e+00   8.274239e-04   1.882936e-04   1.151659e-08
   2.000000e-02   1.490375e-02   8.577736e-04   6.834413e-06   0.000000e+00   0.000000e+00  -0.000000e+00  -3.355452e-06  -5.121549e-07   2.427699e-10
   2.000000e-02   1.144998e-02   8.864985e-03   1.257159e-03   0.000000e+00   0.000000e+00  -0.000000e+00  -6.362783e-05   6.685456e-05   7.366250e-09
   2.000000e-02   1.284664e-02   3.556921e-03   1.726785e-03   0.000000e+00   0.000000e+00  -0.000000e+00  -6.345479e-04  -3.105508e-04   7.562490e-09
   2.000000e-02   1.229358e-02   6.529859e-04   8.368481e-06   0.000000e+00   0.000000e+00  -0.000000e+00   6.483225e-07   1.554302e-06   3.262131e-10
   2.000000e-02   1.361544e-02   8.207517e-03   1.902540e-04   0.000000e+00   0.000000e+00  -0.000000e+00   1.187869e-05  -1.308158e-05   1.801534e-09
   2.000000e-02   1.023460e-02   7.289816e-03   5.164657e-05   0.000000e+00   0.000000e+00  -0.000000e+00   2.149088e-06   1.788848e-05   8.302463e-10
   2.000000e-02   1.386375e-02   1.770665e-02   2.666114e-05   0.000000e+00   0.000000e+00  -0.000000e+00   5.158279e-06   1.092849e-06   6.777357e-10
   2.000000e-02   1.703437e-02   1.811201e-02   3.694689e-04   0.000000e+00   0.000000e+00  -0.000000e+00   6.617308e-05   8.812521e-06   2.756069e-09
   2.000000e-02   1.297329e-02   1.620129e-02   7.675901e-05   0.000000e+00   0.000000e+00  -0.000000e+00   4.603248e-06  -3.360641e-06   9.401389e-10
   2.000000e-02   1.090537e-02   1.525381e-02   2.604522e-05   0.000000e+00   0.000000e+00  -0.000000e+00  -9.247225e-07  -2.903081e-06   5.571666e-10
   2.000000e-02   1.361765e-02   1.416528e-02   1.284321e-04   0.000000e+00   0.000000e+00  -0.000000e+00   1.776067e-05   4.819389e-06   1.930605e-09
   2.000000e-02   1.082102e-02   1.314851e-02   3.598517e-04   0.000000e+00   0.000000e+00  -0.000000e+00   5.973215e-05   7.167998e-05   3.312240e-09
   2.000000e-02   1.822692e-02   1.281210e-02   2.487901e-04   0.000000e+00   0.000000e+00  -0.000000e+00  -1.052277e-04   6.532582e-05   2.138791e-09
   2.000000e-02   1.280268e-02   1.235932e-02   3.547612e-04   0.000000e+00   0.000000e+00  -0.000000e+00   3.031359e-05   4.911306e-05   3.086017e-09
   2.000000e-02   1.908680e-02   1.136558e-02   1.923073e-04   0.000000e+00   0.000000e+00  -0.000000e+00   5.543130e-05  -5.348971e-05   2.393797e-09
   2.000000e-02   9.687539e-03   1.069942e-02   7.364889e-04   0.000000e+00   0.000000e+00  -0.000000e+00   1.217755e-04  -1.997521e-04   4.706631e-09
                                                4.109794e-02   0.000000e+00   0.000000e+00   0.000000e+00   3.925800e-04   3.997489e-03   4.764090e-09

              3
             43
          pos_x          pos_y          pos_z       normal_x       normal_y       normal_z        tangt_x        tangt_y        tangt_z          pentr
   6.189405e-03  -0.000000e+00   9.887066e-04   0.000000e+00  -1.292367e-03   0.000000e+00   1.215218e-04  -0.000000e+00  -2.659135e-04   7.836154e-09
   6.085191e-04  -0.000000e+00   1.824513e-03   0.000000e+00  -1.378394e-05   0.000000e+00  -2.178017e-06  -0.000000e+00  -2.965124e-06   4.590559e-10
   3.902463e-03  -0.000000e+00   1.935890e-03   0.000000e+00  -1.756721e-05   0.000000e+00   2.332383e-06  -0.000000e+00   2.202354e-06   3.974867e-10
   2.128823e-03  -0.000000e+00   3.459437e-03   0.000000e+00  -4.294340e-03   0.000000e+00  -7.957174e-04  -0.000000e+00   1.274748e-03   1.555539e-08
   1.679353e-03  -0.000000e+00   6.310450e-03   0.000000e+00  -5.749912e-04   0.000000e+00   5.782221e-05  -0.000000e+00   1.150031e-04   4.070151e-09
   1.376200e-03  -0.000000e+00   8.431837e-03   0.000000e+00  -6.196935e-04   0.000000e+00  -1.480959e-05  -0.000000e+00  -2.513685e-04   3.839655e-09
   2.400778e-03  -0.000000e+00   4.878730e-03   0.000000e+00  -2.560859e-05   0.000000e+00   5.229585e-06  -0.000000e+00   5.898504e-06   6.219211e-10
   8.821014e-04  -0.000000e+00   4.208784e-03   0.000000e+00  -1.043798e-04   0.000000e+00   4.001105e-05  -0.000000e+00   1.223853e-05   1.468151e-09
   3.936850e-03  -0.000000e+00   6.365418e-03   0.000000e+00  -2.689633e-04   0.000000e+00   3.878977e-05  -0.000000e+00   9.548363e-05   2.786310e-09
   8.081121e-03  -0.000000e+00   6.138991e-03   0.000000e+00  -5.739781e-04   0.000000e+00   2.020941e-04  -0.000000e+00  -3.389343e-05   3.761472e-09
   3.673905e-03  -0.000000e+00   7.664706e-03   0.000000e+00  -1.280948e-03   0.000000e+00   1.485016e-04  -0.000000e+00  -2.785488e-04   7.182324e-09
   5.729122e-03  -0.000000e+00   6.170219e-03   0.000000e+00  -3.211693e-05   0.000000e+00   6.426803e-07  -0.000000e+00  -2.101620e-06   7.243629e-10
   5.631726e-03  -0.000000e+00   7.783844e-03   0.000000e+00  -4.303688e-05   0.000000e+00  -1.887942e-05  -0.000000e+00   3.153813e-06   8.774029e-10
   3.201016e-03  -0.000000e+00   1.039005e-02   0.000000e+00  -8.006143e-05   0.000000e+00   2.816998e-06  -0.000000e+00   3.176789e-05   1.203752e-09
   9.704071e-03  -0.000000e+00   1.377361e-03   0.000000e+00  -3.551988e-03   0.000000e+00  -1.508752e-05  -0.000000e+00   5.735902e-04   1.474127e-08
   7.735755e-03  -0.000000e+00   8.337066e-03   0.000000e+00  -2.189440e-04   0.000000e+00  -8.669309e-05  -0.000000e+00   2.335746e-05   2.150402e-09
   5.741818e-03  -0.000000e+00   1.068616e-02   0.000000e+00  -2.247201e-03   0.000000e+00   2.290848e-04  -0.000000e+00   7.101729e-05   1.193062e-08
   5.617248e-03  -0.000000e+00   1.872189e-02   0.000000e+00  -1.970740e-04   0.000000e+00  -2.382336e-05  -0.000000e+00   6.309301e-05   2.042710e-09
   6.448916e-03  -0.000000e+00   1.442473e-02   0.000000e+00  -5.771801e-04   0.000000e+00   9.944549e-05  -0.000000e+00   1.969284e-05   3.866724e-09
   4.050002e-03  -0.000000e+00   1.537509e-02   0.000000e+00  -1.558656e-05   0.000000e+00   5.441491e-07  -0.000000e+00  -1.774928e-06   3.906840e-10
   1.771082e-03  -0.000000e+00   1.395460e-02   0.000000e+00  -2.479934e-04   0.000000e+00   4.750274e-05  -0.000000e+00   8.426611e-05   1.975154e-09
   8.303125e-03  -0.000000e+00   1.204477e-02   0.000000e+00  -5.766574e-04   0.000000e+00   2.790679e-05  -0.000000e+00  -5.921866e-05   3.738076e-09
   2.525842e-03  -0.000000e+00   1.242620e-02   0.000000e+00  -1.923490e-05   0.000000e+00   6.650026e-07  -0.000000e+00   7.199783e-07   4.973280e-10
   1.397860e-03  -0.000000e+00   1.057242e-02   0.000000e+00  -4.056320e-04   0.000000e+00   2.869436e-05  -0.000000e+00   1.144916e-04   3.437213e-09
   1.763547e-02  -0.000000e+00   1.815856e-03   0.000000e+00  -1.660359e-03   0.000000e+00   5.460130e-04  -0.000000e+00   1.434926e-05   7.762456e-09
   1.736252e-02  -0.000000e+00   4.645213e-03   0.000000e+00  -4.455911e-03   0.000000e+00   1.362521e-03  -0.000000e+00  -9.876899e-04   1.441127e-08
   1.861943e-02  -0.000000e+00   9.378434e-03   0.000000e+00  -7.726592e-04   0.000000e+00   2.070052e-04  -0.000000e+00  -2.229679e-04   4.343879e-09
   1.511508e-02  -0.000000e+00   2.857672e-03   0.000000e+00  -1.076035e-03   0.000000e+00  -2.146843e-04  -0.000000e+00   4.374866e-04   5.631810e-09
   1.539818e-02  -0.000000e+00   9.754520e-04   0.000000e+00  -2.866265e-05   0.000000e+00   4.421878e-06  -0.000000e+00   7.831360e-06   7.041538e-10
   1.277935e-02  -0.000000e+00   1.469756e-03   0.000000e+00  -4.023695e-03   0.000000e+00   5.127980e-04  -0.000000e+00  -1.759787e-03   1.564241e-08
   1.090348e-02  -0.000000e+00   6.253154e-03   0.000000e+00  -9.061927e-05   0.000000e+00   1.329086e-05  -0.000000e+00  -2.465731e-05   1.220656e-09
   1.449431e-02  -0.000000e+00   8.968429e-03   0.000000e+00  -5.736209e-05   0.000000e+00  -1.027979e-05  -0.000000e+00  -2.057276e-05   7.832334e-10
   1.044018e-02  -0.000000e+00   3.207738e-03   0.000000e+00  -2.338070e-04   0.000000e+00  -4.515355e-05  -0.000000e+00   4.931203e-05   1.936002e-09
   1.706007e-02  -0.000000e+00   9.279198e-03   0.000000e+00  -2.685823e-05   0.000000e+00   4.225515e-06  -0.000000e+00   1.026624e-05   6.429716e-10
   1.272198e-02  -0.000000e+00   8.249187e-03   0.000000e+00  -3.250744e-04   0.000000e+00  -1.090494e-04  -0.000000e+00  -6.598880e-05   3.396937e-09
   1.222958e-02  -0.000000e+00   6.596719e-03   0.000000e+00  -5.274835e-06   0.000000e+00  -1.799532e-06  -0.000000e+00   1.480116e-06   1.784968e-10
   1.023575e-02  -0.000000e+00   1.038877e-02   0.000000e+00  -4.005884e-03   0.000000e+00  -3.974447e-04  -0.000000e+00   4.749889e-04   1.505857e-08
   1.310884e-02  -0.000000e+00   1.664776e-02   0.000000e+00  -3.110991e-05   0.000000e+00   3.745314e-06  -0.000000e+00   2.270496e-06   6.165464e-10
   1.748307e-02  -0.000000e+00   1.499675e-02   0.000000e+00  -5.329237e-04   0.000000e+00  -1.175930e-04  -0.000000e+00  -9.494998e-05   3.519162e-09
   1.097432e-02  -0.000000e+00   1.514725e-02   0.000000e+00  -1.943479e-03   0.000000e+00  -7.039398e-04  -0.000000e+00   2.615479e-04   8.430964e-09
   1.460125e-02  -0.000000e+00   1.436114e-02   0.000000e+00  -3.207236e-04   0.000000e+00  -1.984983e-05  -0.000000e+00  -1.104787e-04   2.674419e-09
   1.586930e-02  -0.000000e+00   1.253239e-02   0.000000e+00  -1.743750e-04   0.000000e+00  -3.693202e-05  -0.000000e+00  -5.482074e-05   1.686056e-09
   1.308506e-02  -0.000000e+00   1.213464e-02   0.000000e+00  -4.729895e-04   0.000000e+00   2.007278e-05  -0.000000e+00   4.887922e-05   4.276011e-09
                                                0.000000e+00  -3.751713e-02   0.000000e+00   1.113785e-03   0.000000e+00  -4.385613e-04   4.383018e-09

              4
             40
          pos_x          pos_y          pos_z       normal_x       normal_y       normal_z        tangt_x        tangt_y        tangt_z          pentr
   1.651875e-03   2.000000e-02   2.474460e-03   0.000000e+00   2.490198e-04   0.000000e+00   5.380300e-05  -0.000000e+00  -2.341796e-05   2.091691e-09
   6.535049e-03   2.000000e-02   6.124091e-03   0.000000e+00   2.396055e-04   0.000000e+00  -2.115033e-05  -0.000000e+00  -4.382935e-06   2.202878e-09
   3.888272e-03   2.000000e-02   4.056285e-03   0.000000e+00   1.535115e-03   0.000000e+00   6.766274e-04  -0.000000e+00  -1.051787e-04   6.705038e-09
   7.878809e-03   2.000000e-02   2.668072e-03   0.000000e+00   1.481437e-03   0.000000e+00  -4.759204e-04  -0.000000e+00  -3.163739e-04   7.518336e-09
   9.664195e-03   2.000000e-02   7.010244e-03   0.000000e+00   1.789686e-03   0.000000e+00   4.939781e-04  -0.000000e+00   2.945831e-04   8.622953e-09
   4.818050e-03   2.000000e-02   1.240076e-03   0.000000e+00   5.074333e-04   0.000000e+00   8.226924e-05  -0.000000e+00  -3.116641e-05   3.437550e-09
   3.651102e-03   2.000000e-02   9.568501e-03   0.000000e+00   6.610265e-03   0.000000e+00   1.663217e-03  -0.000000e+00   7.181847e-05   1.501783e-08
   8.268333e-03   2.000000e-02   9.471381e-03   0.000000e+00   3.353705e-04   0.000000e+00   6.216291e-05  -0.000000e+00  -8.440052e-05   2.502728e-09
   9.657555e-03   2.000000e-02   1.299641e-03   0.000000e+00   3.801401e-04   0.000000e+00  -6.050934e-06  -0.000000e+00   1.329334e-05   3.375215e-09
   7.850003e-03   2.000000e-02   6.593583e-03   0.000000e+00   7.245232e-04   0.000000e+00   4.784133e-05  -0.000000e+00  -1.731791e-04   5.266819e-09
   7.538758e-04   2.000000e-02   9.396623e-03   0.000000e+00   1.054150e-03   0.000000e+00  -2.206169e-04  -0.000000e+00   8.517691e-05   7.251565e-09
   1.700236e-03   2.000000e-02   1.803351e-02   0.000000e+00   7.555079e-06   0.000000e+00   8.526453e-08  -0.000000e+00  -2.859407e-07   2.500533e-10
   7.778885e-03   2.000000e-02   1.590299e-02   0.000000e+00   3.853626e-04   0.000000e+00   3.049471e-05  -0.000000e+00  -6.476268e-05   3.786814e-09
   5.308910e-03   2.000000e-02   1.524522e-02   0.000000e+00   1.423931e-03   0.000000e+00   3.870550e-04  -0.000000e+00   2.076002e-04   8.094016e-09
   2.281166e-03   2.000000e-02   1.562813e-02   0.000000e+00   1.477216e-03   0.000000e+00   1.350334e-04  -0.000000e+00   5.686774e-04   6.686114e-09
   9.831058e-03   2.000000e-02   1.386030e-02   0.000000e+00   1.404433e-04   0.000000e+00   3.568068e-06  -0.000000e+00  -3.405418e-05   1.322533e-09
   1.604288e-03   2.000000e-02   1.137111e-02   0.000000e+00   5.484338e-05   0.000000e+00   4.188472e-06  -0.000000e+00  -6.981428e-06   8.528805e-10
   1.794356e-02   2.000000e-02   5.606338e-03   0.000000e+00   3.767470e-04   0.000000e+00  -1.770290e-05  -0.000000e+00  -9.011273e-07   3.232388e-09
   1.939956e-02   2.000000e-02   4.534020e-03   0.000000e+00   7.481366e-04   0.000000e+00   1.251790e-04  -0.000000e+00   5.916819e-05   6.657368e-09
   1.657706e-02   2.000000e-02   8.491226e-03   0.000000e+00   1.597223e-03   0.000000e+00  -3.708992e-04  -0.000000e+00   1.350048e-04   8.518609e-09
   1.620096e-02   2.000000e-02   3.799040e-03   0.000000e+00   1.402942e-03   0.000000e+00  -3.515898e-04  -0.000000e+00   3.846515e-05   8.624612e-09
   1.790090e-02   2.000000e-02   1.039843e-02   0.000000e+00   9.121953e-04   0.000000e+00  -1.423215e-05  -0.000000e+00   4.216567e-05   6.729236e-09
   1.775592e-02   2.000000e-02   2.692270e-03   0.000000e+00   3.302893e-03   0.000000e+00   2.312849e-04  -0.000000e+00  -1.138831e-03   1.299208e-08
   1.412030e-02   2.000000e-02   4.115813e-03   0.000000e+00   5.359476e-04   0.000000e+00   7.504170e-05  -0.000000e+00   9.877097e-05   3.871402e-09
   1.543244e-02   2.000000e-02   9.592477e-04   0.000000e+00   2.256764e-05   0.000000e+00   4.322602e-06  -0.000000e+00   2.214811e-06   4.911726e-10
   1.376079e-02   2.000000e-02   1.880982e-03   0.000000e+00   5.141879e-03   0.000000e+00   1.620318e-03  -0.000000e+00   9.275481e-04   1.664715e-08
   1.540891e-02   2.000000e-02   7.189631e-03   0.000000e+00   6.935359e-06   0.000000e+00   3.530124e-07  -0.000000e+00  -4.241898e-07   2.084063e-10
   1.168820e-02   2.000000e-02   2.101235e-03   0.000000e+00   1.216812e-02   0.000000e+00  -1.221815e-03  -0.000000e+00  -1.006239e-03   2.671610e-08
   1.418842e-02   2.000000e-02   5.594725e-03   0.000000e+00   2.139139e-05   0.000000e+00   3.139378e-06  -0.000000e+00   4.595225e-06   5.209094e-10
   1.179763e-02   2.000000e-02   5.311073e-03   0.000000e+00   1.376838e-04   0.000000e+00  -7.015652e-06  -0.000000e+00  -4.498502e-05   1.549744e-09
   1.616469e-02   2.000000e-02   6.053244e-03   0.000000e+00   8.823690e-05   0.000000e+00  -1.017002e-05  -0.000000e+00   3.028788e-05   1.535615e-09
   1.404475e-02   2.000000e-02   7.323911e-03   0.000000e+00   6.686258e-05   0.000000e+00   1.110777e-05  -0.000000e+00  -1.223898e-05   1.245598e-09
   1.134420e-02   2.000000e-02   8.926884e-03   0.000000e+00   3.766930e-04   0.000000e+00   1.360704e-05  -0.000000e+00   6.251072e-05   2.839202e-09
   1.456742e-02   2.000000e-02   9.752601e-03   0.000000e+00   8.364338e-05   0.000000e+00   2.790062e-05  -0.000000e+00   2.107672e-06   1.180584e-09
   1.402805e-02   2.000000e-02   1.716075e-02   0.000000e+00   3.510846e-04   0.000000e+00  -1.063336e-04  -0.000000e+00  -7.147527e-06   2.830015e-09
   1.140839e-02   2.000000e-02   1.594203e-02   0.000000e+00   1.602264e-04   0.000000e+00  -5.032685e-05  -0.000000e+00  -2.992689e-05   2.067998e-09
   1.763221e-02   2.000000e-02   1.466162e-02   0.000000e+00   2.695058e-04   0.000000e+00  -1.055180e-04  -0.000000e+00  -4.175175e-05   2.492910e-09
   1.255711e-02   2.000000e-02   1.373389e-02   0.000000e+00   3.676496e-04   0.000000e+00  -1.739290e-04  -0.000000e+00  -1.574747e-05   3.031835e-09
   1.185798e-02   2.000000e-02   1.123888e-02   0.000000e+00   9.735447e-04   0.000000e+00  -4.585355e-05  -0.000000e+00  -3.508194e-04   4.771981e-09
   1.925379e-02   2.000000e-02   1.131557e-02   0.000000e+00   1.314219e-04   0.000000e+00  -1.824070e-05  -0.000000e+00   3.456683e-05   2.070017e-09
                                                0.000000e+00   4.763963e-02   0.000000e+00   2.535213e-03   0.000000e+00  -8.146416e-04   5.145249e-09

              5
             62
          pos_x          pos_y          pos_z       normal_x       normal_y       normal_z        tangt_x        tangt_y        tangt_z          pentr
   2.176687e-03   1.561557e-03  -0.000000e+00   0.000000e+00   0.000000e+00  -6.941571e-03   1.638561e-04  -9.197694e-04  -0.000000e+00   1.839350e-08
   6.371603e-03   1.429755e-03  -0.000000e+00   0.000000e+00   0.000000e+00  -2.140275e-03   5.233644e-04   2.955183e-04  -0.000000e+00   8.449242e-09
   4.695563e-03   5.495454e-03  -0.000000e+00   0.000000e+00   0.000000e+00  -5.131701e-05   8.596780e-06   1.932365e-05  -0.000000e+00   9.516555e-10
   1.279663e-03   3.459637e-03  -0.000000e+00   0.000000e+00   0.000000e+00  -1.732353e-04   7.606275e-05  -3.177173e-05  -0.000000e+00   2.058189e-09
   6.064878e-03   8.902562e-03  -0.000000e+00   0.000000e+00   0.000000e+00  -1.157557e-04   1.550265e-05   2.836557e-05  -0.000000e+00   1.728150e-09
   1.188881e-03   9.737859e-03  -0.000000e+00   0.000000e+00   0.000000e+00  -3.141355e-03  -4.674664e-04   6.039620e-04  -0.000000e+00   1.192760e-08
   7.883820e-04   5.631241e-03  -0.000000e+00   0.000000e+00   0.000000e+00  -7.172135e-05  -1.891059e-05   1.489229e-05  -0.000000e+00   9.909762e-10
   2.646378e-03   4.989888e-03  -0.000000e+00   0.000000e+00   0.000000e+00  -1.182640e-04   3.380374e-06   4.570888e-05  -0.000000e+00   1.444235e-09
   2.311570e-03   6.824129e-03  -0.000000e+00   0.000000e+00   0.000000e+00  -2.147055e-04   1.027303e-06   1.080499e-05  -0.000000e+00   2.053909e-09
   3.925806e-03   9.289642e-03  -0.000000e+00   0.000000e+00   0.000000e+00  -6.324836e-04  -1.336756e-04   8.015446e-05  -0.000000e+00   3.594004e-09
   4.292173e-03   1.327923e-03  -0.000000e+00   0.000000e+00   0.000000e+00  -7.581132e-04  -5.104329e-05  -2.084277e-04  -0.000000e+00   4.779211e-09
   3.367293e-03   3.054572e-03  -0.000000e+00   0.000000e+00   0.000000e+00  -4.220930e-05   3.815200e-06  -4.503411e-06  -0.000000e+00   8.694222e-10
   4.410986e-03   6.638525e-03  -0.000000e+00   0.000000e+00   0.000000e+00  -5.215879e-05   6.297793e-08   3.909360e-07  -0.000000e+00   1.001199e-09
   5.115142e-03   3.556031e-03  -0.000000e+00   0.000000e+00   0.000000e+00  -4.755951e-03  -5.303384e-04   6.146128e-04  -0.000000e+00   1.696577e-08
   6.293229e-03   6.672229e-03  -0.000000e+00   0.000000e+00   0.000000e+00  -5.680925e-04  -1.387844e-04  -8.943869e-05  -0.000000e+00   4.198090e-09
   8.492815e-03   5.217167e-03  -0.000000e+00   0.000000e+00   0.000000e+00  -6.476293e-03  -2.272409e-04  -1.979635e-03  -0.000000e+00   1.889750e-08
   8.315140e-03   8.071729e-03  -0.000000e+00   0.000000e+00   0.000000e+00  -6.436496e-03  -1.199073e-03  -2.052977e-03  -0.000000e+00   1.771360e-08
   9.430744e-03   2.211643e-03  -0.000000e+00   0.000000e+00   0.000000e+00  -5.609376e-03  -1.034774e-03  -8.090310e-04  -0.000000e+00   1.446868e-08
   1.044016e-03   1.843455e-02  -0.000000e+00   0.000000e+00   0.000000e+00  -9.529404e-04  -2.078740e-04   1.577369e-04  -0.000000e+00   5.074516e-09
   4.013508e-03   1.872975e-02  -0.000000e+00   0.000000e+00   0.000000e+00  -8.002067e-04   2.092289e-05  -2.401673e-05  -0.000000e+00   4.716460e-09
   2.346662e-03   1.685583e-02  -0.000000e+00   0.000000e+00   0.000000e+00  -2.385805e-04  -1.862861e-05  -1.921073e-05  -0.000000e+00   2.536517e-09
   6.292879e-03   1.816670e-02  -0.000000e+00   0.000000e+00   0.000000e+00  -1.303585e-04  -5.039095e-05   2.293009e-05  -0.000000e+00   1.481333e-09
   1.049230e-03   1.581821e-02  -0.000000e+00   0.000000e+00   0.000000e+00  -5.123482e-05   1.222640e-05   3.912487e-06  -0.000000e+00   9.894083e-10
   6.798656e-03   1.511682e-02  -0.000000e+00   0.000000e+00   0.000000e+00  -3.936411e-03  -1.168031e-03  -7.357733e-04  -0.000000e+00   1.434742e-08
   3.259022e-03   1.271943e-02  -0.000000e+00   0.000000e+00   0.000000e+00  -7.320584e-05  -4.844653e-06  -1.986101e-05  -0.000000e+00   1.006310e-09
   5.016098e-03   1.618397e-02  -0.000000e+00   0.000000e+00   0.000000e+00  -5.738958e-04   7.777094e-05  -8.914511e-05  -0.000000e+00   3.468763e-09
   2.472579e-03   1.445448e-02  -0.000000e+00   0.000000e+00   0.000000e+00  -6.249785e-03   8.069685e-04   1.142057e-03  -0.000000e+00   1.922105e-08
   9.657491e-03   1.897414e-02  -0.000000e+00   0.000000e+00   0.000000e+00  -9.232083e-04   1.331076e-04  -1.050478e-04  -0.000000e+00   7.184199e-09
   4.920522e-03   1.166989e-02  -0.000000e+00   0.000000e+00   0.000000e+00  -3.202161e-03   5.946881e-04  -9.304043e-04  -0.000000e+00   1.492766e-08
   8.821337e-03   1.375373e-02  -0.000000e+00   0.000000e+00   0.000000e+00  -2.390357e-03   2.736781e-04   6.748758e-05  -0.000000e+00   9.209410e-09
   1.015408e-03   1.251324e-02  -0.000000e+00   0.000000e+00   0.000000e+00  -9.566399e-05   6.214061e-06   1.748728e-05  -0.000000e+00   1.200316e-09
   7.200012e-03   1.097915e-02  -0.000000e+00   0.000000e+00   0.000000e+00  -1.377525e-03  -3.573067e-04  -3.771486e-04  -0.000000e+00   6.326439e-09
   9.882241e-03   1.596144e-02  -0.000000e+00   0.000000e+00   0.000000e+00  -9.137787e-05   2.914524e-06   2.368257e-06  -0.000000e+00   1.162501e-09
   1.798866e-02   5.656420e-03  -0.000000e+00   0.000000e+00   0.000000e+00  -1.571407e-03   1.534809e-04  -3.920383e-04  -0.000000e+00   7.500893e-09
   1.608445e-02   8.098422e-03  -0.000000e+00   0.000000e+00   0.000000e+00  -3.544176e-03   8.996944e-04   5.667169e-04  -0.000000e+00   1.358504e-08
   1.704384e-02   1.926179e-03  -0.000000e+00   0.000000e+00   0.000000e+00  -5.381613e-03   5.454657e-04  -4.505660e-04  -0.000000e+00   1.683215e-08
   1.252287e-02   4.978208e-03  -0.000000e+00   0.000000e+00   0.000000e+00  -1.460737e-03   2.004180e-04   2.656723e-04  -0.000000e+00   8.431931e-09
   1.543875e-02   4.871930e-03  -0.000000e+00   0.000000e+00   0.000000e+00  -2.405446e-03  -2.255276e-04  -5.397681e-04  -0.000000e+00   1.186544e-08
   1.833727e-02   3.756981e-03  -0.000000e+00   0.000000e+00   0.000000e+00  -2.016787e-03  -1.924422e-04   2.085383e-04  -0.000000e+00   9.141074e-09
   1.520534e-02   1.249890e-03  -0.000000e+00   0.000000e+00   0.000000e+00  -6.004714e-05  -4.415169e-06   2.866368e-05  -0.000000e+00   9.724740e-10
   1.429692e-02   3.059592e-03  -0.000000e+00   0.000000e+00   0.000000e+00  -1.762128e-04  -7.620063e-06  -1.991536e-05  -0.000000e+00   2.197688e-09
   1.247793e-02   1.712636e-03  -0.000000e+00   0.000000e+00   0.000000e+00  -2.511677e-03   7.581645e-04   2.977763e-04  -0.000000e+00   1.060182e-08
   1.348308e-02   9.140890e-03  -0.000000e+00   0.000000e+00   0.000000e+00  -3.819847e-03  -2.289189e-05   1.437030e-04  -0.000000e+00   1.457018e-08
   1.432984e-02   6.940682e-03  -0.000000e+00   0.000000e+00   0.000000e+00  -2.233931e-04   1.018986e-04   5.282923e-06  -0.000000e+00   2.128657e-09
   1.891590e-02   9.329532e-03  -0.000000e+00   0.000000e+00   0.000000e+00  -3.333919e-03   1.507749e-03  -3.172086e-04  -0.000000e+00   1.134391e-08
   1.092393e-02   6.503518e-03  -0.000000e+00   0.000000e+00   0.000000e+00  -4.117196e-04   7.230277e-06  -7.412157e-07  -0.000000e+00   2.820050e-09
   1.127604e-02   8.324315e-03  -0.000000e+00   0.000000e+00   0.000000e+00  -1.980626e-04  -1.643812e-05  -6.374727e-05  -0.000000e+00   2.353400e-09
   1.820331e-02   1.720650e-02  -0.000000e+00   0.000000e+00   0.000000e+00  -5.942121e-03   3.859130e-04  -6.178444e-04  -0.000000e+00   2.356306e-08
   1.881018e-02   1.869086e-02  -0.000000e+00   0.000000e+00   0.000000e+00  -4.876909e-05  -1.172808e-05  -3.200660e-06  -0.000000e+00   9.525743e-10
   1.681417e-02   1.499849e-02  -0.000000e+00   0.000000e+00   0.000000e+00  -5.153257e-03  -4.194328e-04  -8.099884e-04  -0.000000e+00   1.663386e-08
   1.490433e-02   1.690794e-02  -0.000000e+00   0.000000e+00   0.000000e+00  -1.810018e-03   6.324691e-04   1.504878e-04  -0.000000e+00   8.410431e-09
   1.910612e-02   1.497996e-02  -0.000000e+00   0.000000e+00   0.000000e+00  -4.925848e-05  -8.606254e-06   1.009366e-05  -0.000000e+00   8.721866e-10
   1.575901e-02   1.918736e-02  -0.000000e+00   0.000000e+00   0.000000e+00  -8.731723e-05   3.150293e-05  -1.178542e-05  -0.000000e+00   1.393799e-09
   1.395596e-02   1.859686e-02  -0.000000e+00   0.000000e+00   0.000000e+00  -3.854815e-03  -2.882252e-04  -8.555867e-04  -0.000000e+00   1.677092e-08
   1.781076e-02   1.287567e-02  -0.000000e+00   0.000000e+00   0.000000e+00  -5.905200e-05   1.294354e-05   2.204993e-06  -0.000000e+00   1.064490e-09
   1.896059e-02   1.216593e-02  -0.000000e+00   0.000000e+00   0.000000e+00  -5.371430e-05  -8.590466e-06   7.430420e-07  -0.000000e+00   8.195780e-10
   1.167226e-02   1.674333e-02  -0.000000e+00   0.000000e+00   0.000000e+00  -5.399706e-03  -2.697731e-04  -1.030219e-03  -0.000000e+00   1.727961e-08
   1.602097e-02   1.149442e-02  -0.000000e+00   0.000000e+00   0.000000e+00  -8.416016e-04  -1.189279e-04  -4.332356e-05  -0.000000e+00   5.096296e-09
   1.393965e-02   1.271692e-02  -0.000000e+00   0.000000e+00   0.000000e+00  -3.312084e-04  -1.195816e-04   4.316595e-05  -0.000000e+00   2.830899e-09
   1.143511e-02   1.426505e-02  -0.000000e+00   0.000000e+00   0.000000e+00  -3.223176e-03   7.965831e-04  -4.560120e-04  -0.000000e+00   1.400859e-08
   1.486980e-02   1.441519e-02  -0.000000e+00   0.000000e+00   0.000000e+00  -8.980107e-05   2.908481e-05   4.591958e-06  -0.000000e+00   1.151619e-09
   1.122278e-02   1.090280e-02  -0.000000e+00   0.000000e+00   0.000000e+00  -2.515590e-03   3.341513e-04  -2.417075e-04  -0.000000e+00   8.151811e-09
                                                0.000000e+00   0.000000e+00  -1.159607e-01   1.798327e-03  -9.394460e-03   0.000000e+00   7.365833e-09

