              5

              1
             51
          pos_x          pos_y          pos_z       normal_x       normal_y       normal_z        tangt_x        tangt_y        tangt_z          pentr
  -0.000000e+00   3.389181e-03   1.089344e-03  -8.367153e-05   0.000000e+00   0.000000e+00  -0.000000e+00  -2.542995e-05   5.397045e-06   1.415984e-09
  -0.000000e+00   8.972254e-03   1.335538e-03  -2.471628e-03   0.000000e+00   0.000000e+00  -0.000000e+00  -1.065893e-03  -4.558428e-04   9.138846e-09
  -0.000000e+00   9.862890e-04   1.999543e-03  -1.373009e-04   0.000000e+00   0.000000e+00  -0.000000e+00  -2.752835e-05   5.975019e-05   1.528660e-09
  -0.000000e+00   4.147618e-03   1.888437e-03  -2.111351e-05   0.000000e+00   0.000000e+00  -0.000000e+00   7.440710e-06   2.003806e-07   4.741430e-10
  -0.000000e+00   5.958342e-03   2.683974e-03  -8.664669e-04   0.000000e+00   0.000000e+00  -0.000000e+00  -2.591914e-04  -6.425726e-05   5.476512e-09
  -0.000000e+00   2.729681e-03   4.725090e-03  -9.967768e-04   0.000000e+00   0.000000e+00  -0.000000e+00  -2.060316e-04   1.610029e-04   5.919893e-09
  -0.000000e+00   8.787400e-03   5.168998e-03  -1.420869e-03   0.000000e+00   0.000000e+00  -0.000000e+00  -2.110043e-04   3.267547e-05   5.807281e-09
  -0.000000e+00   5.528782e-03   4.970928e-03  -3.390859e-04   0.000000e+00   0.000000e+00  -0.000000e+00   6.818108e-05  -9.088517e-05   2.536771e-09
  -0.000000e+00   1.112024e-03   8.998397e-03  -4.887873e-04   0.000000e+00   0.000000e+00  -0.000000e+00  -9.746471e-05   4.706141e-06   3.912426e-09
  -0.000000e+00   9.141536e-04   4.272299e-03  -1.378101e-03   0.000000e+00   0.000000e+00  -0.000000e+00   2.648925e-04   4.375117e-04   8.003812e-09
  -0.000000e+00   3.843210e-03   6.607958e-03  -1.000595e-02   0.000000e+00   0.000000e+00  -0.000000e+00   1.823785e-03   1.867303e-03   3.650878e-08
  -0.000000e+00   7.008817e-03   6.723349e-03  -3.097741e-05   0.000000e+00   0.000000e+00  -0.000000e+00  -6.374362e-06  -3.543806e-06   6.074279e-10
  -0.000000e+00   6.704756e-03   1.031485e-02  -4.139414e-04   0.000000e+00   0.000000e+00  -0.000000e+00  -1.107255e-04   3.103289e-05   3.147988e-09
  -0.000000e+00   8.446711e-03   8.480364e-03  -3.131370e-04   0.000000e+00   0.000000e+00  -0.000000e+00  -8.324131e-05  -9.839751e-05   2.729476e-09
  -0.000000e+00   5.002200e-03   7.069093e-03  -1.166954e-05   0.000000e+00   0.000000e+00  -0.000000e+00  -1.719601e-06   4.213799e-06   3.027594e-10
  -0.000000e+00   3.405672e-03   9.524824e-03  -4.496018e-04   0.000000e+00   0.000000e+00  -0.000000e+00  -5.007285e-05   1.584294e-04   3.728923e-09
  -0.000000e+00   5.996877e-03   1.485378e-02  -1.033421e-03   0.000000e+00   0.000000e+00  -0.000000e+00  -1.305721e-04  -1.684105e-04   4.917501e-09
  -0.000000e+00   8.349307e-03   1.525439e-02  -2.793881e-04   0.000000e+00   0.000000e+00  -0.000000e+00  -1.099869e-04  -8.277628e-05   2.786828e-09
  -0.000000e+00   2.044223e-03   1.453751e-02  -6.714565e-05   0.000000e+00   0.000000e+00  -0.000000e+00  -5.599421e-06  -2.972239e-05   9.533634e-10
  -0.000000e+00   8.934473e-03   1.338564e-02  -2.752896e-05   0.000000e+00   0.000000e+00  -0.000000e+00   1.784838e-06  -4.827074e-06   6.539257e-10
  -0.000000e+00   7.619021e-03   1.249280e-02  -1.575674e-05   0.000000e+00   0.000000e+00  -0.000000e+00   3.328326e-06  -3.375008e-06   4.479426e-10
  -0.000000e+00   4.275975e-03   1.272263e-02  -4.417290e-04   0.000000e+00   0.000000e+00  -0.000000e+00   1.218917e-04  -1.557757e-04   3.108695e-09
  -0.000000e+00   1.125378e-03   1.224953e-02  -3.052808e-04   0.000000e+00   0.000000e+00  -0.000000e+00   5.205591e-05  -8.162824e-05   3.333762e-09
  -0.000000e+00   2.294153e-03   1.064543e-02  -2.054770e-05   0.000000e+00   0.000000e+00  -0.000000e+00  -9.770052e-06   1.732671e-06   4.813366e-10
  -0.000000e+00   1.434138e-02   4.756012e-03  -5.111908e-06   0.000000e+00   0.000000e+00  -0.000000e+00  -8.371872e-07   5.397741e-07   2.215040e-10
  -0.000000e+00   1.818678e-02   4.836391e-03  -1.160120e-04   0.000000e+00   0.000000e+00  -0.000000e+00  -5.552976e-05   1.241926e-05   1.470028e-09
  -0.000000e+00   1.829772e-02   7.058900e-03  -1.214447e-05   0.000000e+00   0.000000e+00  -0.000000e+00  -9.979095e-07  -4.535933e-06   3.414904e-10
  -0.000000e+00   1.728989e-02   2.753703e-03  -2.131174e-03   0.000000e+00   0.000000e+00  -0.000000e+00   1.000575e-04  -7.093720e-04   9.391512e-09
  -0.000000e+00   1.549438e-02   1.144310e-03  -1.175257e-05   0.000000e+00   0.000000e+00  -0.000000e+00  -3.754947e-06  -1.599241e-06   3.440019e-10
  -0.000000e+00   1.393083e-02   2.762651e-03  -4.705912e-03   0.000000e+00   0.000000e+00  -0.000000e+00   2.191365e-05   4.984545e-04   1.460310e-08
  -0.000000e+00   1.515352e-02   7.319486e-03  -4.469399e-04   0.000000e+00   0.000000e+00  -0.000000e+00   9.432565e-05   1.829817e-05   3.363130e-09
  -0.000000e+00   1.146950e-02   1.630205e-03  -1.206761e-05   0.000000e+00   0.000000e+00  -0.000000e+00  -5.796499e-06  -7.147130e-07   3.854147e-10
  -0.000000e+00   1.603988e-02   4.433560e-03  -1.046495e-03   0.000000e+00   0.000000e+00  -0.000000e+00   4.817432e-05  -1.239754e-04   7.394080e-09
  -0.000000e+00   1.615213e-02   8.432857e-03  -5.033370e-03   0.000000e+00   0.000000e+00  -0.000000e+00  -1.288652e-03  -6.394046e-04   1.684331e-08
  -0.000000e+00   1.603530e-02   5.656286e-03  -1.982163e-05   0.000000e+00   0.000000e+00  -0.000000e+00   1.970673e-06  -5.218998e-06   5.077245e-10
  -0.000000e+00   1.154584e-02   7.540347e-03  -2.346477e-03   0.000000e+00   0.000000e+00  -0.000000e+00  -6.295688e-04   1.586143e-04   1.136012e-08
  -0.000000e+00   1.372470e-02   6.252975e-03  -4.332035e-05   0.000000e+00   0.000000e+00  -0.000000e+00   5.808898e-06  -3.565292e-06   7.625129e-10
  -0.000000e+00   1.384116e-02   9.181465e-03  -1.012167e-03   0.000000e+00   0.000000e+00  -0.000000e+00   3.494271e-04   3.136787e-05   5.745093e-09
  -0.000000e+00   1.010289e-02   8.168359e-03  -1.629098e-04   0.000000e+00   0.000000e+00  -0.000000e+00  -3.076498e-05  -4.784806e-05   2.139336e-09
  -0.000000e+00   1.907186e-02   9.383562e-03  -2.547038e-03   0.000000e+00   0.000000e+00  -0.000000e+00   4.014110e-04   2.106792e-04   1.109266e-08
  -0.000000e+00   1.196789e-02   9.114589e-03  -1.192094e-03   0.000000e+00   0.000000e+00  -0.000000e+00   9.860007e-05   6.313996e-06   8.688430e-09
  -0.000000e+00   1.021917e-02   9.473449e-03  -2.692739e-04   0.000000e+00   0.000000e+00  -0.000000e+00  -7.256203e-05  -8.497979e-05   2.447072e-09
  -0.000000e+00   1.362003e-02   1.704653e-02  -8.525082e-06   0.000000e+00   0.000000e+00  -0.000000e+00  -3.257002e-06  -2.066486e-06   2.230256e-10
  -0.000000e+00   1.841437e-02   1.786686e-02  -8.188632e-05   0.000000e+00   0.000000e+00  -0.000000e+00  -1.100999e-05   2.814920e-05   1.267134e-09
  -0.000000e+00   1.218073e-02   1.495780e-02  -4.562534e-05   0.000000e+00   0.000000e+00  -0.000000e+00  -1.119752e-05  -1.759718e-05   7.525850e-10
  -0.000000e+00   1.445410e-02   1.465832e-02  -1.379082e-05   0.000000e+00   0.000000e+00  -0.000000e+00  -6.151137e-06   1.025392e-06   3.190591e-10
  -0.000000e+00   1.044103e-02   1.452655e-02  -3.507280e-04   0.000000e+00   0.000000e+00  -0.000000e+00   7.167098e-05  -1.296142e-04   3.100603e-09
  -0.000000e+00   1.181124e-02   1.273643e-02  -9.149449e-04   0.000000e+00   0.000000e+00  -0.000000e+00   4.999734e-06  -1.016033e-04   4.931249e-09
  -0.000000e+00   1.450610e-02   1.209753e-02  -1.271628e-03   0.000000e+00   0.000000e+00  -0.000000e+00   1.845859e-04  -1.144427e-05   6.683951e-09
  -0.000000e+00   1.651872e-02   1.218897e-02  -1.643322e-03   0.000000e+00   0.000000e+00  -0.000000e+00  -5.347529e-04   5.776083e-05   8.110271e-09
  -0.000000e+00   1.844904e-02   1.190970e-02  -1.929166e-04   0.000000e+00   0.000000e+00  -0.000000e+00  -4.030042e-05   3.978159e-05   2.065285e-09
                                               -4.725733e-02   0.000000e+00   0.000000e+00   0.000000e+00  -1.369433e-03   7.043785e-04   4.558367e-09

              2
             36
          pos_x          pos_y          pos_z       normal_x       normal_y       normal_z        tangt_x        tangt_y        tangt_z          pentr
   2.000000e-02   3.222643e-03   3.315073e-03   3.356699e-03   0.000000e+00   0.000000e+00  -0.000000e+00  -3.894917e-04   1.305370e-03   1.048843e-08
   2.000000e-02   1.866265e-03   6.320243e-03   3.174352e-03   0.000000e+00   0.000000e+00  -0.000000e+00   8.414160e-04   1.135222e-03   9.858475e-09
   2.000000e-02   5.555397e-03   5.159228e-03   1.480559e-03   0.000000e+00   0.000000e+00  -0.000000e+00   4.879472e-04  -2.757236e-04   7.361642e-09
   2.000000e-02   8.661527e-03   6.008105e-03   3.853544e-03   0.000000e+00   0.000000e+00  -0.000000e+00  -6.688490e-04   5.233072e-04   1.311194e-08
   2.000000e-02   3.712012e-03   9.332781e-03   1.632237e-04   0.000000e+00   0.000000e+00  -0.000000e+00  -2.356390e-05   2.746912e-05   2.018321e-09
   2.000000e-02   6.024922e-03   7.540310e-03   8.053809e-04   0.000000e+00   0.000000e+00  -0.000000e+00  -2.697560e-05  -2.704306e-04   4.865819e-09
   2.000000e-02   1.106289e-03   9.341803e-03   6.574966e-04   0.000000e+00   0.000000e+00  -0.000000e+00  -1.352050e-04  -1.776653e-04   4.642823e-09
   2.000000e-02   8.864746e-03   2.764454e-03   4.878421e-05   0.000000e+00   0.000000e+00  -0.000000e+00   2.415369e-05   2.743047e-06   9.308532e-10
   2.000000e-02   7.548841e-03   1.747884e-02   7.154498e-05   0.000000e+00   0.000000e+00  -0.000000e+00   1.437938e-05  -3.611576e-06   1.159198e-09
   2.000000e-02   9.020822e-03   1.561657e-02   2.937590e-04   0.000000e+00   0.000000e+00  -0.000000e+00  -1.578692e-05  -4.756545e-05   2.503618e-09
   2.000000e-02   2.152294e-03   1.512360e-02   4.563925e-04   0.000000e+00   0.000000e+00  -0.000000e+00  -1.285653e-04   2.707924e-05   3.533492e-09
   2.000000e-02   5.299930e-03   1.545096e-02   6.456842e-04   0.000000e+00   0.000000e+00  -0.000000e+00   1.716728e-04   1.732464e-04   4.066338e-09
   2.000000e-02   4.826928e-03   1.250638e-02   2.727815e-05   0.000000e+00   0.000000e+00  -0.000000e+00   1.597486e-06   3.069667e-06   6.278132e-10
   2.000000e-02   3.386767e-03   1.085551e-02   3.352931e-04   0.000000e+00   0.000000e+00  -0.000000e+00   1.579511e-05  -1.695917e-05   2.813758e-09
   2.000000e-02   6.664270e-03   1.059069e-02   2.109838e-03   0.000000e+00   0.000000e+00  -0.000000e+00  -3.798651e-04   3.564941e-05   7.302961e-09
   2.000000e-02   1.897467e-02   1.180341e-03   1.248430e-05   0.000000e+00   0.000000e+00  -0.000000e+00  -1.378728e-06  -5.293250e-06   3.821436e-10
   2.000000e-02   1.635308e-02   4.832044e-03   3.426471e-03   0.000000e+00   0.000000e+00  -0.000000e+00  -1.031873e-03  -5.242430e-04   1.306769e-08
   2.000000e-02   1.531118e-02   3.065644e-03   6.162228e-03   0.000000e+00   0.000000e+00  -0.000000e+00   6.931871e-04   2.034147e-03   1.710933e-08
   2.000000e-02   1.900224e-02   4.584854e-03   4.619049e-04   0.000000e+00   0.000000e+00  -0.000000e+00  -2.738269e-05  -1.456967e-04   3.421309e-09
   2.000000e-02   1.861632e-02   9.407788e-03   2.875903e-03   0.000000e+00   0.000000e+00  -0.000000e+00   6.311285e-04   8.444031e-04   1.019715e-08
   2.000000e-02   1.790055e-02   3.063176e-03   3.016716e-03   0.000000e+00   0.000000e+00  -0.000000e+00   8.745267e-04   1.209669e-07   1.257340e-08
   2.000000e-02   1.448125e-02   8.704785e-04   9.985018e-06   0.000000e+00   0.000000e+00  -0.000000e+00   8.014848e-07  -2.515556e-06   3.090313e-10
   2.000000e-02   1.145000e-02   8.865010e-03   1.687076e-03   0.000000e+00   0.000000e+00  -0.000000e+00  -1.969085e-04  -1.665231e-04   8.962083e-09
   2.000000e-02   1.284663e-02   3.556917e-03   1.883320e-03   0.000000e+00   0.000000e+00  -0.000000e+00  -3.588426e-04  -5.151728e-04   8.012895e-09
   2.000000e-02   1.228504e-02   6.541194e-04   3.912666e-06   0.000000e+00   0.000000e+00  -0.000000e+00   2.703520e-07  -1.405920e-06   1.963226e-10
   2.000000e-02   1.023468e-02   7.289691e-03   2.456506e-05   0.000000e+00   0.000000e+00  -0.000000e+00  -5.157891e-06   6.070702e-07   5.059022e-10
   2.000000e-02   1.386367e-02   1.770688e-02   3.481197e-05   0.000000e+00   0.000000e+00  -0.000000e+00   1.262661e-05   7.976344e-06   8.097131e-10
   2.000000e-02   1.703037e-02   1.810959e-02   3.652940e-04   0.000000e+00   0.000000e+00  -0.000000e+00   4.547124e-05   1.968344e-05   2.735512e-09
   2.000000e-02   1.297227e-02   1.620094e-02   1.080350e-04   0.000000e+00   0.000000e+00  -0.000000e+00   3.772271e-05  -1.209885e-05   1.180589e-09
   2.000000e-02   1.090328e-02   1.524780e-02   4.870876e-05   0.000000e+00   0.000000e+00  -0.000000e+00  -9.635641e-06  -1.092678e-05   8.459636e-10
   2.000000e-02   1.361752e-02   1.416528e-02   7.442836e-05   0.000000e+00   0.000000e+00  -0.000000e+00   2.275711e-08   2.085985e-05   1.341924e-09
   2.000000e-02   1.082095e-02   1.314853e-02   2.679100e-04   0.000000e+00   0.000000e+00  -0.000000e+00   4.327940e-05   2.817434e-05   2.720793e-09
   2.000000e-02   1.822797e-02   1.281184e-02   2.649955e-04   0.000000e+00   0.000000e+00  -0.000000e+00  -1.127647e-04   3.823035e-05   2.231003e-09
   2.000000e-02   1.280281e-02   1.235927e-02   1.619786e-04   0.000000e+00   0.000000e+00  -0.000000e+00   8.728557e-06  -4.476150e-05   1.829857e-09
   2.000000e-02   1.908643e-02   1.136539e-02   2.099876e-04   0.000000e+00   0.000000e+00  -0.000000e+00   5.253584e-05  -3.395135e-05   2.538201e-09
   2.000000e-02   9.687569e-03   1.069940e-02   1.073611e-03   0.000000e+00   0.000000e+00  -0.000000e+00  -1.487959e-04  -2.052323e-04   6.051016e-09
                                                3.965415e-02   0.000000e+00   0.000000e+00   0.000000e+00   2.962207e-04   3.767582e-03   4.786314e-09

              3
             42
          pos_x          pos_y          pos_z       normal_x       normal_y       normal_z        tangt_x        tangt_y        tangt_z          pentr
   6.189399e-03  -0.000000e+00   9.887060e-04   0.000000e+00  -1.236623e-03   0.000000e+00   6.295874e-06  -0.000000e+00  -2.542091e-04   7.609175e-09
   6.084204e-04  -0.000000e+00   1.824327e-03   0.000000e+00  -1.307572e-05   0.000000e+00  -3.702329e-06  -0.000000e+00  -2.257856e-06   4.431805e-10
   3.902296e-03  -0.000000e+00   1.935869e-03   0.000000e+00  -1.777637e-05   0.000000e+00   3.085931e-06  -0.000000e+00   2.212732e-06   4.006275e-10
   2.128808e-03  -0.000000e+00   3.459440e-03   0.000000e+00  -4.096169e-03   0.000000e+00  -5.433676e-04  -0.000000e+00   1.442342e-03   1.507306e-08
   1.679354e-03  -0.000000e+00   6.310454e-03   0.000000e+00  -8.499078e-04   0.000000e+00   7.857678e-05  -0.000000e+00   1.564420e-04   5.281416e-09
   1.376310e-03  -0.000000e+00   8.432309e-03   0.000000e+00  -8.158070e-04   0.000000e+00  -5.151282e-06  -0.000000e+00  -3.061337e-04   4.611729e-09
   2.400774e-03  -0.000000e+00   4.878733e-03   0.000000e+00  -1.048499e-04   0.000000e+00   9.147390e-07  -0.000000e+00  -4.252553e-05   1.591679e-09
   8.820985e-04  -0.000000e+00   4.208787e-03   0.000000e+00  -2.154695e-04   0.000000e+00  -4.636670e-05  -0.000000e+00   4.751576e-05   2.380221e-09
   3.936866e-03  -0.000000e+00   6.365416e-03   0.000000e+00  -9.764601e-05   0.000000e+00   6.072063e-06  -0.000000e+00   3.998834e-05   1.417978e-09
   8.081124e-03  -0.000000e+00   6.139004e-03   0.000000e+00  -3.611723e-04   0.000000e+00  -3.709634e-05  -0.000000e+00  -6.499446e-05   2.762079e-09
   3.673928e-03  -0.000000e+00   7.664758e-03   0.000000e+00  -1.353197e-03   0.000000e+00   1.964832e-04  -0.000000e+00  -3.059075e-04   7.449951e-09
   5.729170e-03  -0.000000e+00   6.170154e-03   0.000000e+00  -6.355493e-05   0.000000e+00   7.152739e-06  -0.000000e+00   1.559914e-05   1.141735e-09
   5.631678e-03  -0.000000e+00   7.783789e-03   0.000000e+00  -4.401461e-05   0.000000e+00  -1.896800e-05  -0.000000e+00   4.043402e-06   8.906426e-10
   9.704062e-03  -0.000000e+00   1.377363e-03   0.000000e+00  -3.026899e-03   0.000000e+00   4.623804e-05  -0.000000e+00   7.743292e-04   1.325009e-08
   7.735733e-03  -0.000000e+00   8.337124e-03   0.000000e+00  -9.672843e-05   0.000000e+00   1.521108e-05  -0.000000e+00   3.412826e-05   1.247375e-09
   5.616989e-03  -0.000000e+00   1.872092e-02   0.000000e+00  -8.072251e-05   0.000000e+00  -1.549785e-05  -0.000000e+00  -1.221839e-05   1.126674e-09
   6.448686e-03  -0.000000e+00   1.442451e-02   0.000000e+00  -6.140368e-04   0.000000e+00  -1.072179e-04  -0.000000e+00   2.170015e-04   4.029923e-09
   4.050113e-03  -0.000000e+00   1.537481e-02   0.000000e+00  -7.294021e-05   0.000000e+00   1.797485e-05  -0.000000e+00  -4.203781e-06   1.093148e-09
   1.770281e-03  -0.000000e+00   1.395488e-02   0.000000e+00  -2.665749e-04   0.000000e+00  -5.515450e-06  -0.000000e+00   7.350772e-05   2.072634e-09
   8.302811e-03  -0.000000e+00   1.204429e-02   0.000000e+00  -1.524062e-04   0.000000e+00   5.210004e-05  -0.000000e+00  -4.152098e-05   1.539401e-09
   2.526125e-03  -0.000000e+00   1.242663e-02   0.000000e+00  -2.105557e-05   0.000000e+00   5.329171e-06  -0.000000e+00   8.049630e-06   5.282741e-10
   1.398067e-03  -0.000000e+00   1.057293e-02   0.000000e+00  -5.189544e-04   0.000000e+00  -1.260305e-04  -0.000000e+00   8.451588e-05   4.050133e-09
   5.741466e-03  -0.000000e+00   1.068639e-02   0.000000e+00  -2.645582e-03   0.000000e+00   6.826309e-04  -0.000000e+00   5.149846e-04   1.330134e-08
   1.763547e-02  -0.000000e+00   1.815856e-03   0.000000e+00  -1.681765e-03   0.000000e+00   5.937763e-04  -0.000000e+00  -1.643966e-04   7.829031e-09
   1.736251e-02  -0.000000e+00   4.645222e-03   0.000000e+00  -5.066604e-03   0.000000e+00   1.654055e-03  -0.000000e+00  -8.531851e-04   1.569953e-08
   1.861943e-02  -0.000000e+00   9.378352e-03   0.000000e+00  -1.055464e-03   0.000000e+00   2.218592e-04  -0.000000e+00  -2.734033e-04   5.347873e-09
   1.511508e-02  -0.000000e+00   2.857671e-03   0.000000e+00  -9.477374e-04   0.000000e+00  -1.809356e-04  -0.000000e+00   3.819824e-04   5.174747e-09
   1.539767e-02  -0.000000e+00   9.755155e-04   0.000000e+00  -2.866111e-05   0.000000e+00   4.430029e-06  -0.000000e+00   7.827580e-06   7.041060e-10
   1.277935e-02  -0.000000e+00   1.469755e-03   0.000000e+00  -4.066163e-03   0.000000e+00   2.690325e-04  -0.000000e+00  -1.728379e-03   1.575229e-08
   1.090347e-02  -0.000000e+00   6.253133e-03   0.000000e+00  -3.965804e-04   0.000000e+00   8.645417e-05  -0.000000e+00  -1.220520e-04   3.265893e-09
   1.449464e-02  -0.000000e+00   8.966755e-03   0.000000e+00  -2.789771e-05   0.000000e+00   2.274661e-06  -0.000000e+00  -1.335830e-05   4.844116e-10
   1.044017e-02  -0.000000e+00   3.207718e-03   0.000000e+00  -2.535723e-04   0.000000e+00   7.094201e-05  -0.000000e+00  -4.132138e-05   2.043638e-09
   1.705982e-02  -0.000000e+00   9.277711e-03   0.000000e+00  -1.382039e-05   0.000000e+00   1.623781e-07  -0.000000e+00   2.114716e-06   4.129402e-10
   1.272196e-02  -0.000000e+00   8.248952e-03   0.000000e+00  -2.646679e-04   0.000000e+00  -1.115957e-04  -0.000000e+00  -5.833344e-05   2.961881e-09
   1.222950e-02  -0.000000e+00   6.596799e-03   0.000000e+00  -1.052219e-05   0.000000e+00   9.447768e-07  -0.000000e+00   4.659561e-06   2.828554e-10
   1.023573e-02  -0.000000e+00   1.038876e-02   0.000000e+00  -1.713228e-03   0.000000e+00  -3.772867e-04  -0.000000e+00   2.125835e-04   8.547952e-09
   1.301983e-02  -0.000000e+00   1.630710e-02   0.000000e+00  -2.566855e-05   0.000000e+00   1.482434e-06  -0.000000e+00  -5.757196e-06   5.422727e-10
   1.748306e-02  -0.000000e+00   1.499675e-02   0.000000e+00  -3.203931e-04   0.000000e+00  -1.251378e-05  -0.000000e+00  -1.074521e-04   2.506788e-09
   1.097488e-02  -0.000000e+00   1.514732e-02   0.000000e+00  -2.089776e-03   0.000000e+00  -5.423770e-04  -0.000000e+00   2.902712e-04   8.848766e-09
   1.460197e-02  -0.000000e+00   1.436132e-02   0.000000e+00  -7.328571e-04   0.000000e+00   2.293992e-04  -0.000000e+00  -2.739614e-04   4.639150e-09
   1.586920e-02  -0.000000e+00   1.253229e-02   0.000000e+00  -1.806829e-04   0.000000e+00  -2.209660e-05  -0.000000e+00  -4.811386e-05   1.726461e-09
   1.308502e-02  -0.000000e+00   1.213463e-02   0.000000e+00  -7.164375e-04   0.000000e+00   6.264183e-05  -0.000000e+00   1.452457e-04   5.639709e-09
                                                0.000000e+00  -3.635766e-02   0.000000e+00   2.159800e-03   0.000000e+00  -2.643400e-04   4.421494e-09

              4
             43
          pos_x          pos_y          pos_z       normal_x       normal_y       normal_z        tangt_x        tangt_y        tangt_z          pentr
   1.647605e-03   2.000000e-02   2.475048e-03   0.000000e+00   2.003108e-04   0.000000e+00   4.065268e-05  -0.000000e+00  -6.012333e-06   1.808900e-09
   6.535048e-03   2.000000e-02   6.124092e-03   0.000000e+00   4.562026e-04   0.000000e+00   9.423068e-05  -0.000000e+00  -1.599804e-04   3.384001e-09
   3.888210e-03   2.000000e-02   4.056265e-03   0.000000e+00   2.181638e-03   0.000000e+00   1.004244e-03  -0.000000e+00  -2.388333e-04   8.475473e-09
   7.878791e-03   2.000000e-02   2.668059e-03   0.000000e+00   1.583350e-03   0.000000e+00  -4.284461e-04  -0.000000e+00  -4.071213e-04   7.859300e-09
   9.664225e-03   2.000000e-02   7.010222e-03   0.000000e+00   2.351767e-03   0.000000e+00   6.473144e-04  -0.000000e+00   3.911914e-04   1.034514e-08
   1.718678e-03   2.000000e-02   4.815520e-03   0.000000e+00   2.651198e-05   0.000000e+00  -9.580551e-06  -0.000000e+00   3.467721e-06   5.685496e-10
   1.512419e-03   2.000000e-02   6.977382e-03   0.000000e+00   4.098473e-06   0.000000e+00  -7.350319e-07  -0.000000e+00  -1.473397e-06   1.765455e-10
   4.818053e-03   2.000000e-02   1.240074e-03   0.000000e+00   4.392763e-04   0.000000e+00   1.158712e-04  -0.000000e+00   2.888469e-05   3.122395e-09
   3.651098e-03   2.000000e-02   9.568421e-03   0.000000e+00   6.351032e-03   0.000000e+00   2.282361e-03  -0.000000e+00   4.264065e-04   1.462260e-08
   8.269212e-03   2.000000e-02   9.471092e-03   0.000000e+00   8.286926e-04   0.000000e+00   1.456343e-04  -0.000000e+00  -1.425225e-05   4.574452e-09
   9.657553e-03   2.000000e-02   1.299644e-03   0.000000e+00   2.161738e-04   0.000000e+00   1.976516e-05  -0.000000e+00  -4.611525e-05   2.316723e-09
   7.850003e-03   2.000000e-02   6.593559e-03   0.000000e+00   5.237184e-04   0.000000e+00  -2.897127e-05  -0.000000e+00  -3.340019e-05   4.241952e-09
   7.538728e-04   2.000000e-02   9.396682e-03   0.000000e+00   8.524194e-04   0.000000e+00  -1.762227e-04  -0.000000e+00   6.626930e-05   6.294087e-09
   1.700071e-03   2.000000e-02   1.803378e-02   0.000000e+00   1.848132e-05   0.000000e+00  -5.464519e-07  -0.000000e+00   6.865643e-06   4.539651e-10
   7.780409e-03   2.000000e-02   1.590237e-02   0.000000e+00   2.905175e-04   0.000000e+00   2.880976e-06  -0.000000e+00  -3.241544e-05   3.136426e-09
   5.308973e-03   2.000000e-02   1.524413e-02   0.000000e+00   1.044443e-03   0.000000e+00   2.356020e-04  -0.000000e+00   1.006177e-05   6.581893e-09
   2.280897e-03   2.000000e-02   1.562802e-02   0.000000e+00   8.658171e-04   0.000000e+00   2.237857e-04  -0.000000e+00   3.226632e-05   4.682244e-09
   9.831439e-03   2.000000e-02   1.385929e-02   0.000000e+00   2.921375e-04   0.000000e+00   3.060185e-05  -0.000000e+00  -6.725463e-05   2.155415e-09
   5.357141e-03   2.000000e-02   1.238574e-02   0.000000e+00   3.643501e-05   0.000000e+00  -8.622913e-06  -0.000000e+00   7.875549e-06   5.783759e-10
   1.604213e-03   2.000000e-02   1.137092e-02   0.000000e+00   1.259568e-04   0.000000e+00  -3.561966e-05  -0.000000e+00   3.436659e-05   1.484681e-09
   1.794356e-02   2.000000e-02   5.606311e-03   0.000000e+00   3.759150e-04   0.000000e+00  -6.502674e-05  -0.000000e+00   2.823214e-05   3.227636e-09
   1.939956e-02   2.000000e-02   4.534015e-03   0.000000e+00   8.010012e-04   0.000000e+00   8.765667e-05  -0.000000e+00   6.287909e-05   6.967401e-09
   1.657703e-02   2.000000e-02   8.491271e-03   0.000000e+00   1.146917e-03   0.000000e+00  -3.720575e-04  -0.000000e+00  -1.262913e-05   6.830900e-09
   1.620095e-02   2.000000e-02   3.799025e-03   0.000000e+00   1.500905e-03   0.000000e+00  -3.508506e-04  -0.000000e+00  -1.420104e-04   9.021556e-09
   1.790094e-02   2.000000e-02   1.039853e-02   0.000000e+00   6.645373e-04   0.000000e+00   9.072732e-05  -0.000000e+00  -1.146027e-05   5.448212e-09
   1.775593e-02   2.000000e-02   2.692261e-03   0.000000e+00   3.556423e-03   0.000000e+00   2.988368e-04  -0.000000e+00  -1.453214e-03   1.364870e-08
   1.412030e-02   2.000000e-02   4.115811e-03   0.000000e+00   8.312816e-04   0.000000e+00  -2.727227e-04  -0.000000e+00  -8.034533e-05   5.187436e-09
   1.543239e-02   2.000000e-02   9.592337e-04   0.000000e+00   1.028627e-05   0.000000e+00  -2.497971e-06  -0.000000e+00   1.193959e-06   2.909054e-10
   1.376079e-02   2.000000e-02   1.880983e-03   0.000000e+00   4.816086e-03   0.000000e+00   1.716362e-03  -0.000000e+00   1.054715e-03   1.593632e-08
   1.540903e-02   2.000000e-02   7.189660e-03   0.000000e+00   1.009369e-05   0.000000e+00  -1.812594e-06  -0.000000e+00   2.590247e-06   2.676479e-10
   1.168820e-02   2.000000e-02   2.101239e-03   0.000000e+00   1.157538e-02   0.000000e+00  -1.422229e-03  -0.000000e+00  -4.655648e-04   2.584129e-08
   1.418853e-02   2.000000e-02   5.594733e-03   0.000000e+00   2.893293e-05   0.000000e+00   5.869658e-07  -0.000000e+00   9.124893e-06   6.370979e-10
   1.179758e-02   2.000000e-02   5.311177e-03   0.000000e+00   3.672708e-04   0.000000e+00  -1.074248e-04  -0.000000e+00  -3.300903e-05   2.980737e-09
   1.616469e-02   2.000000e-02   6.053254e-03   0.000000e+00   1.289220e-04   0.000000e+00   1.465555e-05  -0.000000e+00   6.222296e-05   1.977266e-09
   1.404481e-02   2.000000e-02   7.323915e-03   0.000000e+00   4.825790e-05   0.000000e+00   1.447693e-05  -0.000000e+00  -7.628045e-06   1.002220e-09
   1.134424e-02   2.000000e-02   8.926865e-03   0.000000e+00   3.904918e-04   0.000000e+00   8.748361e-05  -0.000000e+00   9.745797e-05   2.908106e-09
   1.456758e-02   2.000000e-02   9.752482e-03   0.000000e+00   1.676836e-04   0.000000e+00   3.767336e-05  -0.000000e+00   5.731283e-05   1.877040e-09
   1.402748e-02   2.000000e-02   1.716031e-02   0.000000e+00   4.817274e-04   0.000000e+00  -1.322036e-04  -0.000000e+00   2.505184e-05   3.494511e-09
   1.140816e-02   2.000000e-02   1.594153e-02   0.000000e+00   6.610145e-05   0.000000e+00  -2.473275e-05  -0.000000e+00  -1.110508e-05   1.146026e-09
   1.763182e-02   2.000000e-02   1.466123e-02   0.000000e+00   2.848597e-04   0.000000e+00  -1.009550e-04  -0.000000e+00  -4.194988e-05   2.586816e-09
   1.255691e-02   2.000000e-02   1.373323e-02   0.000000e+00   4.409782e-04   0.000000e+00  -1.348593e-04  -0.000000e+00   4.780736e-06   3.423130e-09
   1.185804e-02   2.000000e-02   1.123803e-02   0.000000e+00   1.065156e-03   0.000000e+00  -3.239616e-05  -0.000000e+00  -4.845645e-04   5.066416e-09
   1.925359e-02   2.000000e-02   1.131546e-02   0.000000e+00   9.490012e-05   0.000000e+00  -2.888501e-05  -0.000000e+00   1.584982e-05   1.666157e-09
                                                0.000000e+00   4.754308e-02   0.000000e+00   3.454005e-03   0.000000e+00  -1.321272e-03   4.844108e-09

              5
             62
          pos_x          pos_y          pos_z       normal_x       normal_y       normal_z        tangt_x        tangt_y        tangt_z          pentr
   2.176667e-03   1.561531e-03  -0.000000e+00   0.000000e+00   0.000000e+00  -8.413668e-03   2.259228e-04  -1.074536e-03  -0.000000e+00   2.090974e-08
   6.371592e-03   1.429754e-03  -0.000000e+00   0.000000e+00   0.000000e+00  -2.044199e-03   4.551377e-04   3.335779e-04  -0.000000e+00   8.194462e-09
   4.695576e-03   5.495453e-03  -0.000000e+00   0.000000e+00   0.000000e+00  -5.729484e-05   1.200083e-05   2.489815e-05  -0.000000e+00   1.024187e-09
   1.279665e-03   3.459621e-03  -0.000000e+00   0.000000e+00   0.000000e+00  -1.286323e-04   4.949103e-05  -2.463564e-05  -0.000000e+00   1.687692e-09
   6.064867e-03   8.902548e-03  -0.000000e+00   0.000000e+00   0.000000e+00  -2.669725e-04  -4.825205e-05   5.384799e-05  -0.000000e+00   3.016680e-09
   1.188874e-03   9.737834e-03  -0.000000e+00   0.000000e+00   0.000000e+00  -3.400172e-03  -9.182971e-04   7.619008e-04  -0.000000e+00   1.257405e-08
   7.862885e-04   5.629018e-03  -0.000000e+00   0.000000e+00   0.000000e+00  -6.219282e-05  -1.106197e-05   8.435641e-06  -0.000000e+00   9.011771e-10
   2.646378e-03   4.989886e-03  -0.000000e+00   0.000000e+00   0.000000e+00  -1.352781e-04   9.615846e-06   5.242000e-05  -0.000000e+00   1.579623e-09
   2.345021e-03   6.803889e-03  -0.000000e+00   0.000000e+00   0.000000e+00  -1.570576e-04   6.293169e-06   5.249748e-06  -0.000000e+00   1.667069e-09
   3.926050e-03   9.290786e-03  -0.000000e+00   0.000000e+00   0.000000e+00  -6.079529e-04  -2.282613e-04   1.325777e-04  -0.000000e+00   3.500413e-09
   4.292142e-03   1.327909e-03  -0.000000e+00   0.000000e+00   0.000000e+00  -5.361211e-04  -3.037675e-05  -1.325774e-04  -0.000000e+00   3.793510e-09
   3.367302e-03   3.054522e-03  -0.000000e+00   0.000000e+00   0.000000e+00  -2.586591e-05   4.828725e-06  -4.884735e-06  -0.000000e+00   6.272530e-10
   4.410881e-03   6.638505e-03  -0.000000e+00   0.000000e+00   0.000000e+00  -5.241804e-05   5.746289e-08   5.250233e-07  -0.000000e+00   1.004514e-09
   5.115109e-03   3.556048e-03  -0.000000e+00   0.000000e+00   0.000000e+00  -4.433987e-03  -4.354010e-04   6.090185e-04  -0.000000e+00   1.619106e-08
   6.293255e-03   6.672170e-03  -0.000000e+00   0.000000e+00   0.000000e+00  -4.574211e-04  -7.258569e-05  -4.406138e-05  -0.000000e+00   3.633424e-09
   8.492820e-03   5.217157e-03  -0.000000e+00   0.000000e+00   0.000000e+00  -6.458216e-03  -3.035053e-04  -2.730978e-03  -0.000000e+00   1.886235e-08
   8.315126e-03   8.071724e-03  -0.000000e+00   0.000000e+00   0.000000e+00  -6.846146e-03  -1.096361e-03  -2.705896e-03  -0.000000e+00   1.845738e-08
   9.430721e-03   2.211645e-03  -0.000000e+00   0.000000e+00   0.000000e+00  -4.907209e-03  -6.839867e-04  -5.052522e-04  -0.000000e+00   1.323454e-08
   1.044022e-03   1.843453e-02  -0.000000e+00   0.000000e+00   0.000000e+00  -1.138222e-03  -2.064512e-04   2.999899e-04  -0.000000e+00   5.712609e-09
   4.013516e-03   1.872976e-02  -0.000000e+00   0.000000e+00   0.000000e+00  -6.490345e-04   4.652227e-05  -8.597819e-05  -0.000000e+00   4.101978e-09
   2.346650e-03   1.685582e-02  -0.000000e+00   0.000000e+00   0.000000e+00  -2.384961e-04   4.272706e-05  -1.627556e-05  -0.000000e+00   2.535917e-09
   6.292790e-03   1.816644e-02  -0.000000e+00   0.000000e+00   0.000000e+00  -1.916846e-04  -5.251134e-05   6.488537e-05  -0.000000e+00   1.915489e-09
   1.049202e-03   1.582814e-02  -0.000000e+00   0.000000e+00   0.000000e+00  -5.061608e-05   1.171343e-05   3.879200e-06  -0.000000e+00   9.809584e-10
   6.798655e-03   1.511684e-02  -0.000000e+00   0.000000e+00   0.000000e+00  -3.340786e-03  -1.089372e-03  -7.790027e-04  -0.000000e+00   1.286090e-08
   3.259099e-03   1.271949e-02  -0.000000e+00   0.000000e+00   0.000000e+00  -6.941182e-05  -3.375529e-06  -1.712428e-05  -0.000000e+00   9.712313e-10
   5.015953e-03   1.618391e-02  -0.000000e+00   0.000000e+00   0.000000e+00  -6.947110e-04   1.176129e-04  -1.536905e-04  -0.000000e+00   3.939944e-09
   2.472579e-03   1.445448e-02  -0.000000e+00   0.000000e+00   0.000000e+00  -6.318762e-03   9.521610e-04   6.837191e-04  -0.000000e+00   1.936222e-08
   9.657489e-03   1.897414e-02  -0.000000e+00   0.000000e+00   0.000000e+00  -5.525146e-04   1.339577e-04  -1.970627e-05  -0.000000e+00   5.102011e-09
   4.920510e-03   1.166987e-02  -0.000000e+00   0.000000e+00   0.000000e+00  -3.696398e-03   5.720029e-05  -1.200341e-03  -0.000000e+00   1.642672e-08
   8.821344e-03   1.375376e-02  -0.000000e+00   0.000000e+00   0.000000e+00  -2.245895e-03   1.359191e-04  -5.216381e-06  -0.000000e+00   8.834486e-09
   1.009646e-03   1.251631e-02  -0.000000e+00   0.000000e+00   0.000000e+00  -9.582851e-05   5.833765e-06   1.775045e-05  -0.000000e+00   1.201658e-09
   7.200022e-03   1.097916e-02  -0.000000e+00   0.000000e+00   0.000000e+00  -1.088583e-03  -1.714090e-04   3.599629e-05  -0.000000e+00   5.407550e-09
   9.882940e-03   1.596254e-02  -0.000000e+00   0.000000e+00   0.000000e+00  -8.682032e-05   2.326175e-06   2.309982e-06  -0.000000e+00   1.123499e-09
   1.798868e-02   5.656444e-03  -0.000000e+00   0.000000e+00   0.000000e+00  -1.985915e-03   2.719571e-05  -3.964070e-04  -0.000000e+00   8.767856e-09
   1.608445e-02   8.098421e-03  -0.000000e+00   0.000000e+00   0.000000e+00  -3.473257e-03   1.157760e-03   7.716136e-04  -0.000000e+00   1.340320e-08
   1.704384e-02   1.926179e-03  -0.000000e+00   0.000000e+00   0.000000e+00  -5.425007e-03   4.187467e-04  -3.410981e-04  -0.000000e+00   1.692251e-08
   1.252287e-02   4.978215e-03  -0.000000e+00   0.000000e+00   0.000000e+00  -1.459328e-03  -8.764805e-06   2.824882e-04  -0.000000e+00   8.426521e-09
   1.543875e-02   4.871933e-03  -0.000000e+00   0.000000e+00   0.000000e+00  -1.386481e-03  -1.749723e-04  -4.314611e-04  -0.000000e+00   8.217935e-09
   1.833727e-02   3.756971e-03  -0.000000e+00   0.000000e+00   0.000000e+00  -2.456792e-03  -2.355718e-04   2.547524e-04  -0.000000e+00   1.042644e-08
   1.520450e-02   1.249890e-03  -0.000000e+00   0.000000e+00   0.000000e+00  -6.004336e-05  -4.438536e-06   2.865980e-05  -0.000000e+00   9.724120e-10
   1.429692e-02   3.059595e-03  -0.000000e+00   0.000000e+00   0.000000e+00  -1.726785e-04  -8.675571e-06  -1.822605e-05  -0.000000e+00   2.168203e-09
   1.247793e-02   1.712638e-03  -0.000000e+00   0.000000e+00   0.000000e+00  -3.105476e-03   8.893836e-04   1.899433e-04  -0.000000e+00   1.221303e-08
   1.348308e-02   9.140882e-03  -0.000000e+00   0.000000e+00   0.000000e+00  -3.888497e-03  -1.405470e-04   9.249190e-05  -0.000000e+00   1.474424e-08
   1.432920e-02   6.939348e-03  -0.000000e+00   0.000000e+00   0.000000e+00  -2.537210e-04   9.897257e-05   1.252728e-06  -0.000000e+00   2.316977e-09
   1.891589e-02   9.329540e-03  -0.000000e+00   0.000000e+00   0.000000e+00  -3.687406e-03   1.602491e-03  -5.741249e-04  -0.000000e+00   1.213216e-08
   1.092328e-02   6.503684e-03  -0.000000e+00   0.000000e+00   0.000000e+00  -3.520851e-04   1.536259e-05  -1.999798e-05  -0.000000e+00   2.540615e-09
   1.127592e-02   8.324320e-03  -0.000000e+00   0.000000e+00   0.000000e+00  -7.848937e-05  -1.749294e-06  -1.631728e-05  -0.000000e+00   1.269701e-09
   1.820332e-02   1.720650e-02  -0.000000e+00   0.000000e+00   0.000000e+00  -6.469418e-03   4.114519e-04  -6.876183e-04  -0.000000e+00   2.493718e-08
   1.878218e-02   1.909942e-02  -0.000000e+00   0.000000e+00   0.000000e+00  -4.779207e-05  -1.149071e-05   3.142548e-06  -0.000000e+00   9.132344e-10
   1.681417e-02   1.499848e-02  -0.000000e+00   0.000000e+00   0.000000e+00  -5.207837e-03  -8.861488e-05  -1.110653e-03  -0.000000e+00   1.675111e-08
   1.490433e-02   1.690794e-02  -0.000000e+00   0.000000e+00   0.000000e+00  -1.795979e-03   4.659312e-04  -1.380908e-05  -0.000000e+00   8.366884e-09
   1.907735e-02   1.451104e-02  -0.000000e+00   0.000000e+00   0.000000e+00  -5.130422e-05  -8.699976e-06  -3.341857e-06  -0.000000e+00   8.803083e-10
   1.575897e-02   1.918736e-02  -0.000000e+00   0.000000e+00   0.000000e+00  -5.673426e-05   6.611101e-06  -8.957492e-06  -0.000000e+00   1.045596e-09
   1.395596e-02   1.859686e-02  -0.000000e+00   0.000000e+00   0.000000e+00  -3.774187e-03  -1.699410e-04  -8.346960e-04  -0.000000e+00   1.653624e-08
   1.781076e-02   1.287566e-02  -0.000000e+00   0.000000e+00   0.000000e+00  -5.470612e-05   1.034345e-05   2.212832e-06  -0.000000e+00   1.011598e-09
   1.895974e-02   1.214431e-02  -0.000000e+00   0.000000e+00   0.000000e+00  -5.080946e-05  -4.067233e-06   6.789568e-07  -0.000000e+00   7.891994e-10
   1.167226e-02   1.674333e-02  -0.000000e+00   0.000000e+00   0.000000e+00  -4.830217e-03  -1.238743e-04  -9.780931e-04  -0.000000e+00   1.604221e-08
   1.602096e-02   1.149442e-02  -0.000000e+00   0.000000e+00   0.000000e+00  -6.031687e-04  -6.687086e-05  -9.145769e-05  -0.000000e+00   4.081401e-09
   1.393963e-02   1.271693e-02  -0.000000e+00   0.000000e+00   0.000000e+00  -4.705429e-04  -1.055730e-04   1.119735e-04  -0.000000e+00   3.577579e-09
   1.143509e-02   1.426505e-02  -0.000000e+00   0.000000e+00   0.000000e+00  -3.600562e-03   7.884823e-04  -6.231036e-04  -0.000000e+00   1.508174e-08
   1.486979e-02   1.441518e-02  -0.000000e+00   0.000000e+00   0.000000e+00  -7.400964e-05   2.674864e-05   1.767539e-05  -0.000000e+00   1.012309e-09
   1.122276e-02   1.090281e-02  -0.000000e+00   0.000000e+00   0.000000e+00  -2.128984e-03   5.042352e-04  -4.050164e-04  -0.000000e+00   7.293604e-09
                                                0.000000e+00   0.000000e+00  -1.164500e-01   2.187979e-03  -1.120667e-02   0.000000e+00   7.325456e-09

