              5

              1
             51
          pos_x          pos_y          pos_z       normal_x       normal_y       normal_z        tangt_x        tangt_y        tangt_z          pentr
  -0.000000e+00   3.389181e-03   1.089344e-03  -8.361372e-05   0.000000e+00   0.000000e+00  -0.000000e+00  -2.535421e-05   5.400465e-06   1.415332e-09
  -0.000000e+00   8.972254e-03   1.335538e-03  -2.470839e-03   0.000000e+00   0.000000e+00  -0.000000e+00  -1.066320e-03  -4.555313e-04   9.136903e-09
  -0.000000e+00   9.862890e-04   1.999543e-03  -1.373029e-04   0.000000e+00   0.000000e+00  -0.000000e+00  -2.754886e-05   5.975486e-05   1.528675e-09
  -0.000000e+00   4.147618e-03   1.888437e-03  -2.105385e-05   0.000000e+00   0.000000e+00  -0.000000e+00   7.426158e-06   2.175160e-07   4.732494e-10
  -0.000000e+00   5.958342e-03   2.683974e-03  -8.655927e-04   0.000000e+00   0.000000e+00  -0.000000e+00  -2.592813e-04  -6.398218e-05   5.472828e-09
  -0.000000e+00   2.729681e-03   4.725090e-03  -9.946445e-04   0.000000e+00   0.000000e+00  -0.000000e+00  -2.055730e-04   1.609028e-04   5.911448e-09
  -0.000000e+00   8.787400e-03   5.168998e-03  -1.420616e-03   0.000000e+00   0.000000e+00  -0.000000e+00  -2.110151e-04   3.267274e-05   5.806591e-09
  -0.000000e+00   5.528782e-03   4.970928e-03  -3.385097e-04   0.000000e+00   0.000000e+00  -0.000000e+00   6.809770e-05  -9.085209e-05   2.533897e-09
  -0.000000e+00   1.112024e-03   8.998397e-03  -4.888870e-04   0.000000e+00   0.000000e+00  -0.000000e+00  -9.749031e-05   5.128788e-06   3.912958e-09
  -0.000000e+00   9.141536e-04   4.272299e-03  -1.377923e-03   0.000000e+00   0.000000e+00  -0.000000e+00   2.649354e-04   4.374364e-04   8.003121e-09
  -0.000000e+00   3.843210e-03   6.607958e-03  -1.000412e-02   0.000000e+00   0.000000e+00  -0.000000e+00   1.823656e-03   1.867380e-03   3.650433e-08
  -0.000000e+00   7.008817e-03   6.723349e-03  -3.104440e-05   0.000000e+00   0.000000e+00  -0.000000e+00  -6.321919e-06  -3.521876e-06   6.083034e-10
  -0.000000e+00   6.704756e-03   1.031485e-02  -4.135965e-04   0.000000e+00   0.000000e+00  -0.000000e+00  -1.104574e-04   3.118743e-05   3.146239e-09
  -0.000000e+00   8.446711e-03   8.480364e-03  -3.130612e-04   0.000000e+00   0.000000e+00  -0.000000e+00  -8.320957e-05  -9.831565e-05   2.729036e-09
  -0.000000e+00   5.002200e-03   7.069093e-03  -1.165684e-05   0.000000e+00   0.000000e+00  -0.000000e+00  -1.700675e-06   4.200761e-06   3.025398e-10
  -0.000000e+00   3.405672e-03   9.524824e-03  -4.494486e-04   0.000000e+00   0.000000e+00  -0.000000e+00  -4.985538e-05   1.585234e-04   3.728076e-09
  -0.000000e+00   5.996877e-03   1.485378e-02  -1.033592e-03   0.000000e+00   0.000000e+00  -0.000000e+00  -1.305515e-04  -1.685618e-04   4.918044e-09
  -0.000000e+00   8.349307e-03   1.525439e-02  -2.791341e-04   0.000000e+00   0.000000e+00  -0.000000e+00  -1.100263e-04  -8.263386e-05   2.785138e-09
  -0.000000e+00   2.044223e-03   1.453751e-02  -6.722512e-05   0.000000e+00   0.000000e+00  -0.000000e+00  -5.644830e-06  -2.975181e-05   9.541154e-10
  -0.000000e+00   8.934473e-03   1.338564e-02  -2.764556e-05   0.000000e+00   0.000000e+00  -0.000000e+00   1.825015e-06  -4.746442e-06   6.557709e-10
  -0.000000e+00   7.619021e-03   1.249280e-02  -1.583236e-05   0.000000e+00   0.000000e+00  -0.000000e+00   3.354274e-06  -3.341280e-06   4.493746e-10
  -0.000000e+00   4.275975e-03   1.272263e-02  -4.416287e-04   0.000000e+00   0.000000e+00  -0.000000e+00   1.218590e-04  -1.556280e-04   3.108224e-09
  -0.000000e+00   1.125378e-03   1.224953e-02  -3.051852e-04   0.000000e+00   0.000000e+00  -0.000000e+00   5.203650e-05  -8.163343e-05   3.333066e-09
  -0.000000e+00   2.294153e-03   1.064543e-02  -2.045771e-05   0.000000e+00   0.000000e+00  -0.000000e+00  -9.816651e-06   1.736106e-06   4.799302e-10
  -0.000000e+00   1.434138e-02   4.756012e-03  -5.114434e-06   0.000000e+00   0.000000e+00  -0.000000e+00  -8.348726e-07   5.474360e-07   2.215770e-10
  -0.000000e+00   1.818678e-02   4.836391e-03  -1.160472e-04   0.000000e+00   0.000000e+00  -0.000000e+00  -5.552773e-05   1.241452e-05   1.470325e-09
  -0.000000e+00   1.829772e-02   7.058900e-03  -1.214884e-05   0.000000e+00   0.000000e+00  -0.000000e+00  -9.963322e-07  -4.531341e-06   3.415722e-10
  -0.000000e+00   1.728989e-02   2.753703e-03  -2.131328e-03   0.000000e+00   0.000000e+00  -0.000000e+00   1.000351e-04  -7.094438e-04   9.391964e-09
  -0.000000e+00   1.548887e-02   1.142933e-03  -1.151235e-05   0.000000e+00   0.000000e+00  -0.000000e+00  -3.680560e-06  -1.816041e-06   3.395485e-10
  -0.000000e+00   1.393083e-02   2.762651e-03  -4.705965e-03   0.000000e+00   0.000000e+00  -0.000000e+00   2.171858e-05   4.984155e-04   1.460321e-08
  -0.000000e+00   1.515352e-02   7.319486e-03  -4.470586e-04   0.000000e+00   0.000000e+00  -0.000000e+00   9.432494e-05   1.828830e-05   3.363725e-09
  -0.000000e+00   1.146955e-02   1.630164e-03  -1.140055e-05   0.000000e+00   0.000000e+00  -0.000000e+00  -5.549347e-06  -9.351905e-07   3.710757e-10
  -0.000000e+00   1.603988e-02   4.433560e-03  -1.046574e-03   0.000000e+00   0.000000e+00  -0.000000e+00   4.818992e-05  -1.239739e-04   7.394451e-09
  -0.000000e+00   1.615213e-02   8.432857e-03  -5.034045e-03   0.000000e+00   0.000000e+00  -0.000000e+00  -1.288608e-03  -6.396877e-04   1.684482e-08
  -0.000000e+00   1.603530e-02   5.656286e-03  -1.985145e-05   0.000000e+00   0.000000e+00  -0.000000e+00   1.969228e-06  -5.209820e-06   5.082336e-10
  -0.000000e+00   1.154584e-02   7.540347e-03  -2.346617e-03   0.000000e+00   0.000000e+00  -0.000000e+00  -6.296215e-04   1.587599e-04   1.136057e-08
  -0.000000e+00   1.372470e-02   6.252975e-03  -4.341027e-05   0.000000e+00   0.000000e+00  -0.000000e+00   5.818358e-06  -3.549084e-06   7.635677e-10
  -0.000000e+00   1.384116e-02   9.181465e-03  -1.012682e-03   0.000000e+00   0.000000e+00  -0.000000e+00   3.496299e-04   3.137898e-05   5.747039e-09
  -0.000000e+00   1.010289e-02   8.168359e-03  -1.628383e-04   0.000000e+00   0.000000e+00  -0.000000e+00  -3.075928e-05  -4.777362e-05   2.138710e-09
  -0.000000e+00   1.907186e-02   9.383562e-03  -2.547270e-03   0.000000e+00   0.000000e+00  -0.000000e+00   4.014875e-04   2.107031e-04   1.109333e-08
  -0.000000e+00   1.196789e-02   9.114589e-03  -1.192129e-03   0.000000e+00   0.000000e+00  -0.000000e+00   9.858732e-05   6.314175e-06   8.688600e-09
  -0.000000e+00   1.021917e-02   9.473449e-03  -2.692090e-04   0.000000e+00   0.000000e+00  -0.000000e+00  -7.258096e-05  -8.488122e-05   2.446679e-09
  -0.000000e+00   1.362003e-02   1.704653e-02  -8.513651e-06   0.000000e+00   0.000000e+00  -0.000000e+00  -3.217469e-06  -2.071738e-06   2.228261e-10
  -0.000000e+00   1.841437e-02   1.786686e-02  -8.215185e-05   0.000000e+00   0.000000e+00  -0.000000e+00  -1.101457e-05   2.830647e-05   1.269871e-09
  -0.000000e+00   1.218073e-02   1.495780e-02  -4.573185e-05   0.000000e+00   0.000000e+00  -0.000000e+00  -1.110889e-05  -1.756871e-05   7.537557e-10
  -0.000000e+00   1.445410e-02   1.465832e-02  -1.395629e-05   0.000000e+00   0.000000e+00  -0.000000e+00  -6.190699e-06   1.085726e-06   3.216063e-10
  -0.000000e+00   1.044103e-02   1.452655e-02  -3.509925e-04   0.000000e+00   0.000000e+00  -0.000000e+00   7.173918e-05  -1.296188e-04   3.102161e-09
  -0.000000e+00   1.181124e-02   1.273643e-02  -9.151889e-04   0.000000e+00   0.000000e+00  -0.000000e+00   5.130842e-06  -1.015557e-04   4.932126e-09
  -0.000000e+00   1.450610e-02   1.209753e-02  -1.273030e-03   0.000000e+00   0.000000e+00  -0.000000e+00   1.844730e-04  -1.205582e-05   6.688863e-09
  -0.000000e+00   1.651872e-02   1.218897e-02  -1.644263e-03   0.000000e+00   0.000000e+00  -0.000000e+00  -5.351378e-04   5.744139e-05   8.113369e-09
  -0.000000e+00   1.844904e-02   1.190970e-02  -1.930389e-04   0.000000e+00   0.000000e+00  -0.000000e+00  -4.027738e-05   3.985890e-05   2.066158e-09
                                               -4.725468e-02   0.000000e+00   0.000000e+00   0.000000e+00  -1.368979e-03   7.048828e-04   4.557979e-09

              2
             36
          pos_x          pos_y          pos_z       normal_x       normal_y       normal_z        tangt_x        tangt_y        tangt_z          pentr
   2.000000e-02   3.222643e-03   3.315073e-03   3.405082e-03   0.000000e+00   0.000000e+00  -0.000000e+00  -3.907770e-04   1.327833e-03   1.058897e-08
   2.000000e-02   1.866265e-03   6.320243e-03   3.171426e-03   0.000000e+00   0.000000e+00  -0.000000e+00   8.383974e-04   1.133202e-03   9.852416e-09
   2.000000e-02   5.555397e-03   5.159228e-03   1.469372e-03   0.000000e+00   0.000000e+00  -0.000000e+00   4.835236e-04  -2.811222e-04   7.324513e-09
   2.000000e-02   8.661527e-03   6.008105e-03   3.846900e-03   0.000000e+00   0.000000e+00  -0.000000e+00  -6.693878e-04   5.216300e-04   1.309686e-08
   2.000000e-02   3.712012e-03   9.332781e-03   1.663792e-04   0.000000e+00   0.000000e+00  -0.000000e+00  -2.402628e-05   2.842938e-05   2.044251e-09
   2.000000e-02   6.024922e-03   7.540310e-03   8.070409e-04   0.000000e+00   0.000000e+00  -0.000000e+00  -2.958132e-05  -2.708120e-04   4.872503e-09
   2.000000e-02   1.106289e-03   9.341803e-03   6.567326e-04   0.000000e+00   0.000000e+00  -0.000000e+00  -1.354370e-04  -1.775797e-04   4.639225e-09
   2.000000e-02   8.864746e-03   2.764453e-03   4.448296e-05   0.000000e+00   0.000000e+00  -0.000000e+00   1.987165e-05   1.813322e-06   8.753012e-10
   2.000000e-02   7.548841e-03   1.747884e-02   7.137223e-05   0.000000e+00   0.000000e+00  -0.000000e+00   1.463865e-05  -3.318687e-06   1.157332e-09
   2.000000e-02   9.020822e-03   1.561657e-02   2.950575e-04   0.000000e+00   0.000000e+00  -0.000000e+00  -1.480572e-05  -4.574859e-05   2.510991e-09
   2.000000e-02   2.152294e-03   1.512360e-02   4.561628e-04   0.000000e+00   0.000000e+00  -0.000000e+00  -1.286118e-04   2.701165e-05   3.532306e-09
   2.000000e-02   5.299930e-03   1.545096e-02   6.439918e-04   0.000000e+00   0.000000e+00  -0.000000e+00   1.751216e-04   1.712935e-04   4.059229e-09
   2.000000e-02   4.826928e-03   1.250638e-02   2.644975e-05   0.000000e+00   0.000000e+00  -0.000000e+00   1.765913e-06   2.852858e-06   6.150374e-10
   2.000000e-02   3.386767e-03   1.085551e-02   3.374230e-04   0.000000e+00   0.000000e+00  -0.000000e+00   1.599782e-05  -1.675286e-05   2.825661e-09
   2.000000e-02   6.664270e-03   1.059069e-02   2.089775e-03   0.000000e+00   0.000000e+00  -0.000000e+00  -3.841424e-04   4.359444e-05   7.256590e-09
   2.000000e-02   1.872306e-02   1.156224e-03   1.296842e-05   0.000000e+00   0.000000e+00  -0.000000e+00  -7.599385e-07  -3.226214e-06   3.970590e-10
   2.000000e-02   1.635308e-02   4.832044e-03   3.426646e-03   0.000000e+00   0.000000e+00  -0.000000e+00  -1.031946e-03  -5.242898e-04   1.306814e-08
   2.000000e-02   1.531118e-02   3.065644e-03   6.163530e-03   0.000000e+00   0.000000e+00  -0.000000e+00   6.941158e-04   2.034229e-03   1.711174e-08
   2.000000e-02   1.900224e-02   4.584854e-03   4.618575e-04   0.000000e+00   0.000000e+00  -0.000000e+00  -2.740848e-05  -1.457719e-04   3.421075e-09
   2.000000e-02   1.861632e-02   9.407788e-03   2.875996e-03   0.000000e+00   0.000000e+00  -0.000000e+00   6.311978e-04   8.445678e-04   1.019737e-08
   2.000000e-02   1.790055e-02   3.063176e-03   3.016689e-03   0.000000e+00   0.000000e+00  -0.000000e+00   8.746059e-04   9.168516e-08   1.257332e-08
   2.000000e-02   1.431520e-02   8.476222e-04   5.823217e-06   0.000000e+00   0.000000e+00  -0.000000e+00   2.515595e-06  -1.050755e-06   2.192341e-10
   2.000000e-02   1.145000e-02   8.865010e-03   1.686741e-03   0.000000e+00   0.000000e+00  -0.000000e+00  -1.964614e-04  -1.657369e-04   8.960897e-09
   2.000000e-02   1.284663e-02   3.556917e-03   1.882979e-03   0.000000e+00   0.000000e+00  -0.000000e+00  -3.592876e-04  -5.158202e-04   8.011928e-09
   2.000000e-02   1.226896e-02   6.562643e-04   4.437184e-06   0.000000e+00   0.000000e+00  -0.000000e+00   6.713344e-07  -1.334494e-06   2.131168e-10
   2.000000e-02   1.023468e-02   7.289691e-03   2.460186e-05   0.000000e+00   0.000000e+00  -0.000000e+00  -5.018455e-06   6.672117e-07   5.064072e-10
   2.000000e-02   1.386367e-02   1.770688e-02   3.466598e-05   0.000000e+00   0.000000e+00  -0.000000e+00   1.253392e-05   7.884165e-06   8.074477e-10
   2.000000e-02   1.703037e-02   1.810959e-02   3.656294e-04   0.000000e+00   0.000000e+00  -0.000000e+00   4.554468e-05   1.977500e-05   2.737186e-09
   2.000000e-02   1.297227e-02   1.620094e-02   1.077087e-04   0.000000e+00   0.000000e+00  -0.000000e+00   3.728281e-05  -1.198377e-05   1.178210e-09
   2.000000e-02   1.090328e-02   1.524780e-02   4.833747e-05   0.000000e+00   0.000000e+00  -0.000000e+00  -1.000403e-05  -1.078555e-05   8.416592e-10
   2.000000e-02   1.361752e-02   1.416528e-02   7.456648e-05   0.000000e+00   0.000000e+00  -0.000000e+00   3.952770e-08   2.087308e-05   1.343584e-09
   2.000000e-02   1.082095e-02   1.314853e-02   2.688703e-04   0.000000e+00   0.000000e+00  -0.000000e+00   4.344220e-05   2.813397e-05   2.727290e-09
   2.000000e-02   1.822797e-02   1.281184e-02   2.652612e-04   0.000000e+00   0.000000e+00  -0.000000e+00  -1.125399e-04   3.822857e-05   2.232494e-09
   2.000000e-02   1.280281e-02   1.235927e-02   1.623303e-04   0.000000e+00   0.000000e+00  -0.000000e+00   8.095467e-06  -4.446759e-05   1.832505e-09
   2.000000e-02   1.908643e-02   1.136539e-02   2.099813e-04   0.000000e+00   0.000000e+00  -0.000000e+00   5.254762e-05  -3.396997e-05   2.538150e-09
   2.000000e-02   9.687569e-03   1.069940e-02   1.076595e-03   0.000000e+00   0.000000e+00  -0.000000e+00  -1.477826e-04  -2.074216e-04   6.062222e-09
                                                3.966386e-02   0.000000e+00   0.000000e+00   0.000000e+00   2.839318e-04   3.790918e-03   4.784228e-09

              3
             42
          pos_x          pos_y          pos_z       normal_x       normal_y       normal_z        tangt_x        tangt_y        tangt_z          pentr
   6.189399e-03  -0.000000e+00   9.887061e-04   0.000000e+00  -1.235965e-03   0.000000e+00   7.282026e-06  -0.000000e+00  -2.520839e-04   7.606474e-09
   6.084204e-04  -0.000000e+00   1.824327e-03   0.000000e+00  -1.315859e-05   0.000000e+00  -3.748845e-06  -0.000000e+00  -2.219640e-06   4.450510e-10
   3.902296e-03  -0.000000e+00   1.935869e-03   0.000000e+00  -1.768556e-05   0.000000e+00   3.038322e-06  -0.000000e+00   2.139622e-06   3.992618e-10
   2.128808e-03  -0.000000e+00   3.459440e-03   0.000000e+00  -4.096581e-03   0.000000e+00  -5.442933e-04  -0.000000e+00   1.442695e-03   1.507407e-08
   1.679354e-03  -0.000000e+00   6.310454e-03   0.000000e+00  -8.501567e-04   0.000000e+00   7.771755e-05  -0.000000e+00   1.567200e-04   5.282447e-09
   1.376310e-03  -0.000000e+00   8.432309e-03   0.000000e+00  -8.155625e-04   0.000000e+00  -5.314272e-06  -0.000000e+00  -3.060463e-04   4.610808e-09
   2.400774e-03  -0.000000e+00   4.878733e-03   0.000000e+00  -1.044746e-04   0.000000e+00   1.074151e-06  -0.000000e+00  -4.235132e-05   1.587878e-09
   8.820985e-04  -0.000000e+00   4.208787e-03   0.000000e+00  -2.152694e-04   0.000000e+00  -4.616548e-05  -0.000000e+00   4.732908e-05   2.378747e-09
   3.936866e-03  -0.000000e+00   6.365416e-03   0.000000e+00  -9.714358e-05   0.000000e+00   5.851558e-06  -0.000000e+00   3.982672e-05   1.413110e-09
   8.081124e-03  -0.000000e+00   6.139004e-03   0.000000e+00  -3.584491e-04   0.000000e+00  -3.744189e-05  -0.000000e+00  -6.273034e-05   2.748177e-09
   3.673928e-03  -0.000000e+00   7.664758e-03   0.000000e+00  -1.353058e-03   0.000000e+00   1.964002e-04  -0.000000e+00  -3.059570e-04   7.449439e-09
   5.729170e-03  -0.000000e+00   6.170154e-03   0.000000e+00  -6.405326e-05   0.000000e+00   7.645982e-06  -0.000000e+00   1.416944e-05   1.147696e-09
   5.631678e-03  -0.000000e+00   7.783789e-03   0.000000e+00  -4.634767e-05   0.000000e+00  -2.076191e-05  -0.000000e+00   3.908766e-06   9.218441e-10
   9.704062e-03  -0.000000e+00   1.377363e-03   0.000000e+00  -3.032086e-03   0.000000e+00   4.988650e-05  -0.000000e+00   7.727350e-04   1.326523e-08
   7.735733e-03  -0.000000e+00   8.337124e-03   0.000000e+00  -9.761899e-05   0.000000e+00   1.502777e-05  -0.000000e+00   3.437813e-05   1.255020e-09
   5.616989e-03  -0.000000e+00   1.872092e-02   0.000000e+00  -8.101643e-05   0.000000e+00  -1.546867e-05  -0.000000e+00  -1.205329e-05   1.129407e-09
   6.448686e-03  -0.000000e+00   1.442451e-02   0.000000e+00  -6.128732e-04   0.000000e+00  -1.067411e-04  -0.000000e+00   2.173404e-04   4.024830e-09
   4.050113e-03  -0.000000e+00   1.537481e-02   0.000000e+00  -7.286362e-05   0.000000e+00   1.804907e-05  -0.000000e+00  -4.322457e-06   1.092382e-09
   1.770281e-03  -0.000000e+00   1.395488e-02   0.000000e+00  -2.666211e-04   0.000000e+00  -5.406347e-06  -0.000000e+00   7.352377e-05   2.072873e-09
   8.302811e-03  -0.000000e+00   1.204429e-02   0.000000e+00  -1.506626e-04   0.000000e+00   5.332284e-05  -0.000000e+00  -4.079466e-05   1.527638e-09
   2.526125e-03  -0.000000e+00   1.242663e-02   0.000000e+00  -2.104482e-05   0.000000e+00   5.376862e-06  -0.000000e+00   8.061803e-06   5.280942e-10
   1.398067e-03  -0.000000e+00   1.057293e-02   0.000000e+00  -5.186731e-04   0.000000e+00  -1.258819e-04  -0.000000e+00   8.450960e-05   4.048669e-09
   5.741466e-03  -0.000000e+00   1.068639e-02   0.000000e+00  -2.645773e-03   0.000000e+00   6.826266e-04  -0.000000e+00   5.148939e-04   1.330199e-08
   1.763547e-02  -0.000000e+00   1.815856e-03   0.000000e+00  -1.674723e-03   0.000000e+00   5.793565e-04  -0.000000e+00  -1.703054e-04   7.807163e-09
   1.736251e-02  -0.000000e+00   4.645222e-03   0.000000e+00  -5.070699e-03   0.000000e+00   1.661519e-03  -0.000000e+00  -8.606078e-04   1.570799e-08
   1.861943e-02  -0.000000e+00   9.378352e-03   0.000000e+00  -1.066420e-03   0.000000e+00   2.251610e-04  -0.000000e+00  -2.758072e-04   5.384819e-09
   1.511508e-02  -0.000000e+00   2.857671e-03   0.000000e+00  -9.419910e-04   0.000000e+00  -1.947202e-04  -0.000000e+00   3.776150e-04   5.153808e-09
   1.539825e-02  -0.000000e+00   9.754430e-04   0.000000e+00  -2.866021e-05   0.000000e+00   4.420307e-06  -0.000000e+00   7.829829e-06   7.041171e-10
   1.277935e-02  -0.000000e+00   1.469754e-03   0.000000e+00  -4.103511e-03   0.000000e+00   2.510094e-04  -0.000000e+00  -1.711259e-03   1.584860e-08
   1.090347e-02  -0.000000e+00   6.253133e-03   0.000000e+00  -3.958008e-04   0.000000e+00   8.582606e-05  -0.000000e+00  -1.230859e-04   3.261611e-09
   1.449478e-02  -0.000000e+00   8.966093e-03   0.000000e+00  -2.863193e-05   0.000000e+00   1.983738e-06  -0.000000e+00  -1.196355e-05   4.928862e-10
   1.044017e-02  -0.000000e+00   3.207718e-03   0.000000e+00  -2.402302e-04   0.000000e+00   8.643276e-05  -0.000000e+00  -4.722475e-05   1.971308e-09
   1.705972e-02  -0.000000e+00   9.277097e-03   0.000000e+00  -1.374071e-05   0.000000e+00   3.252528e-07  -0.000000e+00   6.563864e-06   4.113785e-10
   1.272189e-02  -0.000000e+00   8.248930e-03   0.000000e+00  -2.644880e-04   0.000000e+00  -1.107641e-04  -0.000000e+00  -5.805981e-05   2.960534e-09
   1.222950e-02  -0.000000e+00   6.596799e-03   0.000000e+00  -9.428223e-06   0.000000e+00   8.818741e-07  -0.000000e+00   3.788939e-06   2.628938e-10
   1.023573e-02  -0.000000e+00   1.038876e-02   0.000000e+00  -1.708882e-03   0.000000e+00  -3.714291e-04  -0.000000e+00   2.098676e-04   8.533488e-09
   1.301983e-02  -0.000000e+00   1.630710e-02   0.000000e+00  -2.488736e-05   0.000000e+00   1.816305e-06  -0.000000e+00  -6.059814e-06   5.312138e-10
   1.748306e-02  -0.000000e+00   1.499675e-02   0.000000e+00  -3.206453e-04   0.000000e+00  -1.252729e-05  -0.000000e+00  -1.074370e-04   2.508104e-09
   1.097488e-02  -0.000000e+00   1.514732e-02   0.000000e+00  -2.087692e-03   0.000000e+00  -5.458295e-04  -0.000000e+00   2.885747e-04   8.842882e-09
   1.460197e-02  -0.000000e+00   1.436132e-02   0.000000e+00  -7.309002e-04   0.000000e+00   2.350218e-04  -0.000000e+00  -2.774741e-04   4.630887e-09
   1.586920e-02  -0.000000e+00   1.253229e-02   0.000000e+00  -1.855244e-04   0.000000e+00  -2.087450e-05  -0.000000e+00  -4.645532e-05   1.757166e-09
   1.308502e-02  -0.000000e+00   1.213463e-02   0.000000e+00  -7.147408e-04   0.000000e+00   6.549561e-05  -0.000000e+00   1.454342e-04   5.630801e-09
                                                0.000000e+00  -3.637873e-02   0.000000e+00   2.155181e-03   0.000000e+00  -2.723938e-04   4.421733e-09

              4
             43
          pos_x          pos_y          pos_z       normal_x       normal_y       normal_z        tangt_x        tangt_y        tangt_z          pentr
   1.647605e-03   2.000000e-02   2.475048e-03   0.000000e+00   2.003140e-04   0.000000e+00   4.065378e-05  -0.000000e+00  -6.016231e-06   1.808919e-09
   6.535048e-03   2.000000e-02   6.124092e-03   0.000000e+00   4.562770e-04   0.000000e+00   9.424224e-05  -0.000000e+00  -1.600039e-04   3.384369e-09
   3.888210e-03   2.000000e-02   4.056265e-03   0.000000e+00   2.181678e-03   0.000000e+00   1.004268e-03  -0.000000e+00  -2.388413e-04   8.475577e-09
   7.878791e-03   2.000000e-02   2.668059e-03   0.000000e+00   1.583411e-03   0.000000e+00  -4.284378e-04  -0.000000e+00  -4.071958e-04   7.859502e-09
   9.664225e-03   2.000000e-02   7.010222e-03   0.000000e+00   2.352575e-03   0.000000e+00   6.474567e-04  -0.000000e+00   3.912127e-04   1.034751e-08
   1.718678e-03   2.000000e-02   4.815520e-03   0.000000e+00   2.653487e-05   0.000000e+00  -9.597458e-06  -0.000000e+00   3.467160e-06   5.688769e-10
   1.512419e-03   2.000000e-02   6.977382e-03   0.000000e+00   4.102593e-06   0.000000e+00  -7.368904e-07  -0.000000e+00  -1.469141e-06   1.766638e-10
   4.818053e-03   2.000000e-02   1.240074e-03   0.000000e+00   4.393130e-04   0.000000e+00   1.158475e-04  -0.000000e+00   2.886467e-05   3.122569e-09
   3.651098e-03   2.000000e-02   9.568421e-03   0.000000e+00   6.352181e-03   0.000000e+00   2.281880e-03  -0.000000e+00   4.264657e-04   1.462436e-08
   8.269212e-03   2.000000e-02   9.471092e-03   0.000000e+00   8.292724e-04   0.000000e+00   1.457511e-04  -0.000000e+00  -1.449997e-05   4.576585e-09
   9.657553e-03   2.000000e-02   1.299644e-03   0.000000e+00   2.162165e-04   0.000000e+00   1.971052e-05  -0.000000e+00  -4.616482e-05   2.317028e-09
   7.850003e-03   2.000000e-02   6.593559e-03   0.000000e+00   5.241957e-04   0.000000e+00  -2.925348e-05  -0.000000e+00  -3.349177e-05   4.244529e-09
   7.538728e-04   2.000000e-02   9.396682e-03   0.000000e+00   8.526515e-04   0.000000e+00  -1.763268e-04  -0.000000e+00   6.629533e-05   6.295229e-09
   1.700071e-03   2.000000e-02   1.803378e-02   0.000000e+00   1.838137e-05   0.000000e+00  -6.087948e-07  -0.000000e+00   6.828308e-06   4.523267e-10
   7.780409e-03   2.000000e-02   1.590237e-02   0.000000e+00   2.910993e-04   0.000000e+00   2.696865e-06  -0.000000e+00  -3.223892e-05   3.140613e-09
   5.308973e-03   2.000000e-02   1.524413e-02   0.000000e+00   1.045304e-03   0.000000e+00   2.356758e-04  -0.000000e+00   1.037763e-05   6.585511e-09
   2.280897e-03   2.000000e-02   1.562802e-02   0.000000e+00   8.672473e-04   0.000000e+00   2.240123e-04  -0.000000e+00   3.253735e-05   4.687399e-09
   9.831439e-03   2.000000e-02   1.385929e-02   0.000000e+00   2.938440e-04   0.000000e+00   3.112438e-05  -0.000000e+00  -6.735209e-05   2.163801e-09
   5.357141e-03   2.000000e-02   1.238574e-02   0.000000e+00   3.663113e-05   0.000000e+00  -9.029794e-06  -0.000000e+00   8.107372e-06   5.804495e-10
   1.604213e-03   2.000000e-02   1.137092e-02   0.000000e+00   1.259741e-04   0.000000e+00  -3.570626e-05  -0.000000e+00   3.442164e-05   1.484817e-09
   1.794356e-02   2.000000e-02   5.606311e-03   0.000000e+00   3.759654e-04   0.000000e+00  -6.504428e-05  -0.000000e+00   2.817231e-05   3.227925e-09
   1.939956e-02   2.000000e-02   4.534015e-03   0.000000e+00   8.009817e-04   0.000000e+00   8.765902e-05  -0.000000e+00   6.284305e-05   6.967288e-09
   1.657703e-02   2.000000e-02   8.491271e-03   0.000000e+00   1.147686e-03   0.000000e+00  -3.720493e-04  -0.000000e+00  -1.265811e-05   6.833954e-09
   1.620095e-02   2.000000e-02   3.799025e-03   0.000000e+00   1.501076e-03   0.000000e+00  -3.508216e-04  -0.000000e+00  -1.420157e-04   9.022241e-09
   1.790094e-02   2.000000e-02   1.039853e-02   0.000000e+00   6.647476e-04   0.000000e+00   9.069984e-05  -0.000000e+00  -1.137157e-05   5.449362e-09
   1.775593e-02   2.000000e-02   2.692261e-03   0.000000e+00   3.556925e-03   0.000000e+00   2.988559e-04  -0.000000e+00  -1.453205e-03   1.364998e-08
   1.412030e-02   2.000000e-02   4.115811e-03   0.000000e+00   8.316390e-04   0.000000e+00  -2.727825e-04  -0.000000e+00  -8.044182e-05   5.188922e-09
   1.543239e-02   2.000000e-02   9.592337e-04   0.000000e+00   1.029218e-05   0.000000e+00  -2.490939e-06  -0.000000e+00   1.190194e-06   2.910169e-10
   1.376079e-02   2.000000e-02   1.880983e-03   0.000000e+00   4.816299e-03   0.000000e+00   1.716278e-03  -0.000000e+00   1.054652e-03   1.593679e-08
   1.540903e-02   2.000000e-02   7.189660e-03   0.000000e+00   1.008629e-05   0.000000e+00  -1.815908e-06  -0.000000e+00   2.583358e-06   2.675171e-10
   1.168820e-02   2.000000e-02   2.101239e-03   0.000000e+00   1.157592e-02   0.000000e+00  -1.422122e-03  -0.000000e+00  -4.657081e-04   2.584210e-08
   1.418853e-02   2.000000e-02   5.594733e-03   0.000000e+00   2.896908e-05   0.000000e+00   5.816794e-07  -0.000000e+00   9.127700e-06   6.376285e-10
   1.179758e-02   2.000000e-02   5.311177e-03   0.000000e+00   3.677631e-04   0.000000e+00  -1.074517e-04  -0.000000e+00  -3.308497e-05   2.983400e-09
   1.616469e-02   2.000000e-02   6.053254e-03   0.000000e+00   1.289405e-04   0.000000e+00   1.465957e-05  -0.000000e+00   6.223419e-05   1.977455e-09
   1.404481e-02   2.000000e-02   7.323915e-03   0.000000e+00   4.839862e-05   0.000000e+00   1.447137e-05  -0.000000e+00  -7.642646e-06   1.004167e-09
   1.134424e-02   2.000000e-02   8.926865e-03   0.000000e+00   3.906252e-04   0.000000e+00   8.748261e-05  -0.000000e+00   9.748881e-05   2.908769e-09
   1.456758e-02   2.000000e-02   9.752482e-03   0.000000e+00   1.678665e-04   0.000000e+00   3.758131e-05  -0.000000e+00   5.744691e-05   1.878405e-09
   1.402748e-02   2.000000e-02   1.716031e-02   0.000000e+00   4.822901e-04   0.000000e+00  -1.323586e-04  -0.000000e+00   2.538846e-05   3.497232e-09
   1.140816e-02   2.000000e-02   1.594153e-02   0.000000e+00   6.628918e-05   0.000000e+00  -2.488109e-05  -0.000000e+00  -1.106519e-05   1.148195e-09
   1.763182e-02   2.000000e-02   1.466123e-02   0.000000e+00   2.848269e-04   0.000000e+00  -1.008397e-04  -0.000000e+00  -4.196409e-05   2.586617e-09
   1.255691e-02   2.000000e-02   1.373323e-02   0.000000e+00   4.417013e-04   0.000000e+00  -1.353632e-04  -0.000000e+00   5.141281e-06   3.426871e-09
   1.185804e-02   2.000000e-02   1.123803e-02   0.000000e+00   1.067413e-03   0.000000e+00  -3.316151e-05  -0.000000e+00  -4.840994e-04   5.073568e-09
   1.925359e-02   2.000000e-02   1.131546e-02   0.000000e+00   9.495802e-05   0.000000e+00  -2.887581e-05  -0.000000e+00   1.579891e-05   1.666834e-09
                                                0.000000e+00   4.755886e-02   0.000000e+00   3.451833e-03   0.000000e+00  -1.319885e-03   4.845648e-09

              5
             62
          pos_x          pos_y          pos_z       normal_x       normal_y       normal_z        tangt_x        tangt_y        tangt_z          pentr
   2.176667e-03   1.561531e-03  -0.000000e+00   0.000000e+00   0.000000e+00  -8.413859e-03   2.259145e-04  -1.074566e-03  -0.000000e+00   2.091005e-08
   6.371592e-03   1.429754e-03  -0.000000e+00   0.000000e+00   0.000000e+00  -2.040403e-03   4.554052e-04   3.340681e-04  -0.000000e+00   8.184316e-09
   4.695576e-03   5.495453e-03  -0.000000e+00   0.000000e+00   0.000000e+00  -5.706933e-05   1.202409e-05   2.461306e-05  -0.000000e+00   1.021498e-09
   1.279665e-03   3.459621e-03  -0.000000e+00   0.000000e+00   0.000000e+00  -1.286266e-04   4.951266e-05  -2.465237e-05  -0.000000e+00   1.687642e-09
   6.064867e-03   8.902548e-03  -0.000000e+00   0.000000e+00   0.000000e+00  -2.661966e-04  -4.755834e-05   5.332092e-05  -0.000000e+00   3.010833e-09
   1.188874e-03   9.737834e-03  -0.000000e+00   0.000000e+00   0.000000e+00  -3.399866e-03  -9.184833e-04   7.621445e-04  -0.000000e+00   1.257329e-08
   7.862885e-04   5.629018e-03  -0.000000e+00   0.000000e+00   0.000000e+00  -6.218618e-05  -1.105439e-05   8.438501e-06  -0.000000e+00   9.011130e-10
   2.646378e-03   4.989886e-03  -0.000000e+00   0.000000e+00   0.000000e+00  -1.351414e-04   9.547010e-06   5.233266e-05  -0.000000e+00   1.578559e-09
   2.345021e-03   6.803889e-03  -0.000000e+00   0.000000e+00   0.000000e+00  -1.567889e-04   6.279196e-06   5.237955e-06  -0.000000e+00   1.665167e-09
   3.926050e-03   9.290786e-03  -0.000000e+00   0.000000e+00   0.000000e+00  -6.074877e-04  -2.279436e-04   1.322858e-04  -0.000000e+00   3.498627e-09
   4.292142e-03   1.327909e-03  -0.000000e+00   0.000000e+00   0.000000e+00  -5.349914e-04  -3.028533e-05  -1.322249e-04  -0.000000e+00   3.788179e-09
   3.367302e-03   3.054522e-03  -0.000000e+00   0.000000e+00   0.000000e+00  -2.579672e-05   4.862237e-06  -4.958853e-06  -0.000000e+00   6.261339e-10
   4.410881e-03   6.638505e-03  -0.000000e+00   0.000000e+00   0.000000e+00  -5.238068e-05   8.457755e-08   5.497621e-07  -0.000000e+00   1.004037e-09
   5.115109e-03   3.556048e-03  -0.000000e+00   0.000000e+00   0.000000e+00  -4.430530e-03  -4.338754e-04   6.093794e-04  -0.000000e+00   1.618264e-08
   6.293255e-03   6.672170e-03  -0.000000e+00   0.000000e+00   0.000000e+00  -4.571893e-04  -7.214543e-05  -4.404676e-05  -0.000000e+00   3.632196e-09
   8.492820e-03   5.217157e-03  -0.000000e+00   0.000000e+00   0.000000e+00  -6.454512e-03  -3.040414e-04  -2.730363e-03  -0.000000e+00   1.885514e-08
   8.315126e-03   8.071724e-03  -0.000000e+00   0.000000e+00   0.000000e+00  -6.841349e-03  -1.093873e-03  -2.708647e-03  -0.000000e+00   1.844876e-08
   9.430721e-03   2.211645e-03  -0.000000e+00   0.000000e+00   0.000000e+00  -4.913162e-03  -6.929757e-04  -5.096743e-04  -0.000000e+00   1.324524e-08
   1.044022e-03   1.843453e-02  -0.000000e+00   0.000000e+00   0.000000e+00  -1.138217e-03  -2.064758e-04   2.999836e-04  -0.000000e+00   5.712590e-09
   4.013516e-03   1.872976e-02  -0.000000e+00   0.000000e+00   0.000000e+00  -6.490655e-04   4.651668e-05  -8.598207e-05  -0.000000e+00   4.102108e-09
   2.346650e-03   1.685582e-02  -0.000000e+00   0.000000e+00   0.000000e+00  -2.384911e-04   4.272568e-05  -1.628583e-05  -0.000000e+00   2.535882e-09
   6.292790e-03   1.816644e-02  -0.000000e+00   0.000000e+00   0.000000e+00  -1.917326e-04  -5.255329e-05   6.488876e-05  -0.000000e+00   1.915809e-09
   1.049222e-03   1.582350e-02  -0.000000e+00   0.000000e+00   0.000000e+00  -5.040045e-05   1.148997e-05   3.747535e-06  -0.000000e+00   9.783835e-10
   6.798655e-03   1.511684e-02  -0.000000e+00   0.000000e+00   0.000000e+00  -3.340915e-03  -1.089423e-03  -7.791527e-04  -0.000000e+00   1.286123e-08
   3.259099e-03   1.271949e-02  -0.000000e+00   0.000000e+00   0.000000e+00  -6.940722e-05  -3.364134e-06  -1.712258e-05  -0.000000e+00   9.711884e-10
   5.015953e-03   1.618391e-02  -0.000000e+00   0.000000e+00   0.000000e+00  -6.947127e-04   1.176053e-04  -1.536841e-04  -0.000000e+00   3.939950e-09
   2.472579e-03   1.445448e-02  -0.000000e+00   0.000000e+00   0.000000e+00  -6.318724e-03   9.521914e-04   6.836311e-04  -0.000000e+00   1.936214e-08
   9.657489e-03   1.897414e-02  -0.000000e+00   0.000000e+00   0.000000e+00  -5.526290e-04   1.339312e-04  -1.969421e-05  -0.000000e+00   5.102715e-09
   4.920510e-03   1.166987e-02  -0.000000e+00   0.000000e+00   0.000000e+00  -3.696261e-03   5.725719e-05  -1.200218e-03  -0.000000e+00   1.642632e-08
   8.821344e-03   1.375376e-02  -0.000000e+00   0.000000e+00   0.000000e+00  -2.245656e-03   1.359278e-04  -5.273475e-06  -0.000000e+00   8.833858e-09
   9.994579e-04   1.252062e-02  -0.000000e+00   0.000000e+00   0.000000e+00  -9.603875e-05   5.139729e-06   1.813265e-05  -0.000000e+00   1.203354e-09
   7.200022e-03   1.097916e-02  -0.000000e+00   0.000000e+00   0.000000e+00  -1.088028e-03  -1.711579e-04   3.521944e-05  -0.000000e+00   5.405712e-09
   9.882940e-03   1.596254e-02  -0.000000e+00   0.000000e+00   0.000000e+00  -8.683810e-05   2.329995e-06   2.309519e-06  -0.000000e+00   1.123653e-09
   1.798868e-02   5.656444e-03  -0.000000e+00   0.000000e+00   0.000000e+00  -1.981080e-03   2.901408e-05  -3.958459e-04  -0.000000e+00   8.753619e-09
   1.608445e-02   8.098421e-03  -0.000000e+00   0.000000e+00   0.000000e+00  -3.476829e-03   1.158390e-03   7.744129e-04  -0.000000e+00   1.341239e-08
   1.704384e-02   1.926179e-03  -0.000000e+00   0.000000e+00   0.000000e+00  -5.389454e-03   4.088792e-04  -3.359186e-04  -0.000000e+00   1.684849e-08
   1.252287e-02   4.978215e-03  -0.000000e+00   0.000000e+00   0.000000e+00  -1.459920e-03  -1.307589e-05   2.794217e-04  -0.000000e+00   8.428799e-09
   1.543875e-02   4.871934e-03  -0.000000e+00   0.000000e+00   0.000000e+00  -1.391517e-03  -1.798391e-04  -4.279402e-04  -0.000000e+00   8.237825e-09
   1.833727e-02   3.756971e-03  -0.000000e+00   0.000000e+00   0.000000e+00  -2.467041e-03  -2.367637e-04   2.565192e-04  -0.000000e+00   1.045542e-08
   1.520546e-02   1.249890e-03  -0.000000e+00   0.000000e+00   0.000000e+00  -6.004560e-05  -4.411417e-06   2.866159e-05  -0.000000e+00   9.724604e-10
   1.429692e-02   3.059595e-03  -0.000000e+00   0.000000e+00   0.000000e+00  -1.745209e-04  -1.014680e-05  -1.961387e-05  -0.000000e+00   2.183598e-09
   1.247793e-02   1.712637e-03  -0.000000e+00   0.000000e+00   0.000000e+00  -3.149082e-03   9.060118e-04   2.019365e-04  -0.000000e+00   1.232709e-08
   1.348308e-02   9.140882e-03  -0.000000e+00   0.000000e+00   0.000000e+00  -3.888887e-03  -1.409317e-04   9.376848e-05  -0.000000e+00   1.474522e-08
   1.432920e-02   6.939348e-03  -0.000000e+00   0.000000e+00   0.000000e+00  -2.503327e-04   9.660067e-05   1.119724e-06  -0.000000e+00   2.296303e-09
   1.891589e-02   9.329540e-03  -0.000000e+00   0.000000e+00   0.000000e+00  -3.687020e-03   1.602177e-03  -5.724604e-04  -0.000000e+00   1.213132e-08
   1.092328e-02   6.503684e-03  -0.000000e+00   0.000000e+00   0.000000e+00  -3.522506e-04   1.593726e-05  -1.903629e-05  -0.000000e+00   2.541411e-09
   1.127592e-02   8.324320e-03  -0.000000e+00   0.000000e+00   0.000000e+00  -7.795776e-05  -1.792902e-06  -1.649824e-05  -0.000000e+00   1.263961e-09
   1.820332e-02   1.720650e-02  -0.000000e+00   0.000000e+00   0.000000e+00  -6.469787e-03   4.115405e-04  -6.875552e-04  -0.000000e+00   2.493813e-08
   1.878704e-02   1.882687e-02  -0.000000e+00   0.000000e+00   0.000000e+00  -4.922689e-05  -1.296701e-05  -1.301974e-06  -0.000000e+00   9.399105e-10
   1.681417e-02   1.499848e-02  -0.000000e+00   0.000000e+00   0.000000e+00  -5.207960e-03  -8.881695e-05  -1.110595e-03  -0.000000e+00   1.675137e-08
   1.490433e-02   1.690794e-02  -0.000000e+00   0.000000e+00   0.000000e+00  -1.796088e-03   4.661318e-04  -1.375910e-05  -0.000000e+00   8.367222e-09
   1.910236e-02   1.432452e-02  -0.000000e+00   0.000000e+00   0.000000e+00  -4.911431e-05  -7.824772e-06  -8.730273e-06  -0.000000e+00   8.706051e-10
   1.575897e-02   1.918736e-02  -0.000000e+00   0.000000e+00   0.000000e+00  -5.673702e-05   6.614950e-06  -8.955236e-06  -0.000000e+00   1.045630e-09
   1.395596e-02   1.859686e-02  -0.000000e+00   0.000000e+00   0.000000e+00  -3.774250e-03  -1.699462e-04  -8.346800e-04  -0.000000e+00   1.653642e-08
   1.781076e-02   1.287566e-02  -0.000000e+00   0.000000e+00   0.000000e+00  -5.464802e-05   1.030300e-05   2.197833e-06  -0.000000e+00   1.010881e-09
   1.895900e-02   1.210375e-02  -0.000000e+00   0.000000e+00   0.000000e+00  -5.094430e-05  -4.460953e-06  -5.487309e-07  -0.000000e+00   7.900186e-10
   1.167226e-02   1.674333e-02  -0.000000e+00   0.000000e+00   0.000000e+00  -4.830707e-03  -1.239095e-04  -9.778825e-04  -0.000000e+00   1.604330e-08
   1.602096e-02   1.149442e-02  -0.000000e+00   0.000000e+00   0.000000e+00  -6.022270e-04  -6.665668e-05  -9.139184e-05  -0.000000e+00   4.077152e-09
   1.393963e-02   1.271693e-02  -0.000000e+00   0.000000e+00   0.000000e+00  -4.706859e-04  -1.058934e-04   1.122241e-04  -0.000000e+00   3.578304e-09
   1.143509e-02   1.426505e-02  -0.000000e+00   0.000000e+00   0.000000e+00  -3.600433e-03   7.884868e-04  -6.231165e-04  -0.000000e+00   1.508138e-08
   1.486979e-02   1.441518e-02  -0.000000e+00   0.000000e+00   0.000000e+00  -7.404358e-05   2.679737e-05   1.772870e-05  -0.000000e+00   1.012618e-09
   1.122276e-02   1.090281e-02  -0.000000e+00   0.000000e+00   0.000000e+00  -2.128500e-03   5.036057e-04  -4.041513e-04  -0.000000e+00   7.292497e-09
                                                0.000000e+00   0.000000e+00  -1.164559e-01   2.176587e-03  -1.119825e-02   0.000000e+00   7.326156e-09

