              5

              1
             20
          pos_x          pos_y          pos_z       normal_x       normal_y       normal_z        tangt_x        tangt_y        tangt_z          pentr
  -0.000000e+00   3.386478e-03   1.089710e-03  -9.556187e-04   0.000000e+00   0.000000e+00  -0.000000e+00  -3.475010e-06   5.974943e-05   7.182101e-09
  -0.000000e+00   8.973287e-03   1.334724e-03  -2.881993e-03   0.000000e+00   0.000000e+00  -0.000000e+00   7.282113e-04  -1.214620e-03   1.012930e-08
  -0.000000e+00   9.953455e-04   2.002706e-03  -2.772568e-03   0.000000e+00   0.000000e+00  -0.000000e+00  -3.151646e-04   8.885950e-04   1.133888e-08
  -0.000000e+00   4.119100e-03   1.904875e-03  -1.254184e-05   0.000000e+00   0.000000e+00  -0.000000e+00   1.209649e-07  -1.180815e-06   3.339054e-10
  -0.000000e+00   3.839521e-03   6.609689e-03  -2.666361e-02   0.000000e+00   0.000000e+00  -0.000000e+00   7.345681e-03   9.173379e-03   7.023599e-08
  -0.000000e+00   6.982533e-03   6.762819e-03  -4.088929e-05   0.000000e+00   0.000000e+00   0.000000e+00  -1.093007e-05  -1.727765e-05   7.302920e-10
  -0.000000e+00   5.051653e-03   7.077007e-03  -1.249549e-05   0.000000e+00   0.000000e+00   0.000000e+00   6.496391e-07  -6.213877e-06   3.155605e-10
  -0.000000e+00   6.348730e-03   1.318991e-02  -5.339274e-03   0.000000e+00   0.000000e+00  -0.000000e+00  -6.855231e-04   1.572701e-04   2.061808e-08
  -0.000000e+00   8.826322e-03   1.389916e-02  -1.251520e-05   0.000000e+00   0.000000e+00   0.000000e+00   1.582470e-06   6.054200e-06   3.220230e-10
  -0.000000e+00   1.797756e-02   8.419901e-04  -1.066978e-03   0.000000e+00   0.000000e+00  -0.000000e+00  -2.109262e-04  -8.217420e-05   6.472711e-09
  -0.000000e+00   1.433562e-02   4.760621e-03  -5.229468e-06   0.000000e+00   0.000000e+00  -0.000000e+00  -3.458912e-07  -2.377264e-06   2.234250e-10
  -0.000000e+00   1.820064e-02   4.866191e-03  -4.315760e-04   0.000000e+00   0.000000e+00  -0.000000e+00  -1.183155e-04   1.362495e-04   3.550995e-09
  -0.000000e+00   1.546779e-02   1.137486e-03  -2.289601e-03   0.000000e+00   0.000000e+00  -0.000000e+00   7.554249e-04  -6.032547e-04   1.160403e-08
  -0.000000e+00   1.148936e-02   1.678752e-03  -1.153899e-05   0.000000e+00   0.000000e+00  -0.000000e+00  -2.833975e-09  -1.740058e-07   3.830783e-10
  -0.000000e+00   1.604906e-02   4.443538e-03  -4.498214e-04   0.000000e+00   0.000000e+00  -0.000000e+00   8.732057e-05  -1.476236e-04   4.218471e-09
  -0.000000e+00   1.151901e-02   7.548496e-03  -2.632637e-03   0.000000e+00   0.000000e+00  -0.000000e+00  -6.697702e-05   1.803073e-04   1.227968e-08
  -0.000000e+00   1.371325e-02   6.284608e-03  -1.647695e-05   0.000000e+00   0.000000e+00  -0.000000e+00   1.570274e-06  -5.230011e-06   3.990153e-10
  -0.000000e+00   1.442464e-02   1.217627e-02  -6.134121e-03   0.000000e+00   0.000000e+00  -0.000000e+00   2.761226e-03   7.983604e-04   1.907068e-08
  -0.000000e+00   1.003050e-02   8.238765e-03  -1.941820e-02   0.000000e+00   0.000000e+00  -0.000000e+00  -4.022166e-03  -5.363650e-03   5.169607e-08
  -0.000000e+00   1.291875e-02   1.553296e-02  -3.675783e-07   0.000000e+00   0.000000e+00   0.000000e+00  -5.463278e-09  -1.837079e-07   3.377721e-11
                                               -7.114805e-02   0.000000e+00   0.000000e+00   0.000000e+00   6.247956e-03   3.956005e-03   1.155690e-08

              2
             18
          pos_x          pos_y          pos_z       normal_x       normal_y       normal_z        tangt_x        tangt_y        tangt_z          pentr
   2.000000e-02   3.224092e-03   3.316942e-03   2.329117e-03   0.000000e+00   0.000000e+00  -0.000000e+00   6.765488e-04   1.209366e-04   8.222936e-09
   2.000000e-02   6.874926e-03   2.099704e-03   2.263854e-05   0.000000e+00   0.000000e+00   0.000000e+00   8.710007e-06  -7.229225e-06   4.277594e-10
   2.000000e-02   1.895563e-03   6.410593e-03   9.838521e-04   0.000000e+00   0.000000e+00  -0.000000e+00   1.410949e-04   1.832521e-04   4.504957e-09
   2.000000e-02   8.682831e-03   6.018279e-03   4.321201e-03   0.000000e+00   0.000000e+00  -0.000000e+00  -3.912673e-04   5.013932e-04   1.417454e-08
   2.000000e-02   1.112820e-03   9.418023e-03   3.870943e-04   0.000000e+00   0.000000e+00  -0.000000e+00  -1.084512e-04  -1.125495e-04   3.257808e-09
   2.000000e-02   6.709963e-03   1.057641e-02   1.010802e-04   0.000000e+00   0.000000e+00  -0.000000e+00   1.344982e-05   3.547239e-05   9.647937e-10
   2.000000e-02   1.896199e-02   1.180373e-03   1.434240e-05   0.000000e+00   0.000000e+00  -0.000000e+00  -1.510934e-06  -3.599899e-06   4.190499e-10
   2.000000e-02   1.900194e-02   4.588872e-03   4.056286e-04   0.000000e+00   0.000000e+00  -0.000000e+00   1.036428e-04  -4.084175e-05   3.137483e-09
   2.000000e-02   1.854151e-02   9.489739e-03   1.773802e-03   0.000000e+00   0.000000e+00  -0.000000e+00  -1.349665e-04  -5.340934e-04   7.358285e-09
   2.000000e-02   1.789963e-02   3.064037e-03   5.654358e-03   0.000000e+00   0.000000e+00  -0.000000e+00  -2.360377e-04   1.191470e-03   1.911657e-08
   2.000000e-02   1.489220e-02   8.594613e-04   7.017888e-06   0.000000e+00   0.000000e+00  -0.000000e+00  -3.289301e-06  -7.772846e-07   2.467724e-10
   2.000000e-02   1.272172e-02   1.243246e-02   1.737467e-05   0.000000e+00   0.000000e+00   0.000000e+00  -2.833478e-06  -8.212259e-06   4.130828e-10
   2.000000e-02   1.284880e-02   3.553602e-03   2.406465e-03   0.000000e+00   0.000000e+00  -0.000000e+00  -6.163977e-04  -2.754255e-04   9.437468e-09
   2.000000e-02   1.223348e-02   6.610547e-04   1.923532e-05   0.000000e+00   0.000000e+00  -0.000000e+00   4.465473e-06   7.626159e-06   5.643954e-10
   2.000000e-02   1.361165e-02   8.220414e-03   7.073379e-03   0.000000e+00   0.000000e+00  -0.000000e+00  -1.455752e-04   2.404551e-03   2.007081e-08
   2.000000e-02   1.299889e-02   1.645339e-02   9.471790e-06   0.000000e+00   0.000000e+00   0.000000e+00  -2.088456e-06  -4.250536e-06   2.333634e-10
   2.000000e-02   9.665099e-03   1.071336e-02   8.489686e-05   0.000000e+00   0.000000e+00  -0.000000e+00  -3.329950e-07  -3.346262e-06   1.113364e-09
   2.000000e-02   1.025795e-02   7.293574e-03   9.064306e-07   0.000000e+00   0.000000e+00   0.000000e+00  -1.583476e-07  -4.246530e-07   5.635128e-11
                                                2.561186e-02   0.000000e+00   0.000000e+00   0.000000e+00  -6.949973e-04   3.453951e-03   5.206655e-09

              3
             22
          pos_x          pos_y          pos_z       normal_x       normal_y       normal_z        tangt_x        tangt_y        tangt_z          pentr
   6.183802e-03  -0.000000e+00   9.882639e-04   0.000000e+00  -4.147831e-03   0.000000e+00   1.223976e-03  -0.000000e+00  -1.084991e-03   1.706512e-08
   7.458908e-03  -0.000000e+00   2.508771e-03   0.000000e+00  -1.929004e-04   0.000000e+00  -8.450205e-05  -0.000000e+00  -3.046728e-05   1.792298e-09
   3.894285e-03  -0.000000e+00   1.933671e-03   0.000000e+00  -1.316047e-03   0.000000e+00   4.353962e-04  -0.000000e+00  -1.289054e-04   7.049676e-09
   2.128105e-03  -0.000000e+00   3.461209e-03   0.000000e+00  -1.201731e-02   0.000000e+00  -3.026950e-03  -0.000000e+00   5.027235e-03   3.087975e-08
   1.675761e-03  -0.000000e+00   6.307580e-03   0.000000e+00  -9.818766e-03   0.000000e+00   2.276180e-03  -0.000000e+00   2.222626e-03   2.702248e-08
   5.621097e-03  -0.000000e+00   7.834948e-03   0.000000e+00  -4.237157e-06   0.000000e+00   9.246089e-07   0.000000e+00  -1.906167e-06   1.863275e-10
   3.150823e-03  -0.000000e+00   1.036255e-02   0.000000e+00  -3.235290e-05   0.000000e+00  -5.269174e-07  -0.000000e+00  -3.232279e-06   6.551755e-10
   9.705686e-03  -0.000000e+00   1.377089e-03   0.000000e+00  -4.141951e-04   0.000000e+00  -1.819817e-04  -0.000000e+00  -3.003918e-05   3.518758e-09
   7.655699e-03  -0.000000e+00   8.413448e-03   0.000000e+00  -5.289006e-06   0.000000e+00   5.595214e-09  -0.000000e+00  -3.621737e-07   1.768827e-10
   8.116561e-03  -0.000000e+00   1.223997e-02   0.000000e+00  -2.476798e-03   0.000000e+00   4.432719e-04  -0.000000e+00  -2.195851e-04   1.010719e-08
   6.628069e-03  -0.000000e+00   1.505189e-02   0.000000e+00  -9.650720e-05   0.000000e+00   6.431776e-07  -0.000000e+00  -3.870687e-05   1.009583e-09
   1.190661e-03  -0.000000e+00   1.466376e-02   0.000000e+00  -1.194300e-05   0.000000e+00  -5.089194e-07   0.000000e+00  -5.949775e-06   2.763470e-10
   4.016588e-03  -0.000000e+00   1.671786e-02   0.000000e+00  -1.557787e-06   0.000000e+00   2.238904e-08   0.000000e+00  -7.785716e-07   8.434845e-11
   1.736304e-02  -0.000000e+00   4.644900e-03   0.000000e+00  -2.444141e-03   0.000000e+00   2.949706e-04  -0.000000e+00   5.165277e-04   9.659927e-09
   1.861543e-02  -0.000000e+00   9.441264e-03   0.000000e+00  -1.256854e-04   0.000000e+00   4.137003e-05  -0.000000e+00  -4.197946e-05   1.296308e-09
   1.511673e-02  -0.000000e+00   2.860841e-03   0.000000e+00  -6.568215e-04   0.000000e+00  -2.190174e-04  -0.000000e+00   2.208444e-04   4.053212e-09
   1.539767e-02  -0.000000e+00   9.755151e-04   0.000000e+00  -2.866332e-05   0.000000e+00   4.430309e-06  -0.000000e+00   7.829321e-06   7.041423e-10
   1.277915e-02  -0.000000e+00   1.469293e-03   0.000000e+00  -2.514606e-03   0.000000e+00   2.652987e-04  -0.000000e+00   3.522928e-04   1.143623e-08
   1.300353e-02  -0.000000e+00   4.997116e-03   0.000000e+00  -6.464844e-04   0.000000e+00  -5.162462e-05  -0.000000e+00   1.929716e-04   4.474895e-09
   1.090375e-02  -0.000000e+00   6.261729e-03   0.000000e+00  -1.655652e-03   0.000000e+00   1.051021e-04  -0.000000e+00   3.724043e-04   8.446494e-09
   1.707473e-02  -0.000000e+00   9.278773e-03   0.000000e+00  -3.456616e-05   0.000000e+00  -3.538866e-06  -0.000000e+00   1.104496e-05   7.608118e-10
   1.268220e-02  -0.000000e+00   8.423558e-03   0.000000e+00  -6.677152e-06   0.000000e+00   1.936306e-07   0.000000e+00  -3.332956e-06   2.544606e-10
                                                0.000000e+00  -3.864904e-02   0.000000e+00   1.523135e-03   0.000000e+00   7.333539e-03   6.405019e-09

              4
             19
          pos_x          pos_y          pos_z       normal_x       normal_y       normal_z        tangt_x        tangt_y        tangt_z          pentr
   1.660651e-03   2.000000e-02   2.472785e-03   0.000000e+00   2.858779e-03   0.000000e+00   1.085150e-04  -0.000000e+00   3.189832e-04   1.065191e-08
   6.535404e-03   2.000000e-02   6.132467e-03   0.000000e+00   5.542159e-04   0.000000e+00   2.079456e-04  -0.000000e+00  -1.669797e-05   3.851643e-09
   3.895110e-03   2.000000e-02   4.055250e-03   0.000000e+00   1.243029e-03   0.000000e+00  -4.365811e-04  -0.000000e+00  -8.906902e-05   5.823891e-09
   9.687263e-03   2.000000e-02   7.180947e-03   0.000000e+00   1.177918e-03   0.000000e+00   3.417196e-04  -0.000000e+00   3.660073e-04   6.521008e-09
   7.971904e-03   2.000000e-02   9.243869e-03   0.000000e+00   1.149705e-04   0.000000e+00  -3.362754e-06  -0.000000e+00  -5.283932e-05   1.190856e-09
   9.672856e-03   2.000000e-02   1.298874e-03   0.000000e+00   1.137589e-04   0.000000e+00   1.579367e-05  -0.000000e+00  -8.323336e-06   1.510892e-09
   2.570816e-03   2.000000e-02   1.560573e-02   0.000000e+00   1.519830e-03   0.000000e+00  -3.152931e-04  -0.000000e+00   6.653011e-04   6.839510e-09
   7.842481e-03   2.000000e-02   6.610833e-03   0.000000e+00   4.387459e-06   0.000000e+00  -2.186888e-06   0.000000e+00  -1.731174e-07   1.745503e-10
   1.657215e-02   2.000000e-02   8.507965e-03   0.000000e+00   8.334605e-04   0.000000e+00   2.548503e-04  -0.000000e+00   2.990935e-04   5.511599e-09
   1.640213e-02   2.000000e-02   4.009070e-03   0.000000e+00   4.824762e-03   0.000000e+00   1.248994e-03  -0.000000e+00   6.626695e-04   1.965975e-08
   1.792385e-02   2.000000e-02   1.041466e-02   0.000000e+00   2.147149e-03   0.000000e+00   4.389027e-04  -0.000000e+00   6.126636e-04   1.191258e-08
   1.775415e-02   2.000000e-02   2.697676e-03   0.000000e+00   1.509577e-03   0.000000e+00   7.528416e-05  -0.000000e+00  -2.101420e-04   7.707310e-09
   1.543225e-02   2.000000e-02   9.600518e-04   0.000000e+00   1.347456e-05   0.000000e+00  -1.567382e-06  -0.000000e+00   1.619506e-06   3.480708e-10
   1.375754e-02   2.000000e-02   1.880402e-03   0.000000e+00   7.381951e-05   0.000000e+00   2.815789e-06  -0.000000e+00   2.994343e-06   9.836017e-10
   1.929394e-02   2.000000e-02   1.129152e-02   0.000000e+00   1.028828e-04   0.000000e+00   8.382123e-06  -0.000000e+00   4.105531e-05   1.739918e-09
   1.168059e-02   2.000000e-02   2.109162e-03   0.000000e+00   1.283077e-02   0.000000e+00  -1.038987e-03  -0.000000e+00  -7.186814e-05   2.766682e-08
   1.615547e-02   2.000000e-02   6.059372e-03   0.000000e+00   3.417767e-03   0.000000e+00   1.009901e-04  -0.000000e+00  -1.809049e-04   1.761353e-08
   1.403262e-02   2.000000e-02   7.354654e-03   0.000000e+00   2.929265e-05   0.000000e+00  -3.386107e-06  -0.000000e+00  -8.144689e-06   7.220678e-10
   1.135359e-02   2.000000e-02   8.935848e-03   0.000000e+00   3.172677e-04   0.000000e+00   8.707418e-05   0.000000e+00   1.326001e-04   2.535848e-09
                                                0.000000e+00   3.368711e-02   0.000000e+00   1.089903e-03   0.000000e+00   2.464825e-03   6.998177e-09

              5
             57
          pos_x          pos_y          pos_z       normal_x       normal_y       normal_z        tangt_x        tangt_y        tangt_z          pentr
   2.179210e-03   1.558522e-03  -0.000000e+00   0.000000e+00   0.000000e+00  -3.807858e-02   2.704099e-03  -4.247977e-03  -0.000000e+00   5.721411e-08
   6.360646e-03   1.430063e-03  -0.000000e+00   0.000000e+00   0.000000e+00  -8.019705e-03   3.890169e-03  -3.764885e-04  -0.000000e+00   2.039812e-08
   4.694445e-03   5.493883e-03  -0.000000e+00   0.000000e+00   0.000000e+00  -1.659600e-04   1.096951e-05   1.069909e-05  -0.000000e+00   2.081351e-09
   1.279490e-03   3.452216e-03  -0.000000e+00   0.000000e+00   0.000000e+00  -8.119849e-04   2.295633e-04  -8.146774e-05  -0.000000e+00   5.768010e-09
   6.065476e-03   8.910029e-03  -0.000000e+00   0.000000e+00   0.000000e+00  -6.226789e-05  -7.435196e-06   2.672527e-05  -0.000000e+00   1.143803e-09
   1.189248e-03   9.740376e-03  -0.000000e+00   0.000000e+00   0.000000e+00  -1.075927e-03  -2.031877e-04  -3.071549e-04  -0.000000e+00   5.837603e-09
   7.933840e-04   5.702076e-03  -0.000000e+00   0.000000e+00   0.000000e+00  -5.185209e-05  -1.934798e-06   3.313643e-06  -0.000000e+00   8.001637e-10
   2.364927e-03   6.812887e-03  -0.000000e+00   0.000000e+00   0.000000e+00  -5.220546e-05   5.643643e-07   1.099488e-06  -0.000000e+00   8.002679e-10
   3.923209e-03   9.293709e-03  -0.000000e+00   0.000000e+00   0.000000e+00  -3.963021e-04  -5.368099e-05   2.381909e-05  -0.000000e+00   2.635944e-09
   4.206823e-03   1.335204e-03  -0.000000e+00   0.000000e+00   0.000000e+00  -4.122084e-04   6.411584e-05   1.877572e-04  -0.000000e+00   3.178173e-09
   4.655586e-03   6.759913e-03  -0.000000e+00   0.000000e+00   0.000000e+00  -5.164372e-05   2.793044e-06   3.343320e-06  -0.000000e+00   1.001182e-09
   5.128484e-03   3.543353e-03  -0.000000e+00   0.000000e+00   0.000000e+00  -1.202978e-02   2.321338e-03   4.351179e-03  -0.000000e+00   3.158267e-08
   6.283686e-03   6.687882e-03  -0.000000e+00   0.000000e+00   0.000000e+00  -1.233369e-04  -1.953348e-05   1.716826e-05  -0.000000e+00   1.519501e-09
   8.471501e-03   5.214445e-03  -0.000000e+00   0.000000e+00   0.000000e+00  -5.564002e-04   2.621136e-05  -2.673008e-04  -0.000000e+00   3.680294e-09
   8.312795e-03   8.071675e-03  -0.000000e+00   0.000000e+00   0.000000e+00  -3.760510e-03   1.777970e-05  -8.731946e-05  -0.000000e+00   1.238291e-08
   9.435278e-03   2.211651e-03  -0.000000e+00   0.000000e+00   0.000000e+00  -5.519397e-03   1.737873e-03  -9.429665e-04  -0.000000e+00   1.431312e-08
   1.039445e-03   1.843377e-02  -0.000000e+00   0.000000e+00   0.000000e+00  -1.520038e-03  -4.203928e-04   1.377705e-04  -0.000000e+00   6.930965e-09
   4.012031e-03   1.872974e-02  -0.000000e+00   0.000000e+00   0.000000e+00  -3.218059e-03   9.317554e-04   8.544250e-04  -0.000000e+00   1.192525e-08
   2.343154e-03   1.685515e-02  -0.000000e+00   0.000000e+00   0.000000e+00  -1.075934e-04  -3.858372e-05  -1.879019e-05  -0.000000e+00   1.492040e-09
   6.311617e-03   1.819004e-02  -0.000000e+00   0.000000e+00   0.000000e+00  -1.604362e-03  -5.549656e-04   1.442760e-04  -0.000000e+00   7.907377e-09
   1.049252e-03   1.580556e-02  -0.000000e+00   0.000000e+00   0.000000e+00  -1.520426e-03  -3.630932e-04   6.608437e-04  -0.000000e+00   9.489853e-09
   6.800132e-03   1.511933e-02  -0.000000e+00   0.000000e+00   0.000000e+00  -1.052329e-03  -9.746827e-05   9.310832e-05  -0.000000e+00   5.955340e-09
   3.263185e-03   1.271886e-02  -0.000000e+00   0.000000e+00   0.000000e+00  -9.705942e-04  -1.660906e-04  -1.098087e-04  -0.000000e+00   5.639604e-09
   5.029292e-03   1.619026e-02  -0.000000e+00   0.000000e+00   0.000000e+00  -3.118674e-04   3.484969e-05  -1.723703e-05  -0.000000e+00   2.309189e-09
   2.471990e-03   1.445406e-02  -0.000000e+00   0.000000e+00   0.000000e+00  -4.094872e-04  -3.384586e-05   8.135134e-05  -0.000000e+00   3.124065e-09
   9.667163e-03   1.897445e-02  -0.000000e+00   0.000000e+00   0.000000e+00  -3.922305e-04   1.557565e-04  -3.171682e-06  -0.000000e+00   4.061132e-09
   4.918142e-03   1.167317e-02  -0.000000e+00   0.000000e+00   0.000000e+00  -4.542255e-03  -1.384248e-03  -9.119147e-04  -0.000000e+00   1.883534e-08
   8.819834e-03   1.375456e-02  -0.000000e+00   0.000000e+00   0.000000e+00  -3.452469e-03   6.068037e-06   8.298329e-04  -0.000000e+00   1.176803e-08
   9.879201e-04   1.251386e-02  -0.000000e+00   0.000000e+00   0.000000e+00  -5.225653e-05  -3.954311e-08   1.927944e-06  -0.000000e+00   8.016547e-10
   9.853397e-03   1.588964e-02  -0.000000e+00   0.000000e+00   0.000000e+00  -3.102012e-04   5.763165e-05  -4.547787e-05  -0.000000e+00   2.632785e-09
   1.798339e-02   5.653203e-03  -0.000000e+00   0.000000e+00   0.000000e+00  -1.567411e-03  -2.066473e-05  -5.170209e-04  -0.000000e+00   7.491040e-09
   1.608359e-02   8.101481e-03  -0.000000e+00   0.000000e+00   0.000000e+00  -3.113505e-03   6.876170e-04   1.128574e-03  -0.000000e+00   1.246541e-08
   1.704226e-02   1.927284e-03  -0.000000e+00   0.000000e+00   0.000000e+00  -3.190907e-03   2.093693e-04   5.435598e-04  -0.000000e+00   1.188020e-08
   1.252167e-02   4.980776e-03  -0.000000e+00   0.000000e+00   0.000000e+00  -5.496881e-04  -7.354115e-05  -2.006244e-04  -0.000000e+00   4.397942e-09
   1.543810e-02   4.874809e-03  -0.000000e+00   0.000000e+00   0.000000e+00  -2.600044e-04   4.282766e-05  -5.345505e-05  -0.000000e+00   2.692196e-09
   1.833651e-02   3.756492e-03  -0.000000e+00   0.000000e+00   0.000000e+00  -8.615009e-04  -8.486840e-05   9.100542e-05  -0.000000e+00   5.184699e-09
   1.520451e-02   1.249890e-03  -0.000000e+00   0.000000e+00   0.000000e+00  -6.004510e-05  -4.438697e-06   2.866203e-05  -0.000000e+00   9.724309e-10
   1.429371e-02   3.060549e-03  -0.000000e+00   0.000000e+00   0.000000e+00  -6.253222e-04   4.435664e-06  -1.457078e-04  -0.000000e+00   5.112040e-09
   1.247819e-02   1.712367e-03  -0.000000e+00   0.000000e+00   0.000000e+00  -2.427502e-03   7.973381e-04   6.032817e-04  -0.000000e+00   1.036429e-08
   1.434393e-02   6.920917e-03  -0.000000e+00   0.000000e+00   0.000000e+00  -3.875681e-04   1.569741e-04   4.338826e-06  -0.000000e+00   3.077440e-09
   1.892054e-02   9.333884e-03  -0.000000e+00   0.000000e+00   0.000000e+00  -6.129726e-03   2.485848e-04  -3.389281e-04  -0.000000e+00   1.704754e-08
   1.091590e-02   6.498087e-03  -0.000000e+00   0.000000e+00   0.000000e+00  -1.666673e-04   1.819960e-05  -2.369933e-05  -0.000000e+00   1.546107e-09
   1.129894e-02   8.321561e-03  -0.000000e+00   0.000000e+00   0.000000e+00  -5.081542e-05  -5.881880e-07  -6.870483e-06  -0.000000e+00   9.504025e-10
   1.820495e-02   1.720811e-02  -0.000000e+00   0.000000e+00   0.000000e+00  -4.039771e-03   2.548821e-04  -4.378322e-04  -0.000000e+00   1.821960e-08
   1.878100e-02   1.908591e-02  -0.000000e+00   0.000000e+00   0.000000e+00  -4.958157e-05  -1.325056e-05   3.084198e-06  -0.000000e+00   9.353494e-10
   1.681469e-02   1.500000e-02  -0.000000e+00   0.000000e+00   0.000000e+00  -1.555021e-02  -6.231734e-04   1.539880e-03  -0.000000e+00   3.473273e-08
   1.490348e-02   1.690897e-02  -0.000000e+00   0.000000e+00   0.000000e+00  -4.552311e-04  -3.478500e-05   2.371980e-05  -0.000000e+00   3.350976e-09
   1.910359e-02   1.496740e-02  -0.000000e+00   0.000000e+00   0.000000e+00  -4.929925e-05  -8.537301e-06   9.748208e-06  -0.000000e+00   8.711649e-10
   1.575792e-02   1.918757e-02  -0.000000e+00   0.000000e+00   0.000000e+00  -5.858851e-05   5.837167e-06  -1.382128e-05  -0.000000e+00   1.068267e-09
   1.395335e-02   1.859702e-02  -0.000000e+00   0.000000e+00   0.000000e+00  -1.592203e-04   2.766899e-05  -5.424498e-05  -0.000000e+00   2.004133e-09
   1.780209e-02   1.286328e-02  -0.000000e+00   0.000000e+00   0.000000e+00  -5.040231e-05   8.080736e-06   4.352677e-07  -0.000000e+00   9.566155e-10
   1.896133e-02   1.201524e-02  -0.000000e+00   0.000000e+00   0.000000e+00  -5.972538e-05  -1.895421e-05  -6.160047e-06  -0.000000e+00   8.793528e-10
   1.167106e-02   1.674190e-02  -0.000000e+00   0.000000e+00   0.000000e+00  -7.936418e-03  -2.139652e-03  -2.767336e-03  -0.000000e+00   2.234119e-08
   1.393700e-02   1.272248e-02  -0.000000e+00   0.000000e+00   0.000000e+00  -4.459025e-03   8.521419e-05   1.988975e-03  -0.000000e+00   1.601664e-08
   1.143476e-02   1.426273e-02  -0.000000e+00   0.000000e+00   0.000000e+00  -3.198470e-03   2.170594e-04  -3.780067e-04  -0.000000e+00   1.393796e-08
   1.484255e-02   1.440779e-02  -0.000000e+00   0.000000e+00   0.000000e+00  -5.204262e-05   2.627579e-06  -4.908078e-07  -0.000000e+00   7.996858e-10
   1.122440e-02   1.089925e-02  -0.000000e+00   0.000000e+00   0.000000e+00  -3.901014e-03   1.155460e-03   5.608384e-04  -0.000000e+00   1.092406e-08
                                                0.000000e+00   0.000000e+00  -1.500419e-01   9.746761e-03   1.593471e-03   0.000000e+00   8.200514e-09

