              5

              1
             42
          pos_x          pos_y          pos_z       normal_x       normal_y       normal_z        tangt_x        tangt_y        tangt_z          pentr
  -0.000000e+00   3.390306e-03   1.089743e-03  -9.848414e-05   0.000000e+00   0.000000e+00  -0.000000e+00  -4.368157e-05  -1.394340e-05   1.578349e-09
  -0.000000e+00   8.972210e-03   1.335622e-03  -2.977717e-03   0.000000e+00   0.000000e+00  -0.000000e+00  -6.840716e-04   8.777772e-06   1.034782e-08
  -0.000000e+00   9.886386e-04   2.001403e-03  -2.929030e-04   0.000000e+00   0.000000e+00  -0.000000e+00  -2.238870e-05   7.316913e-05   2.533588e-09
  -0.000000e+00   4.148862e-03   1.888894e-03  -1.068904e-04   0.000000e+00   0.000000e+00  -0.000000e+00  -3.005104e-05  -4.229051e-05   1.397919e-09
  -0.000000e+00   5.461215e-03   5.741976e-04  -1.217220e-04   0.000000e+00   0.000000e+00  -0.000000e+00   1.292489e-05   1.421973e-05   1.789601e-09
  -0.000000e+00   5.958912e-03   2.684994e-03  -6.042435e-05   0.000000e+00   0.000000e+00  -0.000000e+00  -3.868949e-08  -2.890932e-05   9.278769e-10
  -0.000000e+00   2.729681e-03   4.724980e-03  -1.128711e-03   0.000000e+00   0.000000e+00  -0.000000e+00   1.432072e-04   1.020487e-04   6.431304e-09
  -0.000000e+00   8.789271e-03   5.170939e-03  -3.444862e-03   0.000000e+00   0.000000e+00  -0.000000e+00  -8.791510e-04   4.815590e-04   1.047888e-08
  -0.000000e+00   1.304656e-03   6.232625e-03  -1.300533e-03   0.000000e+00   0.000000e+00  -0.000000e+00  -1.802451e-04  -1.150479e-04   8.152222e-09
  -0.000000e+00   5.528686e-03   4.971587e-03  -2.102091e-04   0.000000e+00   0.000000e+00  -0.000000e+00   1.562700e-05  -3.900957e-05   1.844209e-09
  -0.000000e+00   1.112273e-03   8.997435e-03  -1.130766e-04   0.000000e+00   0.000000e+00  -0.000000e+00   7.350276e-06   4.156271e-05   1.474406e-09
  -0.000000e+00   9.141424e-04   4.272266e-03  -1.791477e-03   0.000000e+00   0.000000e+00  -0.000000e+00   4.132520e-04   5.633400e-04   9.533507e-09
  -0.000000e+00   3.843182e-03   6.607997e-03  -9.213767e-03   0.000000e+00   0.000000e+00  -0.000000e+00   1.283750e-03   1.094435e-03   3.455554e-08
  -0.000000e+00   7.010227e-03   6.723084e-03  -5.763499e-05   0.000000e+00   0.000000e+00  -0.000000e+00  -2.622407e-05   9.612024e-07   9.191325e-10
  -0.000000e+00   6.707197e-03   1.031247e-02  -1.134814e-03   0.000000e+00   0.000000e+00  -0.000000e+00  -7.374912e-05  -4.049269e-04   6.167379e-09
  -0.000000e+00   8.447288e-03   8.481240e-03  -6.061619e-05   0.000000e+00   0.000000e+00  -0.000000e+00   7.231691e-06   1.544942e-05   9.135193e-10
  -0.000000e+00   2.295598e-03   1.064222e-02  -3.955882e-05   0.000000e+00   0.000000e+00  -0.000000e+00  -2.773635e-06   6.346399e-06   7.449174e-10
  -0.000000e+00   1.127872e-03   1.224962e-02  -9.094242e-05   0.000000e+00   0.000000e+00  -0.000000e+00  -1.263084e-05   2.130797e-05   1.486701e-09
  -0.000000e+00   6.536928e-03   1.285738e-02  -3.171363e-04   0.000000e+00   0.000000e+00  -0.000000e+00   1.426784e-05   2.482699e-05   3.124717e-09
  -0.000000e+00   5.973579e-03   1.487591e-02  -1.006191e-03   0.000000e+00   0.000000e+00  -0.000000e+00  -1.088482e-04  -2.030346e-05   4.819506e-09
  -0.000000e+00   1.610937e-03   1.481023e-02  -8.847792e-05   0.000000e+00   0.000000e+00   0.000000e+00   3.411613e-05  -2.816337e-05   1.270142e-09
  -0.000000e+00   1.797472e-02   8.440867e-04  -1.227263e-03   0.000000e+00   0.000000e+00  -0.000000e+00  -3.260317e-05  -1.725788e-04   7.110703e-09
  -0.000000e+00   1.433705e-02   4.757710e-03  -2.213249e-05   0.000000e+00   0.000000e+00  -0.000000e+00  -3.112786e-06   1.018348e-05   5.870500e-10
  -0.000000e+00   1.829690e-02   7.068257e-03  -1.461122e-04   0.000000e+00   0.000000e+00  -0.000000e+00  -2.033108e-05   6.408609e-05   1.792765e-09
  -0.000000e+00   1.651548e-02   1.219271e-02  -2.285928e-03   0.000000e+00   0.000000e+00  -0.000000e+00  -4.700485e-04   8.823451e-04   1.011586e-08
  -0.000000e+00   1.548378e-02   1.141637e-03  -1.313198e-05   0.000000e+00   0.000000e+00  -0.000000e+00  -4.200101e-06  -1.116615e-08   3.709507e-10
  -0.000000e+00   1.393083e-02   2.762668e-03  -4.390253e-03   0.000000e+00   0.000000e+00  -0.000000e+00  -5.703538e-06   5.086563e-04   1.394251e-08
  -0.000000e+00   1.514658e-02   7.326244e-03  -6.089757e-04   0.000000e+00   0.000000e+00  -0.000000e+00   4.118180e-05  -2.505342e-05   4.132758e-09
  -0.000000e+00   1.146928e-02   1.630587e-03  -1.565733e-05   0.000000e+00   0.000000e+00  -0.000000e+00  -3.216069e-06  -1.725074e-06   4.585814e-10
  -0.000000e+00   1.604175e-02   4.434601e-03  -3.141765e-04   0.000000e+00   0.000000e+00  -0.000000e+00   4.803736e-06  -1.072436e-05   3.316030e-09
  -0.000000e+00   1.615145e-02   8.433742e-03  -4.072437e-03   0.000000e+00   0.000000e+00  -0.000000e+00  -9.938905e-04  -1.335734e-03   1.462508e-08
  -0.000000e+00   1.603091e-02   5.658543e-03  -2.100467e-03   0.000000e+00   0.000000e+00  -0.000000e+00   1.642995e-04  -1.291390e-04   1.137283e-08
  -0.000000e+00   1.154550e-02   7.540836e-03  -1.026186e-03   0.000000e+00   0.000000e+00  -0.000000e+00  -3.829357e-04   1.075692e-04   6.545121e-09
  -0.000000e+00   1.844791e-02   1.191323e-02  -1.265251e-04   0.000000e+00   0.000000e+00   0.000000e+00   6.139781e-05  -1.524656e-05   1.558700e-09
  -0.000000e+00   1.372549e-02   6.251515e-03  -4.624629e-04   0.000000e+00   0.000000e+00  -0.000000e+00   2.886763e-05   4.818386e-05   3.699320e-09
  -0.000000e+00   1.384101e-02   9.182177e-03  -3.883746e-03   0.000000e+00   0.000000e+00  -0.000000e+00  -3.801571e-05  -1.338870e-03   1.408214e-08
  -0.000000e+00   1.461131e-02   1.481283e-02  -6.676680e-05   0.000000e+00   0.000000e+00  -0.000000e+00   5.922063e-06  -1.255070e-05   9.033230e-10
  -0.000000e+00   1.011014e-02   8.174472e-03  -5.714081e-04   0.000000e+00   0.000000e+00  -0.000000e+00  -1.934766e-04  -4.160926e-06   4.938891e-09
  -0.000000e+00   1.907183e-02   9.381704e-03  -4.353919e-03   0.000000e+00   0.000000e+00  -0.000000e+00   6.894044e-04   3.572952e-04   1.585797e-08
  -0.000000e+00   1.181405e-02   1.274416e-02  -8.326277e-05   0.000000e+00   0.000000e+00  -0.000000e+00  -2.027198e-05   3.395672e-05   9.945164e-10
  -0.000000e+00   1.057839e-02   1.466279e-02  -1.092924e-04   0.000000e+00   0.000000e+00  -0.000000e+00  -1.306537e-05   1.867127e-05   1.399675e-09
  -0.000000e+00   1.182747e-02   1.692758e-02  -7.621048e-05   0.000000e+00   0.000000e+00  -0.000000e+00   1.226117e-05  -4.195759e-06   1.253730e-09
                                               -4.961246e-02   0.000000e+00   0.000000e+00   0.000000e+00  -1.304859e-03   7.363670e-04   5.465470e-09

              2
             24
          pos_x          pos_y          pos_z       normal_x       normal_y       normal_z        tangt_x        tangt_y        tangt_z          pentr
   2.000000e-02   3.222998e-03   3.315101e-03   2.079653e-03   0.000000e+00   0.000000e+00  -0.000000e+00  -2.680226e-04   5.823962e-04   7.622659e-09
   2.000000e-02   1.786445e-03   6.345254e-03   1.859112e-03   0.000000e+00   0.000000e+00  -0.000000e+00   4.226352e-04   1.569171e-04   6.905484e-09
   2.000000e-02   5.555313e-03   5.159366e-03   3.197933e-04   0.000000e+00   0.000000e+00  -0.000000e+00   1.865976e-05  -1.073595e-04   2.650180e-09
   2.000000e-02   8.663747e-03   6.009019e-03   4.189830e-03   0.000000e+00   0.000000e+00  -0.000000e+00  -1.158243e-03   4.919959e-04   1.386598e-08
   2.000000e-02   8.864332e-03   2.765415e-03   5.106883e-05   0.000000e+00   0.000000e+00  -0.000000e+00   1.725016e-05  -1.392650e-06   9.596566e-10
   2.000000e-02   9.023128e-03   1.561461e-02   2.529463e-03   0.000000e+00   0.000000e+00  -0.000000e+00  -5.946921e-04   6.690571e-04   1.051136e-08
   2.000000e-02   4.830031e-03   1.251387e-02   8.392717e-05   0.000000e+00   0.000000e+00  -0.000000e+00  -2.223471e-05   2.024756e-05   1.330260e-09
   2.000000e-02   6.666133e-03   1.058980e-02   1.855623e-03   0.000000e+00   0.000000e+00  -0.000000e+00  -5.866243e-04   6.572285e-04   6.704491e-09
   2.000000e-02   3.388651e-03   1.085531e-02   2.033223e-04   0.000000e+00   0.000000e+00  -0.000000e+00  -6.808645e-06  -4.142019e-05   2.015989e-09
   2.000000e-02   7.555104e-03   1.749159e-02   3.356022e-04   0.000000e+00   0.000000e+00  -0.000000e+00   2.996847e-05   8.400034e-06   3.250310e-09
   2.000000e-02   1.865369e-02   1.140549e-03   1.094361e-05   0.000000e+00   0.000000e+00  -0.000000e+00  -5.438996e-07  -3.688967e-06   3.584327e-10
   2.000000e-02   1.635377e-02   4.831597e-03   1.608248e-03   0.000000e+00   0.000000e+00  -0.000000e+00  -6.024564e-04  -4.636786e-04   7.892615e-09
   2.000000e-02   1.531107e-02   3.065847e-03   2.784924e-03   0.000000e+00   0.000000e+00  -0.000000e+00   7.007550e-04   7.021857e-04   1.007588e-08
   2.000000e-02   1.900228e-02   4.585010e-03   1.212764e-03   0.000000e+00   0.000000e+00  -0.000000e+00   5.044645e-04   1.517809e-04   6.511401e-09
   2.000000e-02   1.861400e-02   9.412290e-03   8.898349e-03   0.000000e+00   0.000000e+00  -0.000000e+00  -7.246189e-05   1.041971e-03   2.164961e-08
   2.000000e-02   1.790044e-02   3.063271e-03   3.384811e-03   0.000000e+00   0.000000e+00  -0.000000e+00  -4.191972e-05  -1.420778e-03   1.357664e-08
   2.000000e-02   1.461520e-02   8.773588e-04   1.104053e-05   0.000000e+00   0.000000e+00  -0.000000e+00  -4.207563e-07  -1.971833e-06   3.290165e-10
   2.000000e-02   1.284693e-02   3.556591e-03   2.239162e-03   0.000000e+00   0.000000e+00  -0.000000e+00  -3.740441e-04  -7.822943e-05   8.993194e-09
   2.000000e-02   1.223834e-02   6.603937e-04   1.752865e-05   0.000000e+00   0.000000e+00  -0.000000e+00   3.925310e-06   6.582555e-06   5.307799e-10
   2.000000e-02   1.361567e-02   8.210211e-03   9.341639e-04   0.000000e+00   0.000000e+00  -0.000000e+00   4.734448e-05   1.884281e-04   5.204582e-09
   2.000000e-02   1.822976e-02   1.281605e-02   8.197402e-04   0.000000e+00   0.000000e+00  -0.000000e+00   4.876748e-05  -2.665805e-05   4.728411e-09
   2.000000e-02   9.691368e-03   1.070021e-02   5.867352e-04   0.000000e+00   0.000000e+00  -0.000000e+00   3.285353e-05   5.535469e-05   4.044595e-09
   2.000000e-02   1.091393e-02   1.530562e-02   1.091804e-05   0.000000e+00   0.000000e+00  -0.000000e+00   1.004988e-07  -1.588016e-06   3.255596e-10
   2.000000e-02   1.023459e-02   7.292481e-03   7.494395e-04   0.000000e+00   0.000000e+00  -0.000000e+00  -1.378987e-04   1.353160e-04   4.938014e-09
                                                3.677616e-02   0.000000e+00   0.000000e+00   0.000000e+00  -2.039646e-03   2.721096e-03   6.040629e-09

              3
             38
          pos_x          pos_y          pos_z       normal_x       normal_y       normal_z        tangt_x        tangt_y        tangt_z          pentr
   6.189482e-03  -0.000000e+00   9.887182e-04   0.000000e+00  -1.391822e-03   0.000000e+00   2.275153e-04  -0.000000e+00  -3.562413e-04   8.233136e-09
   6.095983e-04  -0.000000e+00   1.826554e-03   0.000000e+00  -3.481354e-05   0.000000e+00  -2.519013e-06  -0.000000e+00  -9.122607e-07   8.516494e-10
   3.904122e-03  -0.000000e+00   1.936396e-03   0.000000e+00  -2.305663e-05   0.000000e+00  -6.878357e-06  -0.000000e+00   7.993664e-06   4.766135e-10
   2.128883e-03  -0.000000e+00   3.459438e-03   0.000000e+00  -3.447381e-03   0.000000e+00  -5.324543e-04  -0.000000e+00   1.030558e-03   1.343613e-08
   1.679306e-03  -0.000000e+00   6.310389e-03   0.000000e+00  -1.909747e-03   0.000000e+00   6.879180e-05  -0.000000e+00   2.023338e-04   9.060594e-09
   2.400760e-03  -0.000000e+00   4.878802e-03   0.000000e+00  -7.223606e-05   0.000000e+00  -8.160098e-06  -0.000000e+00  -1.115607e-05   1.241619e-09
   8.821181e-04  -0.000000e+00   4.208764e-03   0.000000e+00  -8.381946e-04   0.000000e+00  -1.686832e-04  -0.000000e+00   2.986965e-04   5.887291e-09
   3.936714e-03  -0.000000e+00   6.365576e-03   0.000000e+00  -5.898982e-05   0.000000e+00   2.152780e-05  -0.000000e+00  -5.124608e-06   1.013324e-09
   8.081218e-03  -0.000000e+00   6.139026e-03   0.000000e+00  -1.399192e-04   0.000000e+00   2.949620e-05  -0.000000e+00  -4.581444e-05   1.467892e-09
   2.524435e-03  -0.000000e+00   1.242537e-02   0.000000e+00  -2.011651e-05   0.000000e+00  -7.369085e-06  -0.000000e+00   1.456216e-07   5.122610e-10
   1.397073e-03  -0.000000e+00   1.057059e-02   0.000000e+00  -1.063098e-04   0.000000e+00  -5.934617e-06  -0.000000e+00  -7.029022e-06   1.408558e-09
   3.673939e-03  -0.000000e+00   7.664826e-03   0.000000e+00  -5.650265e-04   0.000000e+00   2.079634e-04  -0.000000e+00  -1.449831e-04   4.162225e-09
   5.728822e-03  -0.000000e+00   6.170825e-03   0.000000e+00  -5.633028e-05   0.000000e+00  -3.184997e-06  -0.000000e+00   8.855607e-06   1.053489e-09
   5.632415e-03  -0.000000e+00   7.784614e-03   0.000000e+00  -2.648151e-04   0.000000e+00  -4.169342e-05  -0.000000e+00   2.577846e-05   2.946249e-09
   9.704147e-03  -0.000000e+00   1.377357e-03   0.000000e+00  -3.057369e-03   0.000000e+00   2.729825e-05  -0.000000e+00   2.039518e-04   1.333891e-08
   7.734198e-03  -0.000000e+00   8.337801e-03   0.000000e+00  -5.742957e-04   0.000000e+00  -1.972039e-04  -0.000000e+00  -2.698103e-05   4.088860e-09
   5.742455e-03  -0.000000e+00   1.068590e-02   0.000000e+00  -2.573283e-04   0.000000e+00   3.480983e-05  -0.000000e+00  -9.376128e-05   2.813604e-09
   8.303174e-03  -0.000000e+00   1.204831e-02   0.000000e+00  -5.446893e-04   0.000000e+00   2.154833e-04  -0.000000e+00   4.162288e-05   3.599508e-09
   6.475499e-03  -0.000000e+00   1.443857e-02   0.000000e+00  -3.954650e-04   0.000000e+00  -7.170520e-05  -0.000000e+00  -3.986126e-05   2.998284e-09
   1.735728e-03  -0.000000e+00   1.397534e-02   0.000000e+00  -5.622957e-04   0.000000e+00   1.606082e-04  -0.000000e+00   1.583977e-05   3.411101e-09
   4.078745e-03  -0.000000e+00   1.537649e-02   0.000000e+00  -2.189438e-05   0.000000e+00  -1.064428e-05   0.000000e+00  -2.557402e-06   4.904307e-10
   1.736264e-02  -0.000000e+00   4.645214e-03   0.000000e+00  -6.651758e-03   0.000000e+00   1.722019e-03  -0.000000e+00   5.628424e-04   1.882468e-08
   1.861937e-02  -0.000000e+00   9.380982e-03   0.000000e+00  -3.565131e-03   0.000000e+00   9.695875e-04  -0.000000e+00  -8.790879e-04   1.203979e-08
   1.511520e-02  -0.000000e+00   2.857594e-03   0.000000e+00  -6.125076e-04   0.000000e+00  -1.276853e-04  -0.000000e+00   1.581852e-04   3.868140e-09
   1.539765e-02  -0.000000e+00   9.755180e-04   0.000000e+00  -2.866317e-05   0.000000e+00   4.430669e-06  -0.000000e+00   7.829087e-06   7.041388e-10
   1.277938e-02  -0.000000e+00   1.469714e-03   0.000000e+00  -3.539219e-03   0.000000e+00   8.305826e-05  -0.000000e+00  -5.220294e-04   1.436026e-08
   1.748338e-02  -0.000000e+00   1.499640e-02   0.000000e+00  -2.029022e-03   0.000000e+00  -2.205251e-04  -0.000000e+00   3.280781e-04   8.581738e-09
   1.587091e-02  -0.000000e+00   1.253748e-02   0.000000e+00  -1.777282e-03   0.000000e+00  -7.132710e-04  -0.000000e+00   6.533279e-05   7.922986e-09
   1.300277e-02  -0.000000e+00   4.999213e-03   0.000000e+00  -4.444406e-03   0.000000e+00  -1.258179e-03  -0.000000e+00   8.023960e-04   1.617420e-08
   1.090453e-02  -0.000000e+00   6.252886e-03   0.000000e+00  -7.986646e-04   0.000000e+00  -1.713811e-05  -0.000000e+00  -3.534588e-04   5.208567e-09
   1.449276e-02  -0.000000e+00   8.982688e-03   0.000000e+00  -4.625294e-04   0.000000e+00   1.563929e-04  -0.000000e+00  -2.225423e-05   3.145698e-09
   1.044035e-02  -0.000000e+00   3.207803e-03   0.000000e+00  -1.031903e-03   0.000000e+00  -4.062082e-04  -0.000000e+00  -1.345360e-04   5.208959e-09
   1.308541e-02  -0.000000e+00   1.213552e-02   0.000000e+00  -1.191093e-03   0.000000e+00  -7.345857e-05  -0.000000e+00   3.321368e-04   7.914811e-09
   1.272095e-02  -0.000000e+00   8.253484e-03   0.000000e+00  -1.105357e-03   0.000000e+00  -4.294080e-04  -0.000000e+00  -2.919864e-04   7.680783e-09
   1.223072e-02  -0.000000e+00   6.596187e-03   0.000000e+00  -3.188623e-05   0.000000e+00   4.957342e-06  -0.000000e+00   1.461986e-05   5.922784e-10
   1.023607e-02  -0.000000e+00   1.038945e-02   0.000000e+00  -1.810345e-03   0.000000e+00   4.123616e-05  -0.000000e+00   4.534084e-04   8.867805e-09
   1.099241e-02  -0.000000e+00   1.516419e-02   0.000000e+00  -1.701692e-03   0.000000e+00   5.128179e-04  -0.000000e+00  -3.406019e-05   7.716597e-09
   1.461124e-02  -0.000000e+00   1.453130e-02   0.000000e+00  -6.640402e-06   0.000000e+00  -6.599826e-08  -0.000000e+00  -6.199917e-07   2.041600e-10
                                                0.000000e+00  -4.513020e-02   0.000000e+00   1.856244e-04   0.000000e+00   1.588149e-03   5.565982e-09

              4
             33
          pos_x          pos_y          pos_z       normal_x       normal_y       normal_z        tangt_x        tangt_y        tangt_z          pentr
   1.658001e-03   2.000000e-02   2.473625e-03   0.000000e+00   2.202079e-03   0.000000e+00  -6.672061e-04  -0.000000e+00  -6.441674e-04   8.946589e-09
   6.535275e-03   2.000000e-02   6.124208e-03   0.000000e+00   1.401168e-04   0.000000e+00  -4.024300e-05  -0.000000e+00  -3.396759e-05   1.540600e-09
   3.889487e-03   2.000000e-02   4.056892e-03   0.000000e+00   4.364285e-04   0.000000e+00  -1.971749e-04   0.000000e+00  -9.348549e-05   2.898835e-09
   7.879196e-03   2.000000e-02   2.668571e-03   0.000000e+00   9.960140e-04   0.000000e+00  -3.068666e-04  -0.000000e+00  -3.874690e-04   5.770043e-09
   9.662106e-03   2.000000e-02   7.012308e-03   0.000000e+00   1.177231e-03   0.000000e+00   2.533280e-05  -0.000000e+00  -2.641648e-04   6.519875e-09
   4.817871e-03   2.000000e-02   1.240198e-03   0.000000e+00   5.569727e-04   0.000000e+00   2.433076e-04  -0.000000e+00  -4.632761e-05   3.657869e-09
   3.650691e-03   2.000000e-02   9.571610e-03   0.000000e+00   3.237605e-03   0.000000e+00   7.608001e-04  -0.000000e+00   2.473172e-05   9.330724e-09
   8.138175e-03   2.000000e-02   9.506591e-03   0.000000e+00   3.937188e-05   0.000000e+00  -7.197949e-07  -0.000000e+00   8.882744e-06   5.983669e-10
   9.658176e-03   2.000000e-02   1.299610e-03   0.000000e+00   1.583801e-03   0.000000e+00  -6.818134e-04  -0.000000e+00  -1.225582e-04   8.739341e-09
   2.283459e-03   2.000000e-02   1.563107e-02   0.000000e+00   2.275836e-04   0.000000e+00   4.304616e-05   0.000000e+00  -1.053357e-04   1.922380e-09
   1.605297e-03   2.000000e-02   1.137523e-02   0.000000e+00   1.444752e-04   0.000000e+00   1.963071e-05  -0.000000e+00  -5.503249e-05   1.626794e-09
   5.310212e-03   2.000000e-02   1.525716e-02   0.000000e+00   6.851610e-04   0.000000e+00   2.404784e-04  -0.000000e+00   2.276063e-05   4.973254e-09
   7.850634e-03   2.000000e-02   6.594392e-03   0.000000e+00   8.552171e-04   0.000000e+00  -2.471980e-04  -0.000000e+00  -1.515577e-04   5.881355e-09
   7.539317e-04   2.000000e-02   9.395119e-03   0.000000e+00   1.866043e-03   0.000000e+00  -4.237087e-04  -0.000000e+00   1.574751e-04   1.061094e-08
   7.923164e-03   2.000000e-02   1.611748e-02   0.000000e+00   7.976330e-05   0.000000e+00  -3.194848e-06   0.000000e+00  -3.975348e-05   1.324872e-09
   9.819622e-03   2.000000e-02   1.387105e-02   0.000000e+00   3.165854e-04   0.000000e+00   3.867511e-06  -0.000000e+00  -6.898736e-06   2.269855e-09
   1.530126e-03   2.000000e-02   1.819218e-02   0.000000e+00   9.352547e-06   0.000000e+00   1.266560e-07  -0.000000e+00  -3.891629e-06   2.991171e-10
   1.939958e-02   2.000000e-02   4.534103e-03   0.000000e+00   2.152422e-03   0.000000e+00   6.538357e-04  -0.000000e+00  -1.685097e-04   1.346676e-08
   1.657668e-02   2.000000e-02   8.493090e-03   0.000000e+00   1.428535e-03   0.000000e+00  -3.116693e-04  -0.000000e+00  -1.810469e-04   7.909372e-09
   1.620136e-02   2.000000e-02   3.800067e-03   0.000000e+00   1.739899e-03   0.000000e+00  -3.883093e-04  -0.000000e+00  -3.972033e-04   9.956315e-09
   1.790977e-02   2.000000e-02   1.039841e-02   0.000000e+00   8.599847e-04   0.000000e+00  -2.015450e-04  -0.000000e+00   4.758933e-05   6.463775e-09
   1.775573e-02   2.000000e-02   2.692853e-03   0.000000e+00   8.764914e-04   0.000000e+00   1.513560e-05  -0.000000e+00  -3.941480e-04   5.365034e-09
   1.412024e-02   2.000000e-02   4.115809e-03   0.000000e+00   1.720208e-05   0.000000e+00   8.592845e-06   0.000000e+00   3.753748e-07   3.909953e-10
   1.543231e-02   2.000000e-02   9.592895e-04   0.000000e+00   1.234523e-05   0.000000e+00  -3.175819e-06  -0.000000e+00   3.124137e-06   3.285281e-10
   1.376051e-02   2.000000e-02   1.880943e-03   0.000000e+00   9.531712e-03   0.000000e+00   2.739498e-03  -0.000000e+00  -8.341185e-06   2.512072e-08
   1.168784e-02   2.000000e-02   2.101660e-03   0.000000e+00   7.312159e-03   0.000000e+00  -2.708695e-04  -0.000000e+00  -5.288162e-04   1.902457e-08
   1.418917e-02   2.000000e-02   5.595637e-03   0.000000e+00   1.518653e-05   0.000000e+00  -2.238938e-06  -0.000000e+00   3.787158e-06   4.143000e-10
   1.180197e-02   2.000000e-02   5.313009e-03   0.000000e+00   2.409651e-03   0.000000e+00  -6.135056e-04  -0.000000e+00  -5.497994e-04   1.045226e-08
   1.616394e-02   2.000000e-02   6.053431e-03   0.000000e+00   7.379657e-05   0.000000e+00  -1.501486e-05  -0.000000e+00   4.786915e-06   1.363032e-09
   1.763699e-02   2.000000e-02   1.468171e-02   0.000000e+00   5.407600e-05   0.000000e+00  -4.232060e-06   0.000000e+00   2.670474e-05   8.469829e-10
   1.134200e-02   2.000000e-02   8.928655e-03   0.000000e+00   1.629577e-03   0.000000e+00  -5.940453e-04  -0.000000e+00   3.303428e-04   7.538272e-09
   1.185763e-02   2.000000e-02   1.125881e-02   0.000000e+00   1.556985e-03   0.000000e+00  -1.792143e-04  -0.000000e+00  -5.349965e-04   6.538064e-09
   1.402632e-02   2.000000e-02   1.722813e-02   0.000000e+00   1.277859e-04   0.000000e+00   2.387181e-05   0.000000e+00  -5.926592e-05   1.419523e-09
                                                0.000000e+00   4.435161e-02   0.000000e+00  -3.744209e-04   0.000000e+00  -4.146176e-03   5.863919e-09

              5
             62
          pos_x          pos_y          pos_z       normal_x       normal_y       normal_z        tangt_x        tangt_y        tangt_z          pentr
   2.177110e-03   1.561603e-03  -0.000000e+00   0.000000e+00   0.000000e+00  -7.001513e-03   3.219278e-04  -8.450900e-04  -0.000000e+00   1.849976e-08
   6.371762e-03   1.429773e-03  -0.000000e+00   0.000000e+00   0.000000e+00  -2.558234e-03   6.902778e-04   2.033575e-04  -0.000000e+00   9.516143e-09
   4.695443e-03   5.495290e-03  -0.000000e+00   0.000000e+00   0.000000e+00  -6.066374e-05   1.870210e-07   1.766502e-06  -0.000000e+00   1.064108e-09
   1.279620e-03   3.460396e-03  -0.000000e+00   0.000000e+00   0.000000e+00  -1.350453e-04   5.629596e-05  -1.695077e-05  -0.000000e+00   1.743608e-09
   6.065169e-03   8.903391e-03  -0.000000e+00   0.000000e+00   0.000000e+00  -9.099828e-05  -1.084062e-05   4.591411e-06  -0.000000e+00   1.472193e-09
   1.189045e-03   9.738112e-03  -0.000000e+00   0.000000e+00   0.000000e+00  -3.483607e-03  -1.000463e-05   8.345980e-04  -0.000000e+00   1.277890e-08
   7.874437e-04   5.629076e-03  -0.000000e+00   0.000000e+00   0.000000e+00  -1.607271e-04  -3.500904e-05   6.450236e-05  -0.000000e+00   1.697031e-09
   2.646460e-03   4.989646e-03  -0.000000e+00   0.000000e+00   0.000000e+00  -4.783872e-05  -5.365291e-07   6.180996e-06  -0.000000e+00   7.901016e-10
   2.284011e-03   6.792730e-03  -0.000000e+00   0.000000e+00   0.000000e+00  -5.214065e-05  -1.557322e-06   4.427279e-07  -0.000000e+00   7.995335e-10
   3.925208e-03   9.288646e-03  -0.000000e+00   0.000000e+00   0.000000e+00  -4.280029e-04  -1.705181e-04  -2.794058e-05  -0.000000e+00   2.770396e-09
   4.260961e-03   1.349776e-03  -0.000000e+00   0.000000e+00   0.000000e+00  -1.078091e-04   1.214969e-05   2.787125e-05  -0.000000e+00   1.301899e-09
   3.367122e-03   3.055121e-03  -0.000000e+00   0.000000e+00   0.000000e+00  -1.280482e-04  -4.733514e-05  -2.518643e-05  -0.000000e+00   1.822038e-09
   4.554732e-03   6.713728e-03  -0.000000e+00   0.000000e+00   0.000000e+00  -2.306685e-04  -1.449484e-05  -2.389158e-05  -0.000000e+00   2.704264e-09
   5.115498e-03   3.556083e-03  -0.000000e+00   0.000000e+00   0.000000e+00  -6.289460e-03  -5.101410e-04   9.405793e-04  -0.000000e+00   2.044221e-08
   6.291132e-03   6.675434e-03  -0.000000e+00   0.000000e+00   0.000000e+00  -3.164300e-04  -6.872045e-05  -9.007635e-05  -0.000000e+00   2.842054e-09
   8.492590e-03   5.217217e-03  -0.000000e+00   0.000000e+00   0.000000e+00  -6.980779e-03   3.409643e-04  -2.717981e-03  -0.000000e+00   1.986679e-08
   8.315187e-03   8.071773e-03  -0.000000e+00   0.000000e+00   0.000000e+00  -8.428474e-03  -2.496384e-03  -2.333697e-03  -0.000000e+00   2.120225e-08
   9.430900e-03   2.211653e-03  -0.000000e+00   0.000000e+00   0.000000e+00  -4.757374e-03  -1.913558e-04  -1.172632e-03  -0.000000e+00   1.296374e-08
   1.043668e-03   1.843463e-02  -0.000000e+00   0.000000e+00   0.000000e+00  -2.324905e-03  -3.248943e-04  -2.397495e-05  -0.000000e+00   9.196971e-09
   4.013160e-03   1.872960e-02  -0.000000e+00   0.000000e+00   0.000000e+00  -6.603736e-04  -8.632217e-06   5.311992e-05  -0.000000e+00   4.149633e-09
   2.346991e-03   1.685585e-02  -0.000000e+00   0.000000e+00   0.000000e+00  -4.072024e-04  -7.209507e-05   1.245676e-04  -0.000000e+00   3.622660e-09
   6.296414e-03   1.817272e-02  -0.000000e+00   0.000000e+00   0.000000e+00  -1.599320e-04  -1.365265e-05   3.931615e-06  -0.000000e+00   1.697962e-09
   1.049229e-03   1.581921e-02  -0.000000e+00   0.000000e+00   0.000000e+00  -5.220637e-05   1.312480e-05   4.215177e-06  -0.000000e+00   1.001827e-09
   6.798642e-03   1.511710e-02  -0.000000e+00   0.000000e+00   0.000000e+00  -2.565785e-03  -1.124061e-03  -2.493240e-04  -0.000000e+00   1.078642e-08
   3.257547e-03   1.271830e-02  -0.000000e+00   0.000000e+00   0.000000e+00  -3.162787e-04  -1.017153e-04  -7.042537e-05  -0.000000e+00   2.669538e-09
   5.019694e-03   1.618562e-02  -0.000000e+00   0.000000e+00   0.000000e+00  -8.259948e-04  -3.457375e-05   8.017438e-05  -0.000000e+00   4.421508e-09
   2.472575e-03   1.445447e-02  -0.000000e+00   0.000000e+00   0.000000e+00  -4.529016e-03   1.194612e-03   4.239383e-04  -0.000000e+00   1.550732e-08
   9.657875e-03   1.897416e-02  -0.000000e+00   0.000000e+00   0.000000e+00  -2.583120e-03  -6.263187e-04  -3.822649e-04  -0.000000e+00   1.426520e-08
   4.920686e-03   1.167039e-02  -0.000000e+00   0.000000e+00   0.000000e+00  -1.978011e-03  -4.730721e-04  -6.197708e-04  -0.000000e+00   1.082631e-08
   8.821660e-03   1.375306e-02  -0.000000e+00   0.000000e+00   0.000000e+00  -5.797151e-03  -1.022987e-03  -2.508979e-04  -0.000000e+00   1.662474e-08
   9.915363e-04   1.252289e-02  -0.000000e+00   0.000000e+00   0.000000e+00  -1.010209e-04   5.041612e-06   1.934809e-05  -0.000000e+00   1.244565e-09
   7.200119e-03   1.097910e-02  -0.000000e+00   0.000000e+00   0.000000e+00  -2.899403e-03  -2.301306e-04  -1.489949e-04  -0.000000e+00   1.039080e-08
   9.886883e-03   1.596116e-02  -0.000000e+00   0.000000e+00   0.000000e+00  -8.894405e-05   2.228666e-06   2.838014e-06  -0.000000e+00   1.141836e-09
   1.798835e-02   5.656049e-03  -0.000000e+00   0.000000e+00   0.000000e+00  -8.106898e-04  -4.483512e-05  -1.691960e-04  -0.000000e+00   4.825015e-09
   1.608451e-02   8.098582e-03  -0.000000e+00   0.000000e+00   0.000000e+00  -1.209053e-02   2.204766e-03   2.116722e-03  -0.000000e+00   3.078587e-08
   1.704392e-02   1.926227e-03  -0.000000e+00   0.000000e+00   0.000000e+00  -6.927616e-03   1.081788e-03  -1.147365e-03  -0.000000e+00   1.991863e-08
   1.252291e-02   4.978191e-03  -0.000000e+00   0.000000e+00   0.000000e+00  -1.601492e-03  -2.150157e-04   1.942707e-05  -0.000000e+00   8.965396e-09
   1.543874e-02   4.872059e-03  -0.000000e+00   0.000000e+00   0.000000e+00  -2.402332e-03  -8.909848e-05  -8.725042e-04  -0.000000e+00   1.185509e-08
   1.833750e-02   3.757719e-03  -0.000000e+00   0.000000e+00   0.000000e+00  -9.960336e-04  -9.624455e-05   1.035704e-04  -0.000000e+00   5.711390e-09
   1.520447e-02   1.249890e-03  -0.000000e+00   0.000000e+00   0.000000e+00  -6.004486e-05  -4.439753e-06   2.866177e-05  -0.000000e+00   9.724274e-10
   1.429684e-02   3.059566e-03  -0.000000e+00   0.000000e+00   0.000000e+00  -4.388545e-04  -1.209652e-04  -8.621376e-05  -0.000000e+00   4.037909e-09
   1.247791e-02   1.712608e-03  -0.000000e+00   0.000000e+00   0.000000e+00  -5.977789e-03   1.191780e-03  -6.171640e-04  -0.000000e+00   1.889879e-08
   1.348327e-02   9.141340e-03  -0.000000e+00   0.000000e+00   0.000000e+00  -1.153324e-02  -1.971883e-03  -1.171300e-03  -0.000000e+00   3.043576e-08
   1.433499e-02   6.942593e-03  -0.000000e+00   0.000000e+00   0.000000e+00  -1.665096e-03  -4.985263e-04  -2.499964e-04  -0.000000e+00   8.127300e-09
   1.891605e-02   9.327814e-03  -0.000000e+00   0.000000e+00   0.000000e+00  -4.028812e-03   1.093937e-03  -8.595367e-04  -0.000000e+00   1.287345e-08
   1.091960e-02   6.503788e-03  -0.000000e+00   0.000000e+00   0.000000e+00  -5.604161e-04  -1.370762e-05   2.868123e-05  -0.000000e+00   3.463035e-09
   1.127640e-02   8.324414e-03  -0.000000e+00   0.000000e+00   0.000000e+00  -2.112690e-03  -2.586738e-04  -6.785619e-04  -0.000000e+00   1.140450e-08
   1.820318e-02   1.720666e-02  -0.000000e+00   0.000000e+00   0.000000e+00  -5.945240e-03   4.103352e-04  -5.861225e-04  -0.000000e+00   2.357155e-08
   1.879866e-02   1.875022e-02  -0.000000e+00   0.000000e+00   0.000000e+00  -4.812417e-05  -1.160298e-05  -2.554748e-06  -0.000000e+00   9.351104e-10
   1.681420e-02   1.499882e-02  -0.000000e+00   0.000000e+00   0.000000e+00  -6.343114e-03  -4.759340e-04   7.556974e-05  -0.000000e+00   1.910471e-08
   1.490420e-02   1.690800e-02  -0.000000e+00   0.000000e+00   0.000000e+00  -1.131800e-03  -7.191929e-05  -9.797010e-05  -0.000000e+00   6.150028e-09
   1.907228e-02   1.466126e-02  -0.000000e+00   0.000000e+00   0.000000e+00  -5.208174e-05  -8.175399e-06   1.050335e-06  -0.000000e+00   8.856002e-10
   1.575888e-02   1.918734e-02  -0.000000e+00   0.000000e+00   0.000000e+00  -5.724399e-05   5.554195e-06  -1.283894e-05  -0.000000e+00   1.051852e-09
   1.395578e-02   1.859694e-02  -0.000000e+00   0.000000e+00   0.000000e+00  -6.717939e-03   1.818227e-03  -1.585181e-03  -0.000000e+00   2.428749e-08
   1.781103e-02   1.287623e-02  -0.000000e+00   0.000000e+00   0.000000e+00  -1.336376e-04   4.523460e-05  -4.917911e-05   0.000000e+00   1.834926e-09
   1.896070e-02   1.202725e-02  -0.000000e+00   0.000000e+00   0.000000e+00  -5.874033e-05  -1.729016e-05  -5.374274e-06  -0.000000e+00   8.693351e-10
   1.167223e-02   1.674336e-02  -0.000000e+00   0.000000e+00   0.000000e+00  -7.095355e-03  -3.644923e-04  -3.833906e-04  -0.000000e+00   2.073045e-08
   1.602126e-02   1.149471e-02  -0.000000e+00   0.000000e+00   0.000000e+00  -4.111097e-03  -1.502950e-03  -2.541563e-04  -0.000000e+00   1.467199e-08
   1.393992e-02   1.271669e-02  -0.000000e+00   0.000000e+00   0.000000e+00  -3.935549e-04  -1.381098e-04  -5.678508e-05  -0.000000e+00   3.175865e-09
   1.143521e-02   1.426516e-02  -0.000000e+00   0.000000e+00   0.000000e+00  -3.400706e-03   6.601066e-04   2.826354e-04  -0.000000e+00   1.451814e-08
   1.487016e-02   1.441524e-02  -0.000000e+00   0.000000e+00   0.000000e+00  -9.298394e-05  -5.475320e-06  -3.529735e-05  -0.000000e+00   1.178703e-09
   1.122308e-02   1.090265e-02  -0.000000e+00   0.000000e+00   0.000000e+00  -5.420548e-03  -1.215413e-03   9.443655e-04  -0.000000e+00   1.359973e-08
                                                0.000000e+00   0.000000e+00  -1.587550e-01  -3.565244e-03  -1.152308e-02   0.000000e+00   9.042974e-09

