              5

              1
             51
          pos_x          pos_y          pos_z       normal_x       normal_y       normal_z        tangt_x        tangt_y        tangt_z          pentr
  -0.000000e+00   3.389181e-03   1.089344e-03  -8.365762e-05   0.000000e+00   0.000000e+00  -0.000000e+00  -2.541277e-05   5.401413e-06   1.415827e-09
  -0.000000e+00   8.972254e-03   1.335538e-03  -2.471364e-03   0.000000e+00   0.000000e+00  -0.000000e+00  -1.065691e-03  -4.557492e-04   9.138196e-09
  -0.000000e+00   9.862890e-04   1.999543e-03  -1.372971e-04   0.000000e+00   0.000000e+00  -0.000000e+00  -2.753233e-05   5.974959e-05   1.528632e-09
  -0.000000e+00   4.147618e-03   1.888437e-03  -2.108981e-05   0.000000e+00   0.000000e+00  -0.000000e+00   7.444012e-06   2.043717e-07   4.737881e-10
  -0.000000e+00   5.958342e-03   2.683974e-03  -8.662187e-04   0.000000e+00   0.000000e+00  -0.000000e+00  -2.591476e-04  -6.413609e-05   5.475466e-09
  -0.000000e+00   2.729681e-03   4.725090e-03  -9.961691e-04   0.000000e+00   0.000000e+00  -0.000000e+00  -2.058837e-04   1.609969e-04   5.917487e-09
  -0.000000e+00   8.787400e-03   5.168998e-03  -1.420854e-03   0.000000e+00   0.000000e+00  -0.000000e+00  -2.109985e-04   3.267035e-05   5.807238e-09
  -0.000000e+00   5.528782e-03   4.970928e-03  -3.389049e-04   0.000000e+00   0.000000e+00  -0.000000e+00   6.815772e-05  -9.087420e-05   2.535868e-09
  -0.000000e+00   1.112024e-03   8.998397e-03  -4.888011e-04   0.000000e+00   0.000000e+00  -0.000000e+00  -9.746235e-05   4.835016e-06   3.912499e-09
  -0.000000e+00   9.141536e-04   4.272299e-03  -1.378048e-03   0.000000e+00   0.000000e+00  -0.000000e+00   2.649037e-04   4.374939e-04   8.003605e-09
  -0.000000e+00   3.843210e-03   6.607958e-03  -1.000535e-02   0.000000e+00   0.000000e+00  -0.000000e+00   1.823741e-03   1.867326e-03   3.650731e-08
  -0.000000e+00   7.008817e-03   6.723349e-03  -3.098042e-05   0.000000e+00   0.000000e+00  -0.000000e+00  -6.351830e-06  -3.541211e-06   6.074674e-10
  -0.000000e+00   6.704756e-03   1.031485e-02  -4.138382e-04   0.000000e+00   0.000000e+00  -0.000000e+00  -1.106559e-04   3.103949e-05   3.147464e-09
  -0.000000e+00   8.446711e-03   8.480364e-03  -3.130823e-04   0.000000e+00   0.000000e+00  -0.000000e+00  -8.321134e-05  -9.838667e-05   2.729158e-09
  -0.000000e+00   5.002200e-03   7.069093e-03  -1.166290e-05   0.000000e+00   0.000000e+00  -0.000000e+00  -1.714260e-06   4.207940e-06   3.026445e-10
  -0.000000e+00   3.405672e-03   9.524824e-03  -4.495150e-04   0.000000e+00   0.000000e+00  -0.000000e+00  -4.999885e-05   1.584411e-04   3.728443e-09
  -0.000000e+00   5.996877e-03   1.485378e-02  -1.033356e-03   0.000000e+00   0.000000e+00  -0.000000e+00  -1.305425e-04  -1.684388e-04   4.917296e-09
  -0.000000e+00   8.349307e-03   1.525439e-02  -2.794682e-04   0.000000e+00   0.000000e+00  -0.000000e+00  -1.099873e-04  -8.276110e-05   2.787360e-09
  -0.000000e+00   2.044223e-03   1.453751e-02  -6.715477e-05   0.000000e+00   0.000000e+00  -0.000000e+00  -5.612858e-06  -2.972971e-05   9.534497e-10
  -0.000000e+00   8.934473e-03   1.338564e-02  -2.755740e-05   0.000000e+00   0.000000e+00  -0.000000e+00   1.794798e-06  -4.807069e-06   6.543761e-10
  -0.000000e+00   7.619021e-03   1.249280e-02  -1.577480e-05   0.000000e+00   0.000000e+00  -0.000000e+00   3.333905e-06  -3.367091e-06   4.482848e-10
  -0.000000e+00   4.275975e-03   1.272263e-02  -4.416818e-04   0.000000e+00   0.000000e+00  -0.000000e+00   1.218662e-04  -1.557402e-04   3.108474e-09
  -0.000000e+00   1.125378e-03   1.224953e-02  -3.052402e-04   0.000000e+00   0.000000e+00  -0.000000e+00   5.204802e-05  -8.162658e-05   3.333466e-09
  -0.000000e+00   2.294153e-03   1.064543e-02  -2.051575e-05   0.000000e+00   0.000000e+00  -0.000000e+00  -9.781533e-06   1.730152e-06   4.808374e-10
  -0.000000e+00   1.434138e-02   4.756012e-03  -5.110092e-06   0.000000e+00   0.000000e+00  -0.000000e+00  -8.343310e-07   5.446550e-07   2.214516e-10
  -0.000000e+00   1.818678e-02   4.836391e-03  -1.160291e-04   0.000000e+00   0.000000e+00  -0.000000e+00  -5.552933e-05   1.241765e-05   1.470173e-09
  -0.000000e+00   1.829772e-02   7.058900e-03  -1.214537e-05   0.000000e+00   0.000000e+00  -0.000000e+00  -9.975842e-07  -4.534969e-06   3.415072e-10
  -0.000000e+00   1.728989e-02   2.753703e-03  -2.131242e-03   0.000000e+00   0.000000e+00  -0.000000e+00   1.000603e-04  -7.094039e-04   9.391711e-09
  -0.000000e+00   1.549647e-02   1.144824e-03  -1.169206e-05   0.000000e+00   0.000000e+00  -0.000000e+00  -3.734757e-06  -1.681588e-06   3.427266e-10
  -0.000000e+00   1.393083e-02   2.762651e-03  -4.705947e-03   0.000000e+00   0.000000e+00  -0.000000e+00   2.184809e-05   4.984199e-04   1.460318e-08
  -0.000000e+00   1.515352e-02   7.319486e-03  -4.469984e-04   0.000000e+00   0.000000e+00  -0.000000e+00   9.431738e-05   1.828463e-05   3.363423e-09
  -0.000000e+00   1.146952e-02   1.630189e-03  -1.250283e-05   0.000000e+00   0.000000e+00  -0.000000e+00  -5.950769e-06  -5.770986e-07   3.946259e-10
  -0.000000e+00   1.603988e-02   4.433560e-03  -1.046528e-03   0.000000e+00   0.000000e+00  -0.000000e+00   4.818390e-05  -1.239789e-04   7.394236e-09
  -0.000000e+00   1.615213e-02   8.432857e-03  -5.033700e-03   0.000000e+00   0.000000e+00  -0.000000e+00  -1.288632e-03  -6.396102e-04   1.684405e-08
  -0.000000e+00   1.603530e-02   5.656286e-03  -1.983075e-05   0.000000e+00   0.000000e+00  -0.000000e+00   1.970029e-06  -5.215161e-06   5.078801e-10
  -0.000000e+00   1.154584e-02   7.540347e-03  -2.346496e-03   0.000000e+00   0.000000e+00  -0.000000e+00  -6.296244e-04   1.586061e-04   1.136018e-08
  -0.000000e+00   1.372470e-02   6.252975e-03  -4.334195e-05   0.000000e+00   0.000000e+00  -0.000000e+00   5.807770e-06  -3.564450e-06   7.627663e-10
  -0.000000e+00   1.384116e-02   9.181465e-03  -1.012402e-03   0.000000e+00   0.000000e+00  -0.000000e+00   3.494385e-04   3.129991e-05   5.745982e-09
  -0.000000e+00   1.010289e-02   8.168359e-03  -1.628996e-04   0.000000e+00   0.000000e+00  -0.000000e+00  -3.075607e-05  -4.783063e-05   2.139246e-09
  -0.000000e+00   1.907186e-02   9.383562e-03  -2.547084e-03   0.000000e+00   0.000000e+00  -0.000000e+00   4.014300e-04   2.106842e-04   1.109279e-08
  -0.000000e+00   1.196789e-02   9.114589e-03  -1.192070e-03   0.000000e+00   0.000000e+00  -0.000000e+00   9.858190e-05   6.312818e-06   8.688314e-09
  -0.000000e+00   1.021917e-02   9.473449e-03  -2.692523e-04   0.000000e+00   0.000000e+00  -0.000000e+00  -7.253248e-05  -8.495608e-05   2.446941e-09
  -0.000000e+00   1.362003e-02   1.704653e-02  -8.507558e-06   0.000000e+00   0.000000e+00  -0.000000e+00  -3.248502e-06  -2.083517e-06   2.227198e-10
  -0.000000e+00   1.841437e-02   1.786686e-02  -8.195358e-05   0.000000e+00   0.000000e+00  -0.000000e+00  -1.102627e-05   2.817763e-05   1.267827e-09
  -0.000000e+00   1.218073e-02   1.495780e-02  -4.566484e-05   0.000000e+00   0.000000e+00  -0.000000e+00  -1.116789e-05  -1.759092e-05   7.530193e-10
  -0.000000e+00   1.445410e-02   1.465832e-02  -1.389702e-05   0.000000e+00   0.000000e+00  -0.000000e+00  -6.142525e-06   1.047266e-06   3.206950e-10
  -0.000000e+00   1.044103e-02   1.452655e-02  -3.508392e-04   0.000000e+00   0.000000e+00  -0.000000e+00   7.169499e-05  -1.296283e-04   3.101258e-09
  -0.000000e+00   1.181124e-02   1.273643e-02  -9.152259e-04   0.000000e+00   0.000000e+00  -0.000000e+00   5.033088e-06  -1.015810e-04   4.932259e-09
  -0.000000e+00   1.450610e-02   1.209753e-02  -1.272506e-03   0.000000e+00   0.000000e+00  -0.000000e+00   1.844952e-04  -1.196015e-05   6.687026e-09
  -0.000000e+00   1.651872e-02   1.218897e-02  -1.643721e-03   0.000000e+00   0.000000e+00  -0.000000e+00  -5.349364e-04   5.753150e-05   8.111583e-09
  -0.000000e+00   1.844904e-02   1.190970e-02  -1.929587e-04   0.000000e+00   0.000000e+00  -0.000000e+00  -4.029280e-05   3.980816e-05   2.065585e-09
                                               -4.725813e-02   0.000000e+00   0.000000e+00   0.000000e+00  -1.369240e-03   7.038762e-04   4.558584e-09

              2
             36
          pos_x          pos_y          pos_z       normal_x       normal_y       normal_z        tangt_x        tangt_y        tangt_z          pentr
   2.000000e-02   3.222643e-03   3.315073e-03   3.372662e-03   0.000000e+00   0.000000e+00  -0.000000e+00  -3.897297e-04   1.312546e-03   1.052165e-08
   2.000000e-02   1.866265e-03   6.320243e-03   3.172947e-03   0.000000e+00   0.000000e+00  -0.000000e+00   8.402408e-04   1.135209e-03   9.855565e-09
   2.000000e-02   5.555397e-03   5.159228e-03   1.478935e-03   0.000000e+00   0.000000e+00  -0.000000e+00   4.864309e-04  -2.765618e-04   7.356259e-09
   2.000000e-02   8.661527e-03   6.008105e-03   3.851209e-03   0.000000e+00   0.000000e+00  -0.000000e+00  -6.689102e-04   5.226540e-04   1.310664e-08
   2.000000e-02   3.712012e-03   9.332781e-03   1.642016e-04   0.000000e+00   0.000000e+00  -0.000000e+00  -2.369003e-05   2.773811e-05   2.026374e-09
   2.000000e-02   6.024922e-03   7.540310e-03   8.062279e-04   0.000000e+00   0.000000e+00  -0.000000e+00  -2.776810e-05  -2.704743e-04   4.869230e-09
   2.000000e-02   1.106289e-03   9.341803e-03   6.574527e-04   0.000000e+00   0.000000e+00  -0.000000e+00  -1.353423e-04  -1.776808e-04   4.642616e-09
   2.000000e-02   8.864746e-03   2.764453e-03   4.401328e-05   0.000000e+00   0.000000e+00  -0.000000e+00   1.870780e-05   1.865418e-06   8.691289e-10
   2.000000e-02   7.548841e-03   1.747884e-02   7.156901e-05   0.000000e+00   0.000000e+00  -0.000000e+00   1.447818e-05  -3.564805e-06   1.159458e-09
   2.000000e-02   9.020822e-03   1.561657e-02   2.941218e-04   0.000000e+00   0.000000e+00  -0.000000e+00  -1.547296e-05  -4.695558e-05   2.505679e-09
   2.000000e-02   2.152294e-03   1.512360e-02   4.561813e-04   0.000000e+00   0.000000e+00  -0.000000e+00  -1.285668e-04   2.702358e-05   3.532402e-09
   2.000000e-02   5.299930e-03   1.545096e-02   6.450479e-04   0.000000e+00   0.000000e+00  -0.000000e+00   1.727272e-04   1.726011e-04   4.063666e-09
   2.000000e-02   4.826928e-03   1.250638e-02   2.696445e-05   0.000000e+00   0.000000e+00  -0.000000e+00   1.600949e-06   2.965772e-06   6.229906e-10
   2.000000e-02   3.386767e-03   1.085551e-02   3.359888e-04   0.000000e+00   0.000000e+00  -0.000000e+00   1.583505e-05  -1.693819e-05   2.817648e-09
   2.000000e-02   6.664270e-03   1.059069e-02   2.103508e-03   0.000000e+00   0.000000e+00  -0.000000e+00  -3.811334e-04   3.814101e-05   7.288347e-09
   2.000000e-02   1.908146e-02   1.175275e-03   1.278077e-05   0.000000e+00   0.000000e+00  -0.000000e+00  -1.679155e-06  -3.213638e-06   3.905945e-10
   2.000000e-02   1.635308e-02   4.832044e-03   3.426508e-03   0.000000e+00   0.000000e+00  -0.000000e+00  -1.031894e-03  -5.242591e-04   1.306779e-08
   2.000000e-02   1.531118e-02   3.065644e-03   6.162687e-03   0.000000e+00   0.000000e+00  -0.000000e+00   6.935844e-04   2.034144e-03   1.711018e-08
   2.000000e-02   1.900224e-02   4.584854e-03   4.618879e-04   0.000000e+00   0.000000e+00  -0.000000e+00  -2.739280e-05  -1.457260e-04   3.421225e-09
   2.000000e-02   1.861632e-02   9.407788e-03   2.875876e-03   0.000000e+00   0.000000e+00  -0.000000e+00   6.311708e-04   8.444676e-04   1.019708e-08
   2.000000e-02   1.790055e-02   3.063176e-03   3.016687e-03   0.000000e+00   0.000000e+00  -0.000000e+00   8.745523e-04   1.212286e-07   1.257332e-08
   2.000000e-02   1.484106e-02   8.659694e-04   7.201545e-06   0.000000e+00   0.000000e+00  -0.000000e+00  -2.730228e-06  -2.245529e-06   2.497935e-10
   2.000000e-02   1.145000e-02   8.865010e-03   1.686947e-03   0.000000e+00   0.000000e+00  -0.000000e+00  -1.967361e-04  -1.662570e-04   8.961627e-09
   2.000000e-02   1.284663e-02   3.556917e-03   1.883347e-03   0.000000e+00   0.000000e+00  -0.000000e+00  -3.589992e-04  -5.154335e-04   8.012973e-09
   2.000000e-02   1.224178e-02   6.599255e-04   4.606772e-06   0.000000e+00   0.000000e+00  -0.000000e+00   1.234424e-06  -1.599676e-06   2.178598e-10
   2.000000e-02   1.023468e-02   7.289691e-03   2.455567e-05   0.000000e+00   0.000000e+00  -0.000000e+00  -5.093539e-06   6.199028e-07   5.057732e-10
   2.000000e-02   1.386367e-02   1.770688e-02   3.476584e-05   0.000000e+00   0.000000e+00  -0.000000e+00   1.259794e-05   7.947473e-06   8.089977e-10
   2.000000e-02   1.703037e-02   1.810959e-02   3.654138e-04   0.000000e+00   0.000000e+00  -0.000000e+00   4.550148e-05   1.971183e-05   2.736110e-09
   2.000000e-02   1.297227e-02   1.620094e-02   1.080761e-04   0.000000e+00   0.000000e+00  -0.000000e+00   3.769267e-05  -1.211652e-05   1.180888e-09
   2.000000e-02   1.090328e-02   1.524780e-02   4.860094e-05   0.000000e+00   0.000000e+00  -0.000000e+00  -9.766050e-06  -1.087649e-05   8.447148e-10
   2.000000e-02   1.361752e-02   1.416528e-02   7.443590e-05   0.000000e+00   0.000000e+00  -0.000000e+00   7.201985e-09   2.090331e-05   1.342014e-09
   2.000000e-02   1.082095e-02   1.314853e-02   2.682062e-04   0.000000e+00   0.000000e+00  -0.000000e+00   4.331901e-05   2.816445e-05   2.722798e-09
   2.000000e-02   1.822797e-02   1.281184e-02   2.650709e-04   0.000000e+00   0.000000e+00  -0.000000e+00  -1.126764e-04   3.825694e-05   2.231426e-09
   2.000000e-02   1.280281e-02   1.235927e-02   1.620696e-04   0.000000e+00   0.000000e+00  -0.000000e+00   8.539440e-06  -4.465969e-05   1.830542e-09
   2.000000e-02   1.908643e-02   1.136539e-02   2.099920e-04   0.000000e+00   0.000000e+00  -0.000000e+00   5.253915e-05  -3.395410e-05   2.538236e-09
   2.000000e-02   9.687569e-03   1.069940e-02   1.074513e-03   0.000000e+00   0.000000e+00  -0.000000e+00  -1.484369e-04  -2.059382e-04   6.054404e-09
                                                3.965526e-02   0.000000e+00   0.000000e+00   0.000000e+00   2.847413e-04   3.776626e-03   4.784333e-09

              3
             42
          pos_x          pos_y          pos_z       normal_x       normal_y       normal_z        tangt_x        tangt_y        tangt_z          pentr
   6.189399e-03  -0.000000e+00   9.887060e-04   0.000000e+00  -1.236450e-03   0.000000e+00   6.549539e-06  -0.000000e+00  -2.536040e-04   7.608463e-09
   6.084204e-04  -0.000000e+00   1.824327e-03   0.000000e+00  -1.309604e-05   0.000000e+00  -3.713426e-06  -0.000000e+00  -2.248649e-06   4.436395e-10
   3.902296e-03  -0.000000e+00   1.935869e-03   0.000000e+00  -1.775725e-05   0.000000e+00   3.072701e-06  -0.000000e+00   2.197571e-06   4.003400e-10
   2.128808e-03  -0.000000e+00   3.459440e-03   0.000000e+00  -4.096243e-03   0.000000e+00  -5.436044e-04  -0.000000e+00   1.442440e-03   1.507324e-08
   1.679354e-03  -0.000000e+00   6.310454e-03   0.000000e+00  -8.499701e-04   0.000000e+00   7.832615e-05  -0.000000e+00   1.565229e-04   5.281674e-09
   1.376310e-03  -0.000000e+00   8.432309e-03   0.000000e+00  -8.157229e-04   0.000000e+00  -5.198645e-06  -0.000000e+00  -3.061082e-04   4.611412e-09
   2.400774e-03  -0.000000e+00   4.878733e-03   0.000000e+00  -1.047396e-04   0.000000e+00   9.623548e-07  -0.000000e+00  -4.247644e-05   1.590562e-09
   8.820985e-04  -0.000000e+00   4.208787e-03   0.000000e+00  -2.154107e-04   0.000000e+00  -4.631046e-05  -0.000000e+00   4.746234e-05   2.379788e-09
   3.936866e-03  -0.000000e+00   6.365416e-03   0.000000e+00  -9.750569e-05   0.000000e+00   6.003991e-06  -0.000000e+00   3.994661e-05   1.416619e-09
   8.081124e-03  -0.000000e+00   6.139004e-03   0.000000e+00  -3.603096e-04   0.000000e+00  -3.723415e-05  -0.000000e+00  -6.434725e-05   2.757678e-09
   3.673928e-03  -0.000000e+00   7.664758e-03   0.000000e+00  -1.353134e-03   0.000000e+00   1.964544e-04  -0.000000e+00  -3.059171e-04   7.449719e-09
   5.729170e-03  -0.000000e+00   6.170154e-03   0.000000e+00  -6.373000e-05   0.000000e+00   7.304893e-06  -0.000000e+00   1.516866e-05   1.143831e-09
   5.631678e-03  -0.000000e+00   7.783789e-03   0.000000e+00  -4.476536e-05   0.000000e+00  -1.953748e-05  -0.000000e+00   4.005489e-06   9.007417e-10
   9.704062e-03  -0.000000e+00   1.377363e-03   0.000000e+00  -3.028436e-03   0.000000e+00   4.739162e-05  -0.000000e+00   7.739153e-04   1.325458e-08
   7.735733e-03  -0.000000e+00   8.337124e-03   0.000000e+00  -9.703162e-05   0.000000e+00   1.514425e-05  -0.000000e+00   3.421091e-05   1.249980e-09
   5.616989e-03  -0.000000e+00   1.872092e-02   0.000000e+00  -8.077951e-05   0.000000e+00  -1.549827e-05  -0.000000e+00  -1.218290e-05   1.127204e-09
   6.448686e-03  -0.000000e+00   1.442451e-02   0.000000e+00  -6.136416e-04   0.000000e+00  -1.070095e-04  -0.000000e+00   2.170606e-04   4.028193e-09
   4.050113e-03  -0.000000e+00   1.537481e-02   0.000000e+00  -7.289476e-05   0.000000e+00   1.803031e-05  -0.000000e+00  -4.238677e-06   1.092694e-09
   1.770281e-03  -0.000000e+00   1.395488e-02   0.000000e+00  -2.665566e-04   0.000000e+00  -5.475697e-06  -0.000000e+00   7.350414e-05   2.072539e-09
   8.302811e-03  -0.000000e+00   1.204429e-02   0.000000e+00  -1.518604e-04   0.000000e+00   5.250341e-05  -0.000000e+00  -4.132308e-05   1.535724e-09
   2.526125e-03  -0.000000e+00   1.242663e-02   0.000000e+00  -2.105190e-05   0.000000e+00   5.343114e-06  -0.000000e+00   8.052722e-06   5.282127e-10
   1.398067e-03  -0.000000e+00   1.057293e-02   0.000000e+00  -5.188664e-04   0.000000e+00  -1.259868e-04  -0.000000e+00   8.451503e-05   4.049676e-09
   5.741466e-03  -0.000000e+00   1.068639e-02   0.000000e+00  -2.645591e-03   0.000000e+00   6.826210e-04  -0.000000e+00   5.149454e-04   1.330137e-08
   1.763547e-02  -0.000000e+00   1.815856e-03   0.000000e+00  -1.679666e-03   0.000000e+00   5.891722e-04  -0.000000e+00  -1.663017e-04   7.822517e-09
   1.736251e-02  -0.000000e+00   4.645222e-03   0.000000e+00  -5.067542e-03   0.000000e+00   1.656358e-03  -0.000000e+00  -8.554441e-04   1.570147e-08
   1.861943e-02  -0.000000e+00   9.378352e-03   0.000000e+00  -1.058747e-03   0.000000e+00   2.228649e-04  -0.000000e+00  -2.741230e-04   5.358957e-09
   1.511508e-02  -0.000000e+00   2.857671e-03   0.000000e+00  -9.459539e-04   0.000000e+00  -1.852688e-04  -0.000000e+00   3.806216e-04   5.168252e-09
   1.539826e-02  -0.000000e+00   9.754426e-04   0.000000e+00  -2.866071e-05   0.000000e+00   4.420325e-06  -0.000000e+00   7.830237e-06   7.041255e-10
   1.277935e-02  -0.000000e+00   1.469755e-03   0.000000e+00  -4.077608e-03   0.000000e+00   2.636468e-04  -0.000000e+00  -1.723004e-03   1.578183e-08
   1.090347e-02  -0.000000e+00   6.253133e-03   0.000000e+00  -3.956024e-04   0.000000e+00   8.647364e-05  -0.000000e+00  -1.226656e-04   3.260521e-09
   1.449469e-02  -0.000000e+00   8.966550e-03   0.000000e+00  -2.838655e-05   0.000000e+00   2.097557e-06  -0.000000e+00  -1.258410e-05   4.900577e-10
   1.044017e-02  -0.000000e+00   3.207718e-03   0.000000e+00  -2.493556e-04   0.000000e+00   7.586305e-05  -0.000000e+00  -4.328017e-05   2.020919e-09
   1.705979e-02  -0.000000e+00   9.277522e-03   0.000000e+00  -1.286303e-05   0.000000e+00   2.706056e-07  -0.000000e+00   5.322535e-06   3.936509e-10
   1.272194e-02  -0.000000e+00   8.248945e-03   0.000000e+00  -2.646591e-04   0.000000e+00  -1.113500e-04  -0.000000e+00  -5.826834e-05   2.961815e-09
   1.222950e-02  -0.000000e+00   6.596799e-03   0.000000e+00  -1.185188e-05   0.000000e+00   8.105432e-07  -0.000000e+00   5.809750e-06   3.062095e-10
   1.023573e-02  -0.000000e+00   1.038876e-02   0.000000e+00  -1.712187e-03   0.000000e+00  -3.754986e-04  -0.000000e+00   2.117150e-04   8.544490e-09
   1.301983e-02  -0.000000e+00   1.630710e-02   0.000000e+00  -2.548879e-05   0.000000e+00   1.593454e-06  -0.000000e+00  -5.828449e-06   5.397380e-10
   1.748306e-02  -0.000000e+00   1.499675e-02   0.000000e+00  -3.205170e-04   0.000000e+00  -1.250181e-05  -0.000000e+00  -1.074115e-04   2.507434e-09
   1.097488e-02  -0.000000e+00   1.514732e-02   0.000000e+00  -2.088707e-03   0.000000e+00  -5.436089e-04  -0.000000e+00   2.896295e-04   8.845749e-09
   1.460197e-02  -0.000000e+00   1.436132e-02   0.000000e+00  -7.324091e-04   0.000000e+00   2.314052e-04  -0.000000e+00  -2.749895e-04   4.637259e-09
   1.586920e-02  -0.000000e+00   1.253229e-02   0.000000e+00  -1.822053e-04   0.000000e+00  -2.165328e-05  -0.000000e+00  -4.772397e-05   1.736145e-09
   1.308502e-02  -0.000000e+00   1.213463e-02   0.000000e+00  -7.159999e-04   0.000000e+00   6.352196e-05  -0.000000e+00   1.452951e-04   5.637412e-09
                                                0.000000e+00  -3.636395e-02   0.000000e+00   2.158756e-03   0.000000e+00  -2.638992e-04   4.421820e-09

              4
             43
          pos_x          pos_y          pos_z       normal_x       normal_y       normal_z        tangt_x        tangt_y        tangt_z          pentr
   1.647605e-03   2.000000e-02   2.475048e-03   0.000000e+00   2.003126e-04   0.000000e+00   4.065348e-05  -0.000000e+00  -6.015990e-06   1.808911e-09
   6.535048e-03   2.000000e-02   6.124092e-03   0.000000e+00   4.562275e-04   0.000000e+00   9.424351e-05  -0.000000e+00  -1.599799e-04   3.384124e-09
   3.888210e-03   2.000000e-02   4.056265e-03   0.000000e+00   2.181667e-03   0.000000e+00   1.004263e-03  -0.000000e+00  -2.388421e-04   8.475548e-09
   7.878791e-03   2.000000e-02   2.668059e-03   0.000000e+00   1.583391e-03   0.000000e+00  -4.284351e-04  -0.000000e+00  -4.071394e-04   7.859436e-09
   9.664225e-03   2.000000e-02   7.010222e-03   0.000000e+00   2.352024e-03   0.000000e+00   6.473600e-04  -0.000000e+00   3.911986e-04   1.034589e-08
   1.718678e-03   2.000000e-02   4.815520e-03   0.000000e+00   2.652121e-05   0.000000e+00  -9.588931e-06  -0.000000e+00   3.467287e-06   5.686816e-10
   1.512419e-03   2.000000e-02   6.977382e-03   0.000000e+00   4.099362e-06   0.000000e+00  -7.354172e-07  -0.000000e+00  -1.472485e-06   1.765711e-10
   4.818053e-03   2.000000e-02   1.240074e-03   0.000000e+00   4.392955e-04   0.000000e+00   1.158653e-04  -0.000000e+00   2.887307e-05   3.122486e-09
   3.651098e-03   2.000000e-02   9.568421e-03   0.000000e+00   6.351247e-03   0.000000e+00   2.282303e-03  -0.000000e+00   4.265505e-04   1.462293e-08
   8.269212e-03   2.000000e-02   9.471092e-03   0.000000e+00   8.287805e-04   0.000000e+00   1.456538e-04  -0.000000e+00  -1.431933e-05   4.574775e-09
   9.657553e-03   2.000000e-02   1.299644e-03   0.000000e+00   2.161903e-04   0.000000e+00   1.975491e-05  -0.000000e+00  -4.613212e-05   2.316841e-09
   7.850003e-03   2.000000e-02   6.593559e-03   0.000000e+00   5.238918e-04   0.000000e+00  -2.907063e-05  -0.000000e+00  -3.348245e-05   4.242889e-09
   7.538728e-04   2.000000e-02   9.396682e-03   0.000000e+00   8.525152e-04   0.000000e+00  -1.762631e-04  -0.000000e+00   6.627986e-05   6.294559e-09
   1.700071e-03   2.000000e-02   1.803378e-02   0.000000e+00   1.841188e-05   0.000000e+00  -5.524741e-07  -0.000000e+00   6.816988e-06   4.528271e-10
   7.780409e-03   2.000000e-02   1.590237e-02   0.000000e+00   2.904377e-04   0.000000e+00   2.679837e-06  -0.000000e+00  -3.220250e-05   3.135852e-09
   5.308973e-03   2.000000e-02   1.524413e-02   0.000000e+00   1.044709e-03   0.000000e+00   2.355834e-04  -0.000000e+00   1.037087e-05   6.583010e-09
   2.280897e-03   2.000000e-02   1.562802e-02   0.000000e+00   8.664720e-04   0.000000e+00   2.239005e-04  -0.000000e+00   3.237432e-05   4.684605e-09
   9.831439e-03   2.000000e-02   1.385929e-02   0.000000e+00   2.929220e-04   0.000000e+00   3.093371e-05  -0.000000e+00  -6.736356e-05   2.159272e-09
   5.357141e-03   2.000000e-02   1.238574e-02   0.000000e+00   3.638589e-05   0.000000e+00  -8.662528e-06  -0.000000e+00   7.981644e-06   5.778559e-10
   1.604213e-03   2.000000e-02   1.137092e-02   0.000000e+00   1.259534e-04   0.000000e+00  -3.564633e-05  -0.000000e+00   3.438133e-05   1.484654e-09
   1.794356e-02   2.000000e-02   5.606311e-03   0.000000e+00   3.759322e-04   0.000000e+00  -6.503364e-05  -0.000000e+00   2.822198e-05   3.227735e-09
   1.939956e-02   2.000000e-02   4.534015e-03   0.000000e+00   8.009892e-04   0.000000e+00   8.765475e-05  -0.000000e+00   6.287120e-05   6.967332e-09
   1.657703e-02   2.000000e-02   8.491271e-03   0.000000e+00   1.147172e-03   0.000000e+00  -3.720444e-04  -0.000000e+00  -1.263094e-05   6.831916e-09
   1.620095e-02   2.000000e-02   3.799025e-03   0.000000e+00   1.500988e-03   0.000000e+00  -3.508346e-04  -0.000000e+00  -1.420082e-04   9.021888e-09
   1.790094e-02   2.000000e-02   1.039853e-02   0.000000e+00   6.645879e-04   0.000000e+00   9.071025e-05  -0.000000e+00  -1.140573e-05   5.448489e-09
   1.775593e-02   2.000000e-02   2.692261e-03   0.000000e+00   3.556611e-03   0.000000e+00   2.988398e-04  -0.000000e+00  -1.453208e-03   1.364918e-08
   1.412030e-02   2.000000e-02   4.115811e-03   0.000000e+00   8.314423e-04   0.000000e+00  -2.727612e-04  -0.000000e+00  -8.038630e-05   5.188104e-09
   1.543239e-02   2.000000e-02   9.592337e-04   0.000000e+00   1.028853e-05   0.000000e+00  -2.495088e-06  -0.000000e+00   1.192288e-06   2.909480e-10
   1.376079e-02   2.000000e-02   1.880983e-03   0.000000e+00   4.816194e-03   0.000000e+00   1.716328e-03  -0.000000e+00   1.054703e-03   1.593656e-08
   1.540903e-02   2.000000e-02   7.189660e-03   0.000000e+00   1.009193e-05   0.000000e+00  -1.814209e-06  -0.000000e+00   2.588588e-06   2.676167e-10
   1.168820e-02   2.000000e-02   2.101239e-03   0.000000e+00   1.157555e-02   0.000000e+00  -1.422191e-03  -0.000000e+00  -4.656110e-04   2.584154e-08
   1.418853e-02   2.000000e-02   5.594733e-03   0.000000e+00   2.895064e-05   0.000000e+00   5.828760e-07  -0.000000e+00   9.129148e-06   6.373578e-10
   1.179758e-02   2.000000e-02   5.311177e-03   0.000000e+00   3.674353e-04   0.000000e+00  -1.074417e-04  -0.000000e+00  -3.302539e-05   2.981627e-09
   1.616469e-02   2.000000e-02   6.053254e-03   0.000000e+00   1.289366e-04   0.000000e+00   1.465739e-05  -0.000000e+00   6.223261e-05   1.977415e-09
   1.404481e-02   2.000000e-02   7.323915e-03   0.000000e+00   4.831264e-05   0.000000e+00   1.447617e-05  -0.000000e+00  -7.632272e-06   1.002977e-09
   1.134424e-02   2.000000e-02   8.926865e-03   0.000000e+00   3.905277e-04   0.000000e+00   8.747202e-05  -0.000000e+00   9.746763e-05   2.908284e-09
   1.456758e-02   2.000000e-02   9.752482e-03   0.000000e+00   1.677537e-04   0.000000e+00   3.764053e-05  -0.000000e+00   5.736410e-05   1.877563e-09
   1.402748e-02   2.000000e-02   1.716031e-02   0.000000e+00   4.819102e-04   0.000000e+00  -1.322659e-04  -0.000000e+00   2.516113e-05   3.495395e-09
   1.140816e-02   2.000000e-02   1.594153e-02   0.000000e+00   6.609250e-05   0.000000e+00  -2.481385e-05  -0.000000e+00  -1.110981e-05   1.145923e-09
   1.763182e-02   2.000000e-02   1.466123e-02   0.000000e+00   2.848381e-04   0.000000e+00  -1.009239e-04  -0.000000e+00  -4.195250e-05   2.586685e-09
   1.255691e-02   2.000000e-02   1.373323e-02   0.000000e+00   4.410890e-04   0.000000e+00  -1.350791e-04  -0.000000e+00   4.931947e-06   3.423704e-09
   1.185804e-02   2.000000e-02   1.123803e-02   0.000000e+00   1.065855e-03   0.000000e+00  -3.256670e-05  -0.000000e+00  -4.843618e-04   5.068631e-09
   1.925359e-02   2.000000e-02   1.131546e-02   0.000000e+00   9.490932e-05   0.000000e+00  -2.888476e-05  -0.000000e+00   1.583755e-05   1.666264e-09
                                                0.000000e+00   4.754791e-02   0.000000e+00   3.453452e-03   0.000000e+00  -1.320286e-03   4.844532e-09

              5
             62
          pos_x          pos_y          pos_z       normal_x       normal_y       normal_z        tangt_x        tangt_y        tangt_z          pentr
   2.176667e-03   1.561531e-03  -0.000000e+00   0.000000e+00   0.000000e+00  -8.413714e-03   2.259147e-04  -1.074548e-03  -0.000000e+00   2.090981e-08
   6.371592e-03   1.429754e-03  -0.000000e+00   0.000000e+00   0.000000e+00  -2.043098e-03   4.551868e-04   3.337378e-04  -0.000000e+00   8.191520e-09
   4.695576e-03   5.495453e-03  -0.000000e+00   0.000000e+00   0.000000e+00  -5.723148e-05   1.200457e-05   2.480401e-05  -0.000000e+00   1.023432e-09
   1.279665e-03   3.459621e-03  -0.000000e+00   0.000000e+00   0.000000e+00  -1.286267e-04   4.949363e-05  -2.463691e-05  -0.000000e+00   1.687643e-09
   6.064867e-03   8.902548e-03  -0.000000e+00   0.000000e+00   0.000000e+00  -2.667714e-04  -4.808287e-05   5.369862e-05  -0.000000e+00   3.015165e-09
   1.188874e-03   9.737834e-03  -0.000000e+00   0.000000e+00   0.000000e+00  -3.400413e-03  -9.182992e-04   7.618466e-04  -0.000000e+00   1.257464e-08
   7.862885e-04   5.629018e-03  -0.000000e+00   0.000000e+00   0.000000e+00  -6.218815e-05  -1.105678e-05   8.437870e-06  -0.000000e+00   9.011320e-10
   2.646378e-03   4.989886e-03  -0.000000e+00   0.000000e+00   0.000000e+00  -1.352451e-04   9.603988e-06   5.239089e-05  -0.000000e+00   1.579367e-09
   2.345021e-03   6.803889e-03  -0.000000e+00   0.000000e+00   0.000000e+00  -1.569846e-04   6.289609e-06   5.246712e-06  -0.000000e+00   1.666552e-09
   3.926050e-03   9.290786e-03  -0.000000e+00   0.000000e+00   0.000000e+00  -6.078142e-04  -2.281747e-04   1.325120e-04  -0.000000e+00   3.499881e-09
   4.292142e-03   1.327909e-03  -0.000000e+00   0.000000e+00   0.000000e+00  -5.357489e-04  -3.034434e-05  -1.324558e-04  -0.000000e+00   3.791754e-09
   3.367302e-03   3.054522e-03  -0.000000e+00   0.000000e+00   0.000000e+00  -2.584721e-05   4.843567e-06  -4.905828e-06  -0.000000e+00   6.269507e-10
   4.410881e-03   6.638505e-03  -0.000000e+00   0.000000e+00   0.000000e+00  -5.240143e-05   6.824728e-08   5.347970e-07  -0.000000e+00   1.004302e-09
   5.115109e-03   3.556048e-03  -0.000000e+00   0.000000e+00   0.000000e+00  -4.432922e-03  -4.349314e-04   6.091327e-04  -0.000000e+00   1.618847e-08
   6.293255e-03   6.672170e-03  -0.000000e+00   0.000000e+00   0.000000e+00  -4.573642e-04  -7.247049e-05  -4.407248e-05  -0.000000e+00   3.633122e-09
   8.492820e-03   5.217157e-03  -0.000000e+00   0.000000e+00   0.000000e+00  -6.457238e-03  -3.037248e-04  -2.730769e-03  -0.000000e+00   1.886045e-08
   8.315126e-03   8.071724e-03  -0.000000e+00   0.000000e+00   0.000000e+00  -6.844703e-03  -1.095610e-03  -2.706737e-03  -0.000000e+00   1.845479e-08
   9.430721e-03   2.211645e-03  -0.000000e+00   0.000000e+00   0.000000e+00  -4.909134e-03  -6.867302e-04  -5.066781e-04  -0.000000e+00   1.323800e-08
   1.044022e-03   1.843453e-02  -0.000000e+00   0.000000e+00   0.000000e+00  -1.138229e-03  -2.064600e-04   2.999957e-04  -0.000000e+00   5.712632e-09
   4.013516e-03   1.872976e-02  -0.000000e+00   0.000000e+00   0.000000e+00  -6.490491e-04   4.651855e-05  -8.597862e-05  -0.000000e+00   4.102039e-09
   2.346650e-03   1.685582e-02  -0.000000e+00   0.000000e+00   0.000000e+00  -2.384951e-04   4.272637e-05  -1.627771e-05  -0.000000e+00   2.535910e-09
   6.292790e-03   1.816644e-02  -0.000000e+00   0.000000e+00   0.000000e+00  -1.917037e-04  -5.252642e-05   6.488792e-05  -0.000000e+00   1.915616e-09
   1.049192e-03   1.582989e-02  -0.000000e+00   0.000000e+00   0.000000e+00  -5.053309e-05   1.164683e-05   3.880802e-06  -0.000000e+00   9.798076e-10
   6.798655e-03   1.511684e-02  -0.000000e+00   0.000000e+00   0.000000e+00  -3.340859e-03  -1.089388e-03  -7.790353e-04  -0.000000e+00   1.286108e-08
   3.259099e-03   1.271949e-02  -0.000000e+00   0.000000e+00   0.000000e+00  -6.941275e-05  -3.374366e-06  -1.712523e-05  -0.000000e+00   9.712400e-10
   5.015953e-03   1.618391e-02  -0.000000e+00   0.000000e+00   0.000000e+00  -6.947174e-04   1.176127e-04  -1.536864e-04  -0.000000e+00   3.939968e-09
   2.472579e-03   1.445448e-02  -0.000000e+00   0.000000e+00   0.000000e+00  -6.318778e-03   9.521707e-04   6.837445e-04  -0.000000e+00   1.936225e-08
   9.657489e-03   1.897414e-02  -0.000000e+00   0.000000e+00   0.000000e+00  -5.525532e-04   1.339506e-04  -1.970147e-05  -0.000000e+00   5.102249e-09
   4.920510e-03   1.166987e-02  -0.000000e+00   0.000000e+00   0.000000e+00  -3.696325e-03   5.722034e-05  -1.200298e-03  -0.000000e+00   1.642651e-08
   8.821344e-03   1.375376e-02  -0.000000e+00   0.000000e+00   0.000000e+00  -2.245845e-03   1.358940e-04  -5.190328e-06  -0.000000e+00   8.834354e-09
   1.016341e-03   1.251344e-02  -0.000000e+00   0.000000e+00   0.000000e+00  -9.567409e-05   6.285414e-06   1.748684e-05  -0.000000e+00   1.200441e-09
   7.200022e-03   1.097916e-02  -0.000000e+00   0.000000e+00   0.000000e+00  -1.088463e-03  -1.712975e-04   3.580965e-05  -0.000000e+00   5.407152e-09
   9.882940e-03   1.596254e-02  -0.000000e+00   0.000000e+00   0.000000e+00  -8.682581e-05   2.327953e-06   2.309332e-06  -0.000000e+00   1.123547e-09
   1.798868e-02   5.656444e-03  -0.000000e+00   0.000000e+00   0.000000e+00  -1.983665e-03   2.856526e-05  -3.957580e-04  -0.000000e+00   8.761231e-09
   1.608445e-02   8.098421e-03  -0.000000e+00   0.000000e+00   0.000000e+00  -3.474504e-03   1.158089e-03   7.733692e-04  -0.000000e+00   1.340641e-08
   1.704384e-02   1.926179e-03  -0.000000e+00   0.000000e+00   0.000000e+00  -5.414015e-03   4.158655e-04  -3.392698e-04  -0.000000e+00   1.689964e-08
   1.252287e-02   4.978215e-03  -0.000000e+00   0.000000e+00   0.000000e+00  -1.458873e-03  -9.761719e-06   2.824041e-04  -0.000000e+00   8.424770e-09
   1.543875e-02   4.871934e-03  -0.000000e+00   0.000000e+00   0.000000e+00  -1.388338e-03  -1.762299e-04  -4.300936e-04  -0.000000e+00   8.225272e-09
   1.833727e-02   3.756971e-03  -0.000000e+00   0.000000e+00   0.000000e+00  -2.460295e-03  -2.359718e-04   2.553217e-04  -0.000000e+00   1.043635e-08
   1.520546e-02   1.249890e-03  -0.000000e+00   0.000000e+00   0.000000e+00  -6.004602e-05  -4.411335e-06   2.866210e-05  -0.000000e+00   9.724650e-10
   1.429692e-02   3.059595e-03  -0.000000e+00   0.000000e+00   0.000000e+00  -1.726099e-04  -9.293479e-06  -1.834912e-05  -0.000000e+00   2.167628e-09
   1.247793e-02   1.712637e-03  -0.000000e+00   0.000000e+00   0.000000e+00  -3.119555e-03   8.941979e-04   1.932032e-04  -0.000000e+00   1.224991e-08
   1.348308e-02   9.140882e-03  -0.000000e+00   0.000000e+00   0.000000e+00  -3.888728e-03  -1.410022e-04   9.304346e-05  -0.000000e+00   1.474482e-08
   1.432920e-02   6.939348e-03  -0.000000e+00   0.000000e+00   0.000000e+00  -2.529399e-04   9.840130e-05   1.217179e-06  -0.000000e+00   2.312219e-09
   1.891589e-02   9.329540e-03  -0.000000e+00   0.000000e+00   0.000000e+00  -3.687315e-03   1.602142e-03  -5.734021e-04  -0.000000e+00   1.213196e-08
   1.092328e-02   6.503684e-03  -0.000000e+00   0.000000e+00   0.000000e+00  -3.521664e-04   1.568767e-05  -1.948534e-05  -0.000000e+00   2.541006e-09
   1.127592e-02   8.324320e-03  -0.000000e+00   0.000000e+00   0.000000e+00  -7.835300e-05  -1.827282e-06  -1.639301e-05  -0.000000e+00   1.268230e-09
   1.820332e-02   1.720650e-02  -0.000000e+00   0.000000e+00   0.000000e+00  -6.469563e-03   4.114891e-04  -6.875899e-04  -0.000000e+00   2.493755e-08
   1.879816e-02   1.921213e-02  -0.000000e+00   0.000000e+00   0.000000e+00  -4.855646e-05  -1.283343e-05   5.269984e-06  -0.000000e+00   9.316440e-10
   1.681417e-02   1.499848e-02  -0.000000e+00   0.000000e+00   0.000000e+00  -5.207859e-03  -8.875151e-05  -1.110570e-03  -0.000000e+00   1.675116e-08
   1.490433e-02   1.690794e-02  -0.000000e+00   0.000000e+00   0.000000e+00  -1.796045e-03   4.660181e-04  -1.376408e-05  -0.000000e+00   8.367090e-09
   1.909358e-02   1.491158e-02  -0.000000e+00   0.000000e+00   0.000000e+00  -4.886310e-05  -7.881763e-06   8.102763e-06  -0.000000e+00   8.601805e-10
   1.575897e-02   1.918736e-02  -0.000000e+00   0.000000e+00   0.000000e+00  -5.673540e-05   6.612760e-06  -8.956462e-06  -0.000000e+00   1.045610e-09
   1.395596e-02   1.859686e-02  -0.000000e+00   0.000000e+00   0.000000e+00  -3.774219e-03  -1.699668e-04  -8.346677e-04  -0.000000e+00   1.653633e-08
   1.781076e-02   1.287566e-02  -0.000000e+00   0.000000e+00   0.000000e+00  -5.466910e-05   1.032391e-05   2.218531e-06  -0.000000e+00   1.011141e-09
   1.896031e-02   1.203578e-02  -0.000000e+00   0.000000e+00   0.000000e+00  -5.055809e-05  -4.396856e-06  -2.508188e-06  -0.000000e+00   7.864312e-10
   1.167226e-02   1.674333e-02  -0.000000e+00   0.000000e+00   0.000000e+00  -4.830378e-03  -1.238606e-04  -9.780133e-04  -0.000000e+00   1.604257e-08
   1.602096e-02   1.149442e-02  -0.000000e+00   0.000000e+00   0.000000e+00  -6.030269e-04  -6.690837e-05  -9.120654e-05  -0.000000e+00   4.080762e-09
   1.393963e-02   1.271693e-02  -0.000000e+00   0.000000e+00   0.000000e+00  -4.706176e-04  -1.057146e-04   1.121015e-04  -0.000000e+00   3.577957e-09
   1.143509e-02   1.426505e-02  -0.000000e+00   0.000000e+00   0.000000e+00  -3.600568e-03   7.884712e-04  -6.230866e-04  -0.000000e+00   1.508175e-08
   1.486979e-02   1.441518e-02  -0.000000e+00   0.000000e+00   0.000000e+00  -7.402631e-05   2.677031e-05   1.769722e-05  -0.000000e+00   1.012461e-09
   1.122276e-02   1.090281e-02  -0.000000e+00   0.000000e+00   0.000000e+00  -2.128845e-03   5.039164e-04  -4.046865e-04  -0.000000e+00   7.293286e-09
                                                0.000000e+00   0.000000e+00  -1.164508e-01   2.185027e-03  -1.118683e-02   0.000000e+00   7.325478e-09

