             15             41   5.326143e-03   7.995414e-03   1.018559e-03   5.326164e-03   7.995411e-03   1.018553e-03   1.210372e-03   1.826044e-03   2.144923e-08   5.449723e-06   3.951302e-06   7.278953e-04   2.400000e+10   2.712076e-03   1.356038e-03   3.500285e-04   5.326154e-03   7.995413e-03   1.018556e-03   2.565175e-03  -3.746936e-04  -7.967680e-04  -3.523599e-04   2.998411e-04  -1.274667e-03   9.994265e-06   2.564933e-02   9.458344e-01  -1.381575e-01  -2.937853e-01
             41            145   3.834813e-03   8.148007e-03   2.460381e-03   3.834813e-03   8.148007e-03   2.460381e-03   2.467652e-03   1.845938e-03   4.953095e-11   1.776942e-07   2.287017e-07   1.055996e-03   2.400000e+10   3.624900e-07   1.812450e-07   1.227259e-02   3.834813e-03   8.148007e-03   2.460381e-03   2.672732e-08  -3.985713e-09  -3.614814e-07  -1.681498e-07   6.634873e-08  -1.316253e-08   8.812366e-05   2.466810e-03   7.373256e-02  -1.099537e-02  -9.972174e-01
             53             85   4.065628e-03   8.582235e-04   1.069232e-03   4.065629e-03   8.582247e-04   1.069230e-03   1.167024e-03   7.385431e-04   2.814422e-09   4.057813e-06   1.128263e-06   4.523051e-04   2.400000e+10   1.016130e-04   5.080652e-05  -4.104795e-06   4.065628e-03   8.582241e-04   1.069231e-03   3.790383e-05   4.285630e-05  -8.397528e-05   3.860254e-05   1.873569e-05   2.720515e-05   1.402740e-05   8.949067e-02   3.730213e-01   4.217598e-01  -8.264223e-01
            119             73   9.267297e-03   5.633801e-03   1.780116e-03   9.267295e-03   5.633800e-03   1.780116e-03   1.116052e-03   1.427365e-03   2.463665e-09   4.024347e-08   1.242201e-06   6.263283e-04   2.400000e+10   9.793174e-05   4.896587e-05   1.990727e-06   9.267296e-03   5.633800e-03   1.780116e-03  -8.719627e-05  -4.413366e-05  -6.297278e-06  -1.130162e-05   1.524454e-05   4.513905e-05   2.455971e-05   4.148486e-01  -8.903780e-01  -4.506574e-01  -6.430273e-02
            125            205   4.975323e-03   2.188967e-03   5.957199e-03   4.975328e-03   2.188968e-03   5.957193e-03   2.445465e-03   1.869913e-03   7.586681e-09   1.389869e-07   2.835358e-06   1.059654e-03   2.400000e+10   6.883506e-04   3.441753e-04   3.598934e-04   4.975326e-03   2.188967e-03   5.957196e-03   4.205019e-04   4.904859e-05  -5.427697e-04  -4.015677e-06  -3.424679e-04  -3.400361e-05   1.927966e-05   3.596395e-01   6.108833e-01   7.125524e-02  -7.885076e-01
            133            158   7.649418e-03   8.755735e-03   2.959632e-03   7.649427e-03   8.755729e-03   2.959620e-03   1.558879e-03   2.074892e-03   1.616389e-08   5.835796e-08   3.793133e-06   8.901237e-04   2.400000e+10   1.961977e-03   6.300512e-04   1.394055e-03   7.649422e-03   8.755732e-03   2.959626e-03   1.097886e-03  -6.627344e-04  -1.484851e-03  -4.616041e-04   1.420063e-04  -4.046238e-04   2.163855e-05   8.702691e-01   5.595815e-01  -3.377892e-01  -7.568137e-01
            145            189   4.633483e-03   7.446110e-03   4.802773e-03   4.633462e-03   7.446132e-03   4.802720e-03   1.647078e-03   1.061210e-03   6.053273e-08   2.013786e-07   6.250366e-06   6.453876e-04   2.400000e+10   1.210725e-02   4.479865e-03   9.233595e-03   4.633473e-03   7.446121e-03   4.802747e-03  -4.047334e-03   4.343215e-03  -1.055183e-02  -8.003696e-04   3.961122e-03   1.933419e-03   1.298526e-05   4.646608e-02  -3.342900e-01   3.587283e-01  -8.715298e-01
            145            186   4.023582e-03   9.629981e-03   4.843707e-03   4.023571e-03   9.629965e-03   4.843700e-03   1.430640e-03   9.011800e-04   2.050246e-08   8.276673e-06   3.366870e-06   5.529004e-04   2.400000e+10   2.208932e-03   1.104466e-03   3.622875e-04   4.023577e-03   9.629973e-03   4.843703e-03  -1.205507e-03  -1.697886e-03  -7.370988e-04   7.035251e-04  -7.085704e-04   4.720438e-04   1.082699e-05   2.386528e-02  -5.457422e-01  -7.686458e-01  -3.336901e-01
            158            190   6.940723e-03   9.512806e-03   5.267841e-03   6.940725e-03   9.512808e-03   5.267810e-03   2.038156e-03   1.542217e-03   3.122056e-08   1.461795e-05   5.235374e-06   8.779194e-04   2.400000e+10   5.230441e-03   2.615221e-03   3.173081e-03   6.940724e-03   9.512807e-03   5.267825e-03   3.779949e-04   4.038998e-04  -5.201106e-03  -2.753016e-04  -2.590683e-03  -2.279256e-04   1.418827e-05   4.583497e-02   7.226826e-02   7.722098e-02  -9.943914e-01
            189            201   5.246277e-03   6.297623e-03   6.054355e-03   5.246234e-03   6.297682e-03   6.054353e-03   1.941055e-03   2.188292e-03   7.342549e-08   8.333408e-05   8.690690e-06   1.028636e-03   2.400000e+10   2.041978e-02   1.020989e-02   1.149393e-04   5.246256e-03   6.297652e-03   6.054354e-03  -1.202859e-02   1.649729e-02  -3.464192e-04   1.228458e-03   6.512379e-04  -1.011477e-02   1.161837e-05   1.172101e-02  -5.890654e-01   8.079073e-01  -1.696489e-02
            190            216   7.267608e-03   1.020731e-02   6.245427e-03   7.267591e-03   1.020728e-02   6.245424e-03   1.274366e-03   2.968405e-03   3.412733e-08   1.707287e-06   5.516137e-06   8.915950e-04   2.400000e+10   6.024033e-03   3.012017e-03   2.215719e-04   7.267600e-03   1.020729e-02   6.245426e-03  -2.930601e-03  -5.240654e-03  -4.858980e-04   3.300567e-04   1.324480e-04  -2.990947e-03   1.458327e-05   2.552654e-02  -4.864848e-01  -8.699578e-01  -8.065992e-02
            201            209   6.957464e-03   6.078012e-03   7.210166e-03   6.957462e-03   6.077988e-03   7.210151e-03   2.568193e-03   1.468297e-03   2.871240e-08   1.568028e-05   5.179092e-06   9.341953e-04   2.400000e+10   4.758533e-03   2.379267e-03  -3.980488e-03   6.957463e-03   6.078000e-03   7.210159e-03  -2.761862e-04  -3.999488e-03  -2.563485e-03  -2.235705e-04   1.299932e-03  -1.980177e-03   1.505032e-05   7.688107e-03  -5.804019e-02  -8.404876e-01  -5.387132e-01
            201            193   8.540379e-03   5.745939e-03   5.573543e-03   8.540257e-03   5.745892e-03   5.573550e-03   1.658021e-03   2.084595e-03   1.313254e-07   5.837772e-07   1.101267e-05   9.234991e-04   2.400000e+10   4.627979e-02   2.313990e-02  -7.828962e-04   8.540318e-03   5.745915e-03   5.573546e-03  -4.300217e-02  -1.689945e-02   2.653491e-03   8.462011e-03  -2.152919e-02  -5.855739e-04   1.660706e-05   7.584240e-03  -9.291782e-01  -3.651582e-01   5.733586e-02
            205            221   4.178770e-03   2.855496e-03   7.206291e-03   4.178772e-03   2.855491e-03   7.206287e-03   1.608627e-03   2.929640e-03   6.579882e-09   9.179975e-06   2.613959e-06   1.038435e-03   2.400000e+10   5.503854e-04   2.736803e-04   3.130552e-04   4.178771e-03   2.855493e-03   7.206289e-03   2.061463e-04  -3.968913e-04  -3.207881e-04   1.167656e-04   1.946025e-04  -1.529595e-04   2.171291e-05   5.615270e+00   3.745491e-01  -7.211153e-01  -5.828428e-01
            214            222   3.663966e-03   8.867183e-03   6.100691e-03   3.663970e-03   8.867177e-03   6.100693e-03   1.065103e-03   6.744134e-04   7.425989e-09   8.633026e-07   1.751144e-06   4.129422e-04   2.400000e+10   4.161271e-04   2.080636e-04   3.413736e-05   3.663968e-03   8.867180e-03   6.100692e-03   2.155410e-04  -3.417972e-04   9.939078e-05   1.577015e-04   6.707251e-05  -1.179913e-04   1.125956e-05   1.940916e-02   5.179691e-01  -8.213769e-01   2.388472e-01
            222            186   3.822652e-03   9.935503e-03   5.412468e-03   3.822642e-03   9.935498e-03   5.412478e-03   1.132017e-03   5.841593e-04   1.472510e-08   5.292705e-07   2.381992e-06   3.853207e-04   2.400000e+10   1.122402e-03   5.612009e-04   2.454240e-04   3.822647e-03   9.935501e-03   5.412473e-03  -7.649827e-04  -4.089103e-04   7.123058e-04  -1.525866e-04   5.222577e-04   1.375157e-04   9.654107e-06   7.263550e-03  -6.815587e-01  -3.643172e-01   6.346264e-01
             71            111   1.046078e-02   3.211120e-03   1.793915e-03   1.046078e-02   3.211118e-03   1.793913e-03   1.634408e-03   1.145460e-03   3.531392e-09   3.285131e-06   1.542166e-06   6.734670e-04   2.400000e+10   1.742718e-04   8.713588e-05   4.765577e-05   1.046078e-02   3.211119e-03   1.793914e-03  -6.823471e-05  -1.349965e-04  -8.654836e-05  -6.943905e-05   1.370417e-06   5.262131e-05   2.614194e-05   4.811762e-01  -3.915420e-01  -7.746321e-01  -4.966287e-01
              2             46   1.352070e-03   1.808055e-02   3.330144e-03   1.352071e-03   1.808055e-02   3.330144e-03   1.229154e-03   1.362289e-03   2.697491e-09   3.916239e-07   1.320222e-06   6.461509e-04   2.400000e+10   1.139612e-04   5.698060e-05   4.874463e-05   1.352070e-03   1.808055e-02   3.330144e-03   3.847293e-05   1.046700e-04  -2.347697e-05   4.968923e-05  -1.269812e-05   2.482994e-05   2.382296e-05   2.571930e-01   3.375967e-01   9.184710e-01  -2.060084e-01
             26             46   9.318221e-04   1.719210e-02   1.839966e-03   9.318221e-04   1.719210e-02   1.839964e-03   1.211400e-03   1.184312e-03   2.491413e-09   2.428061e-09   1.221469e-06   5.988512e-04   2.400000e+10   9.738183e-05   2.903114e-05   9.808841e-05   9.318221e-04   1.719210e-02   1.839965e-03   1.068065e-07   4.598766e-05  -8.583906e-05  -2.898953e-05   1.384286e-06   7.058018e-07   2.476726e-05   2.103829e+00   1.096780e-03   4.722406e-01  -8.814690e-01
             50            130   3.991362e-03   1.843099e-02   5.667012e-03   3.991363e-03   1.843099e-02   5.667008e-03   1.249397e-03   9.829855e-04   6.358296e-09   3.026278e-07   1.870294e-06   5.501473e-04   2.400000e+10   3.805403e-04   1.902701e-04   3.810972e-05   3.991362e-03   1.843099e-02   5.667010e-03   3.379879e-05   3.149721e-04  -2.108580e-04   4.437029e-05   9.968688e-05   1.558734e-04   1.353288e-05   6.511980e-02   8.881790e-02   8.276972e-01  -5.541018e-01
             66             48   7.042306e-03   1.773252e-02   1.068612e-03   7.042315e-03   1.773252e-02   1.068617e-03   3.244923e-03   6.330370e-04   1.034892e-08   3.588168e-09   2.341330e-06   5.297002e-04   2.400000e+10   7.753672e-04   2.188659e-04  -4.101089e-04   7.042310e-03   1.773252e-02   1.068615e-03   6.602627e-04  -7.415016e-05   3.996864e-04  -1.012432e-04   7.473202e-05   1.790732e-04   1.335043e-05   7.985801e-01   8.515484e-01  -9.563232e-02   5.154801e-01
             66             90   9.619181e-03   1.732217e-02   2.540311e-03   9.619176e-03   1.732217e-02   2.540308e-03   2.831858e-03   1.175900e-03   6.237483e-09   3.201153e-08   2.276538e-06   8.308838e-04   2.400000e+10   4.543957e-04   2.271978e-04   2.108414e-04   9.619179e-03   1.732217e-02   2.540309e-03  -3.718632e-04   1.485474e-04  -2.147716e-04  -1.306723e-04  -1.063556e-04   1.524207e-04   2.326644e-05   6.112127e+00  -8.183688e-01   3.269120e-01  -4.726533e-01
            138            105   1.050976e-03   1.563173e-02   4.922251e-03   1.050976e-03   1.563173e-02   4.922251e-03   1.284051e-03   6.606863e-04   3.251412e-09   3.420007e-05   1.190952e-06   4.362311e-04   2.400000e+10   1.239128e-04   6.195642e-05   2.591721e-06   1.050976e-03   1.563173e-02   4.922251e-03   6.195909e-06  -1.231569e-04  -1.218096e-05  -2.159112e-05  -6.467177e-06   5.771133e-05   1.365322e-05   8.986609e-02   5.000216e-02  -9.938996e-01  -9.830266e-02
            146             65   5.598677e-03   1.173620e-02   3.163449e-03   5.598677e-03   1.173620e-02   3.163449e-03   9.017671e-04   1.588261e-03   1.130989e-10   5.440314e-07   2.550558e-07   5.751910e-04   2.400000e+10   9.230888e-07   4.615444e-07  -5.319742e-05   5.598677e-03   1.173620e-02   3.163449e-03  -5.589730e-07   1.225737e-07   7.243050e-07  -1.000349e-07   4.251850e-07  -1.491107e-07   4.010772e-05   1.125612e-01  -6.055464e-01   1.327865e-01   7.846537e-01
            186            145   4.023571e-03   9.629965e-03   4.843700e-03   4.023582e-03   9.629981e-03   4.843707e-03   9.011800e-04   1.430640e-03   2.050246e-08   8.276673e-06   3.366870e-06   5.529004e-04   2.400000e+10   2.208932e-03   1.104466e-03  -3.622875e-04   4.023577e-03   9.629973e-03   4.843703e-03   1.205507e-03   1.697886e-03   7.370988e-04  -7.035251e-04   7.085704e-04  -4.720438e-04   1.082699e-05   2.386528e-02   5.457422e-01   7.686458e-01   3.336901e-01
            186            222   3.822642e-03   9.935498e-03   5.412478e-03   3.822652e-03   9.935503e-03   5.412468e-03   5.841593e-04   1.132017e-03   1.472510e-08   5.292705e-07   2.381992e-06   3.853207e-04   2.400000e+10   1.122402e-03   5.612009e-04  -2.454240e-04   3.822647e-03   9.935501e-03   5.412473e-03   7.649827e-04   4.089103e-04  -7.123058e-04   1.525866e-04  -5.222577e-04  -1.375157e-04   9.654107e-06   7.263550e-03   6.815587e-01   3.643172e-01  -6.346264e-01
              6             22   1.318917e-03   1.803541e-02   6.121492e-03   1.318917e-03   1.803542e-02   6.121489e-03   9.493597e-04   1.919761e-03   3.546477e-09   1.045551e-06   1.500939e-06   6.352273e-04   2.400000e+10   1.703375e-04   8.516877e-05   2.094179e-05   1.318917e-03   1.803541e-02   6.121490e-03  -1.215876e-05   9.534358e-05  -1.406294e-04  -5.490451e-05   5.153298e-05   3.979403e-05   2.234280e-05   1.792001e-01  -7.138037e-02   5.597333e-01  -8.255928e-01
             22             62   8.469492e-04   1.629705e-02   6.587260e-03   8.469493e-04   1.629705e-02   6.587260e-03   8.565886e-04   4.720318e-04   8.376706e-10   9.648975e-08   5.049030e-07   3.043285e-04   2.400000e+10   1.353416e-05   6.767078e-06   4.706792e-06   8.469492e-04   1.629705e-02   6.587260e-03   2.507905e-06   1.269777e-05   3.956057e-06  -5.343692e-06  -2.332262e-07   4.145348e-06   2.604601e-05   1.709154e-01   1.853019e-01   9.382019e-01   2.923017e-01
             46            105   1.433477e-03   1.676447e-02   4.414639e-03   1.433477e-03   1.676447e-02   4.414639e-03   1.093890e-03   9.004266e-04   3.453024e-11   5.230742e-08   1.305912e-07   4.938874e-04   2.400000e+10   1.442990e-07   7.214952e-08   1.296363e-04   1.433477e-03   1.676447e-02   4.414639e-03   2.759745e-08   5.717318e-08  -1.295833e-07   6.111424e-09   6.528314e-08   3.010506e-08   5.121394e-05   3.407484e-02   1.912518e-01   3.962132e-01  -8.980189e-01
             30            110   3.434568e-03   1.638945e-02   3.970087e-03   3.434568e-03   1.638946e-02   3.970087e-03   9.669927e-04   7.487380e-04   2.513012e-09   2.788794e-06   1.029791e-06   4.219917e-04   2.400000e+10   8.281209e-05   4.140605e-05  -1.498472e-05   3.434568e-03   1.638946e-02   3.970087e-03  -2.118327e-05   7.878953e-05   1.418881e-05   7.665108e-06   9.156641e-06  -3.964672e-05   2.697395e-05   3.653457e+00  -2.557992e-01   9.514254e-01   1.713374e-01
             10             86   2.701579e-03   1.320266e-02   7.952869e-04   2.701595e-03   1.320264e-02   7.952795e-04   5.375494e-04   1.674385e-03   2.330536e-08   5.707121e-07   3.079489e-06   4.069129e-04   2.400000e+10   2.296595e-03   9.066834e-04   5.770196e-04   2.701587e-03   1.320265e-02   7.952832e-04   1.555071e-03  -1.523648e-03  -7.311648e-04  -6.454164e-05   3.406990e-04  -8.377549e-04   1.154267e-05   3.220284e-02   6.771201e-01  -6.634377e-01  -3.183690e-01
            104             95   9.936115e-03   1.369568e-02   1.696022e-03   9.936115e-03   1.369568e-02   1.696021e-03   1.345766e-03   1.418087e-03   7.575360e-10   5.600810e-07   7.232367e-07   6.904903e-04   2.400000e+10   1.753209e-05   8.732384e-06  -2.764647e-06   9.936115e-03   1.369568e-02   1.696022e-03  -1.596353e-05  -7.139934e-06  -1.249439e-06   3.561514e-06  -7.971202e-06  -1.734508e-07   3.218688e-05   4.538515e-01  -9.105323e-01  -4.072494e-01  -7.126582e-02
            101            142   2.458513e-03   1.322580e-02   6.050435e-03   2.458513e-03   1.322580e-02   6.050434e-03   1.709465e-03   2.138452e-03   1.068251e-09   4.721039e-07   1.007404e-06   9.500229e-04   2.400000e+10   3.443714e-05   1.721857e-05  -7.831622e-05   2.458513e-03   1.322580e-02   6.050435e-03   4.996803e-06  -1.463738e-05  -3.076842e-05   1.176918e-05  -1.050185e-05   6.904839e-06   4.829081e-05   5.558187e-01   1.450992e-01  -4.250463e-01  -8.934662e-01
            180            188   9.837613e-03   1.213464e-02   4.558193e-03   9.837609e-03   1.213463e-02   4.558192e-03   1.040740e-03   6.835053e-04   8.396509e-09   7.181587e-06   1.861195e-06   4.125580e-04   2.400000e+10   5.000813e-04   2.423173e-04  -9.003748e-07   9.837611e-03   1.213464e-02   4.558192e-03  -2.664401e-04  -4.140040e-04  -8.770203e-05  -2.009845e-04   1.242187e-04   5.378300e-05   1.356592e-05   2.787383e-02  -5.327936e-01  -8.278734e-01  -1.753756e-01
            160            188   9.887834e-03   1.303936e-02   3.867252e-03   9.887831e-03   1.303936e-02   3.867244e-03   7.624171e-04   5.890197e-04   8.176135e-09   4.939872e-06   1.648304e-06   3.322972e-04   2.400000e+10   4.312563e-04   2.156281e-04   1.636486e-04   9.887833e-03   1.303936e-02   3.867248e-03  -1.265950e-04   1.772154e-05  -4.118758e-04   5.836293e-05   2.073213e-04  -1.035066e-05   1.160549e-05   3.537548e-02  -2.935493e-01   4.109282e-02  -9.550603e-01
            216            236   9.011008e-03   1.160469e-02   7.816873e-03   9.010996e-03   1.160468e-02   7.816858e-03   2.313668e-03   2.096155e-03   2.028455e-08   1.444277e-06   4.723178e-06   1.099774e-03   2.400000e+10   3.065841e-03   1.532920e-03   1.368044e-03   9.011002e-03   1.160469e-02   7.816866e-03  -1.868145e-03  -7.784474e-04  -2.302918e-03  -1.072340e-03  -3.408963e-04   1.041019e-03   2.130081e-05   1.382674e-01  -6.093419e-01  -2.539099e-01  -7.511539e-01
            216            190   7.267591e-03   1.020728e-02   6.245424e-03   7.267608e-03   1.020731e-02   6.245427e-03   2.968405e-03   1.274366e-03   3.412733e-08   1.707287e-06   5.516137e-06   8.915950e-04   2.400000e+10   6.024033e-03   3.012017e-03  -2.215719e-04   7.267600e-03   1.020729e-02   6.245426e-03   2.930601e-03   5.240654e-03   4.858980e-04  -3.300567e-04  -1.324480e-04   2.990947e-03   1.458327e-05   2.552654e-02   4.864848e-01   8.699578e-01   8.065992e-02
              3             83   1.804684e-02   1.836693e-03   3.927408e-03   1.804686e-02   1.836717e-03   3.927383e-03   1.568887e-03   1.545114e-03   4.258019e-08   1.261989e-06   5.757321e-06   7.784548e-04   2.400000e+10   7.844731e-03   2.011510e-03   3.596501e-03   1.804685e-02   1.836705e-03   3.927395e-03   4.524961e-03   4.337672e-03  -4.716899e-03   1.643003e-03  -8.025460e-04   8.382313e-04   1.756374e-05   6.842178e-02   5.768153e-01   5.529408e-01  -6.012824e-01
             19             27   1.670128e-02   6.777256e-03   2.134732e-03   1.670129e-02   6.777252e-03   2.134733e-03   2.637596e-03   2.337652e-03   6.828259e-09   2.800742e-06   2.908986e-06   1.239291e-03   2.400000e+10   6.356260e-04   2.029613e-04   2.198555e-05   1.670128e-02   6.777254e-03   2.134732e-03   4.987292e-04  -3.835329e-04   9.050975e-05  -4.415340e-05  -1.057928e-05   1.978177e-04   2.714204e-05   1.906398e-01   7.846269e-01  -6.033941e-01   1.423947e-01
             35            187   1.743462e-02   2.935059e-03   7.137816e-03   1.743465e-02   2.935031e-03   7.137817e-03   1.937881e-03   1.054565e-03   3.725100e-08   1.491699e-07   5.043779e-06   6.829267e-04   2.400000e+10   6.012346e-03   3.006173e-03  -5.297500e-05   1.743464e-02   2.935045e-03   7.137816e-03   3.956764e-03  -4.520012e-03   2.486303e-04   1.946841e-03   1.783324e-03   1.437582e-03   1.445524e-05   1.326061e-02   6.581065e-01  -7.517883e-01   4.135329e-02
             43             75   1.636183e-02   3.027889e-03   2.225758e-03   1.636183e-02   3.027886e-03   2.225755e-03   1.783428e-03   9.415517e-04   3.774285e-09   1.763243e-07   1.525055e-06   6.162210e-04   2.400000e+10   1.841918e-04   9.197093e-05  -1.564233e-04   1.636183e-02   3.027888e-03   2.225757e-03   2.676264e-05  -1.415420e-04  -1.147878e-04  -8.952182e-05   2.951996e-07  -2.108097e-05   2.628819e-05   7.077806e-02   1.452977e-01  -7.684488e-01  -6.231974e-01
             67            115   1.273376e-02   5.893946e-03   1.628626e-03   1.273376e-02   5.893944e-03   1.628626e-03   1.940135e-03   1.919079e-03   2.272776e-09   2.664958e-06   1.480783e-06   9.647749e-04   2.400000e+10   1.076956e-04   5.384780e-05   2.868568e-05   1.273376e-02   5.893945e-03   1.628626e-03  -1.153459e-06  -9.818221e-05  -4.424102e-05  -5.370858e-05   2.179501e-06  -3.197617e-06   2.249435e-05   1.377512e+00  -1.071036e-02  -9.116640e-01  -4.107969e-01
             67            111   1.167885e-02   4.679408e-03   1.786040e-03   1.167885e-02   4.679408e-03   1.786039e-03   1.022062e-03   1.013447e-03   1.606975e-09   9.784827e-08   9.042890e-07   5.088683e-04   2.400000e+10   4.650143e-05   2.325072e-05   8.655556e-05   1.167885e-02   4.679408e-03   1.786040e-03   3.403338e-05   1.977549e-05  -2.475968e-05  -6.613198e-06   2.094102e-05   7.637742e-06   2.878495e-05   1.854741e-01   7.318782e-01   4.252662e-01  -5.324499e-01
             99             47   1.494130e-02   4.347169e-03   1.679967e-03   1.494130e-02   4.347171e-03   1.679967e-03   1.841752e-03   1.610317e-03   2.352701e-09   3.923921e-07   1.421723e-06   8.591381e-04   2.400000e+10   1.070365e-04   5.351823e-05   7.731921e-07   1.494130e-02   4.347170e-03   1.679967e-03   4.403010e-05   9.748918e-05  -3.743445e-06   3.890343e-05  -1.882508e-05  -3.156485e-05   2.295682e-05   5.049802e-01   4.113561e-01   9.108035e-01  -3.497355e-02
            107            131   1.690129e-02   8.081931e-03   5.165001e-03   1.690137e-02   8.081980e-03   5.165025e-03   1.517980e-03   2.468323e-03   1.000684e-07   1.595821e-07   9.698341e-06   9.399349e-04   2.400000e+10   3.105593e-02   1.527960e-02   5.605290e-04   1.690133e-02   8.081955e-03   5.165013e-03   2.605284e-02   1.528914e-02   7.208494e-03  -5.467775e-03   1.253396e-02  -6.816841e-03   1.353251e-05   4.856975e-03   8.389008e-01   4.923098e-01   2.321133e-01
             72            121   1.299036e-02   8.784596e-03   2.757386e-03   1.299037e-02   8.784596e-03   2.757385e-03   2.109661e-03   1.323593e-03   1.565198e-09   1.179031e-07   1.128276e-06   8.133196e-04   2.400000e+10   5.651122e-05   2.825561e-05   3.275819e-05   1.299037e-02   8.784596e-03   2.757386e-03   4.292091e-05   2.307773e-05  -2.861349e-05   4.561710e-06  -2.458751e-05  -1.315387e-05   3.056298e-05   4.549868e+00   7.595113e-01   4.083742e-01  -5.063329e-01
            111             71   1.046078e-02   3.211118e-03   1.793913e-03   1.046078e-02   3.211120e-03   1.793915e-03   1.145460e-03   1.634408e-03   3.531392e-09   3.285131e-06   1.542166e-06   6.734670e-04   2.400000e+10   1.742718e-04   8.713588e-05  -4.765577e-05   1.046078e-02   3.211119e-03   1.793914e-03   6.823471e-05   1.349965e-04   8.654836e-05   6.943905e-05  -1.370417e-06  -5.262131e-05   2.614194e-05   4.811762e-01   3.915420e-01   7.746321e-01   4.966287e-01
            135            175   1.174694e-02   1.045086e-03   5.583804e-03   1.174694e-02   1.045086e-03   5.583803e-03   1.821245e-03   1.025132e-03   1.343630e-09   6.038551e-07   9.387882e-07   6.559273e-04   2.400000e+10   4.036428e-05   2.018214e-05   4.442483e-06   1.174694e-02   1.045086e-03   5.583804e-03   3.358720e-05   1.056039e-05  -1.973964e-05   1.066813e-06  -1.844126e-05  -8.130230e-06   3.534993e-05   8.874776e-01   8.321020e-01   2.616272e-01  -4.890373e-01
             73            119   9.267295e-03   5.633800e-03   1.780116e-03   9.267297e-03   5.633801e-03   1.780116e-03   1.427365e-03   1.116052e-03   2.463665e-09   4.024347e-08   1.242201e-06   6.263283e-04   2.400000e+10   9.793174e-05   4.896587e-05  -1.990727e-06   9.267296e-03   5.633800e-03   1.780116e-03   8.719627e-05   4.413366e-05   6.297278e-06   1.130162e-05  -1.524454e-05  -4.513905e-05   2.455971e-05   4.148486e-01   8.903780e-01   4.506574e-01   6.430273e-02
            175            191   1.076363e-02   1.806626e-03   6.487337e-03   1.076363e-02   1.806623e-03   6.487337e-03   1.920769e-03   1.276348e-03   2.429503e-09   3.890850e-06   1.364902e-06   7.668063e-04   2.400000e+10   1.061131e-04   5.305654e-05   1.617192e-07   1.076363e-02   1.806625e-03   6.487337e-03   4.370652e-06  -1.060214e-04  -5.814194e-07   3.141804e-05   1.154360e-06  -4.273840e-05   1.584143e-05   2.939926e-01   4.118863e-02  -9.991364e-01  -5.479243e-03
            184            168   1.118093e-02   9.746619e-03   4.321095e-03   1.118093e-02   9.746617e-03   4.321094e-03   1.084779e-03   1.640555e-03   3.073308e-09   1.817143e-07   1.416639e-06   6.529985e-04   2.400000e+10   1.393205e-04   6.966027e-05   9.412685e-04   1.118093e-02   9.746618e-03   4.321095e-03  -9.919672e-05  -9.319463e-05  -2.974865e-05  -6.900156e-06   2.763830e-05  -6.356937e-05   2.877682e-05   8.453163e-03  -7.120036e-01  -6.689225e-01  -2.135267e-01
            208            232   1.091881e-02   8.657926e-03   7.407302e-03   1.091887e-02   8.657963e-03   7.407264e-03   1.945535e-03   5.089825e-04   7.807358e-08   1.751859e-06   5.612288e-06   4.034371e-04   2.400000e+10   1.402148e-02   7.010742e-03  -1.370541e-02   1.091884e-02   8.657945e-03   7.407283e-03   1.024551e-02   6.637987e-03  -6.897008e-03   2.255962e-03   2.794262e-03   6.021066e-03   8.550187e-06   4.758357e-04   7.307007e-01   4.734154e-01  -4.918885e-01
            193            201   8.540257e-03   5.745892e-03   5.573550e-03   8.540379e-03   5.745939e-03   5.573543e-03   2.084595e-03   1.658021e-03   1.313254e-07   5.837772e-07   1.101267e-05   9.234991e-04   2.400000e+10   4.627979e-02   2.313990e-02   7.828962e-04   8.540318e-03   5.745915e-03   5.573546e-03   4.300217e-02   1.689945e-02  -2.653491e-03  -8.462011e-03   2.152919e-02   5.855739e-04   1.660706e-05   7.584240e-03   9.291782e-01   3.651582e-01  -5.733586e-02
             76             18   1.494498e-02   1.709084e-02   3.219558e-03   1.494498e-02   1.709083e-02   3.219551e-03   2.054606e-03   1.440724e-03   1.002421e-08   4.017895e-07   2.913638e-06   8.468787e-04   2.400000e+10   9.346210e-04   4.673105e-04  -1.619323e-04   1.494498e-02   1.709083e-02   3.219554e-03   1.412553e-04  -5.949344e-04  -7.068355e-04   2.347876e-04   3.310604e-04  -2.316310e-04   2.468934e-05   7.361987e-02   1.511365e-01  -6.365515e-01  -7.562803e-01
             76             34   1.419269e-02   1.773989e-02   1.211314e-03   1.419270e-02   1.773988e-02   1.211315e-03   2.071535e-03   1.150194e-03   1.513046e-08   1.842062e-06   3.345131e-06   7.395615e-04   2.400000e+10   1.619628e-03   8.088804e-04  -6.125094e-05   1.419269e-02   1.773989e-02   1.211314e-03   8.730374e-04  -1.355032e-03   1.577628e-04   3.728834e-04   1.590622e-04  -6.999604e-04   1.774994e-05   5.624448e-02   5.390359e-01  -8.366315e-01   9.740683e-02
            164            144   1.590190e-02   1.392504e-02   4.943986e-03   1.590189e-02   1.392503e-02   4.943992e-03   2.983451e-03   2.561209e-03   2.378050e-08   6.790382e-06   5.724730e-06   1.378126e-03   2.400000e+10   4.356382e-03   2.178191e-03  -1.799178e-04   1.590189e-02   1.392503e-02   4.943989e-03  -2.930375e-03  -3.048646e-03   1.047244e-03   7.751065e-04  -1.282097e-03  -1.581124e-03   1.934799e-05   6.416017e-02  -6.726625e-01  -6.998116e-01   2.403931e-01
            164            168   1.400445e-02   1.194343e-02   5.015729e-03   1.400446e-02   1.194344e-02   5.015731e-03   2.925864e-03   1.683670e-03   1.248386e-08   1.161689e-06   3.652594e-06   1.068696e-03   2.400000e+10   1.459151e-03   7.295756e-04  -4.716034e-04   1.400445e-02   1.194344e-02   5.015730e-03   1.073369e-03   9.535931e-04   2.601176e-04   3.713096e-04  -2.622239e-04  -5.706561e-04   2.719401e-05   1.150297e-01   7.356120e-01   6.535259e-01   1.782664e-01
             34             56   1.302017e-02   1.798375e-02   1.929664e-03   1.302018e-02   1.798375e-02   1.929664e-03   1.403176e-03   1.632267e-03   7.656560e-09   7.250146e-07   2.403574e-06   7.545382e-04   2.400000e+10   5.888995e-04   2.944497e-04  -8.792008e-06   1.302017e-02   1.798375e-02   1.929664e-03   3.364150e-04   4.816445e-04  -4.057159e-05   1.457037e-04  -1.202021e-04  -2.258816e-04   2.093990e-05   8.042822e-02   5.712605e-01   8.178723e-01  -6.889391e-02
             56             90   1.107130e-02   1.672677e-02   2.380312e-03   1.107130e-02   1.672677e-02   2.380306e-03   2.520987e-03   1.691187e-03   7.896072e-09   1.015497e-06   2.827050e-06   1.012176e-03   2.400000e+10   7.143230e-04   3.571615e-04   1.248356e-04   1.107130e-02   1.672677e-02   2.380309e-03   4.538022e-04  -9.018157e-05  -5.442317e-04   2.564009e-04   1.639273e-04   1.869511e-04   1.930797e-05   1.368412e-01   6.352900e-01  -1.262476e-01  -7.618846e-01
            132            144   1.594566e-02   1.586979e-02   5.510699e-03   1.594565e-02   1.586980e-02   5.510710e-03   1.149483e-03   1.377951e-03   1.637688e-08   3.600561e-06   3.203640e-06   6.266953e-04   2.400000e+10   1.678900e-03   8.393852e-04  -5.353803e-04   1.594565e-02   1.586979e-02   5.510704e-03  -7.116030e-04   1.091711e-03   1.058534e-03   7.596679e-04   2.620775e-04   2.424614e-04   2.586375e-05   9.366527e-02  -4.238507e-01   6.502536e-01   6.304926e-01
             95            104   9.936115e-03   1.369568e-02   1.696021e-03   9.936115e-03   1.369568e-02   1.696022e-03   1.418087e-03   1.345766e-03   7.575360e-10   5.600810e-07   7.232367e-07   6.904903e-04   2.400000e+10   1.753209e-05   8.732384e-06   2.764647e-06   9.936115e-03   1.369568e-02   1.696022e-03   1.596353e-05   7.139934e-06   1.249439e-06  -3.561514e-06   7.971202e-06   1.734508e-07   3.218688e-05   4.538515e-01   9.105323e-01   4.072494e-01   7.126582e-02
            120            137   1.300056e-02   1.196179e-02   2.851562e-03   1.300056e-02   1.196179e-02   2.851562e-03   6.379510e-04   1.592730e-03   6.143740e-10   1.981531e-06   5.290082e-07   4.555038e-04   2.400000e+10   1.040028e-05   5.200142e-06   1.477689e-08   1.300056e-02   1.196179e-02   2.851562e-03   7.724967e-06  -6.956678e-06  -3.088715e-07  -1.035034e-06  -9.081234e-07  -5.014528e-06   2.544567e-05   7.076189e-01   7.427651e-01  -6.688932e-01  -2.969837e-02
            168            188   1.084492e-02   1.223960e-02   4.878655e-03   1.084492e-02   1.223960e-02   4.878655e-03   1.108626e-03   8.847638e-04   6.316430e-09   1.508225e-05   1.762974e-06   4.920625e-04   2.400000e+10   3.563425e-04   1.781713e-04   1.251352e-06   1.084492e-02   1.223960e-02   4.878655e-03   2.648278e-04  -2.370845e-04   2.524286e-05   1.133266e-04   1.374097e-04  -4.544074e-06   1.525536e-05   5.191657e-02   7.431832e-01  -6.653275e-01   7.083875e-02
            168            184   1.118093e-02   9.746617e-03   4.321094e-03   1.118093e-02   9.746619e-03   4.321095e-03   1.640555e-03   1.084779e-03   3.073308e-09   1.817143e-07   1.416639e-06   6.529985e-04   2.400000e+10   1.393205e-04   6.966027e-05  -9.412685e-04   1.118093e-02   9.746618e-03   4.321095e-03   9.919672e-05   9.319463e-05   2.974865e-05   6.900156e-06  -2.763830e-05   6.356937e-05   2.877682e-05   8.453163e-03   7.120036e-01   6.689225e-01   2.135267e-01
             90             66   9.619176e-03   1.732217e-02   2.540308e-03   9.619181e-03   1.732217e-02   2.540311e-03   1.175900e-03   2.831858e-03   6.237483e-09   3.201153e-08   2.276538e-06   8.308838e-04   2.400000e+10   4.543957e-04   2.271978e-04  -2.108414e-04   9.619179e-03   1.732217e-02   2.540309e-03   3.718632e-04  -1.485474e-04   2.147716e-04   1.306723e-04   1.063556e-04  -1.524207e-04   2.326644e-05   6.112127e+00   8.183688e-01  -3.269120e-01   4.726533e-01
            188            180   9.837609e-03   1.213463e-02   4.558192e-03   9.837613e-03   1.213464e-02   4.558193e-03   6.835053e-04   1.040740e-03   8.396509e-09   7.181587e-06   1.861195e-06   4.125580e-04   2.400000e+10   5.000813e-04   2.423173e-04   9.003748e-07   9.837611e-03   1.213464e-02   4.558192e-03   2.664401e-04   4.140040e-04   8.770203e-05   2.009845e-04  -1.242187e-04  -5.378300e-05   1.356592e-05   2.787383e-02   5.327936e-01   8.278734e-01   1.753756e-01
            188            160   9.887831e-03   1.303936e-02   3.867244e-03   9.887834e-03   1.303936e-02   3.867252e-03   5.890197e-04   7.624171e-04   8.176135e-09   4.939872e-06   1.648304e-06   3.322972e-04   2.400000e+10   4.312563e-04   2.156281e-04  -1.636486e-04   9.887833e-03   1.303936e-02   3.867248e-03   1.265950e-04  -1.772154e-05   4.118758e-04  -5.836293e-05  -2.073213e-04   1.035066e-05   1.160549e-05   3.537548e-02   2.935493e-01  -4.109282e-02   9.550603e-01
