              5

              1
             48
          pos_x          pos_y          pos_z       normal_x       normal_y       normal_z        tangt_x        tangt_y        tangt_z          pentr
  -0.000000e+00   3.389180e-03   1.089344e-03  -7.470051e-05   0.000000e+00   0.000000e+00  -0.000000e+00  -2.705305e-05  -8.153657e-06   1.312872e-09
  -0.000000e+00   8.972254e-03   1.335541e-03  -2.541055e-03   0.000000e+00   0.000000e+00  -0.000000e+00  -1.045470e-03  -5.099480e-04   9.309200e-09
  -0.000000e+00   9.863342e-04   1.999576e-03  -1.403972e-04   0.000000e+00   0.000000e+00  -0.000000e+00  -2.541575e-05   6.109664e-05   1.551560e-09
  -0.000000e+00   4.147621e-03   1.888440e-03  -2.553937e-05   0.000000e+00   0.000000e+00  -0.000000e+00   6.072330e-06  -4.110018e-06   5.382810e-10
  -0.000000e+00   5.958344e-03   2.683974e-03  -8.913268e-04   0.000000e+00   0.000000e+00  -0.000000e+00  -2.822918e-04  -6.482435e-05   5.580770e-09
  -0.000000e+00   2.729684e-03   4.725093e-03  -1.385347e-03   0.000000e+00   0.000000e+00  -0.000000e+00  -2.814526e-04  -2.009523e-04   7.372614e-09
  -0.000000e+00   8.787441e-03   5.169060e-03  -1.733363e-03   0.000000e+00   0.000000e+00  -0.000000e+00  -3.159374e-04   4.194278e-05   6.630210e-09
  -0.000000e+00   1.304654e-03   6.232788e-03  -8.302193e-05   0.000000e+00   0.000000e+00  -0.000000e+00   1.555271e-05   1.828485e-05   1.302156e-09
  -0.000000e+00   5.528777e-03   4.970934e-03  -2.179008e-04   0.000000e+00   0.000000e+00  -0.000000e+00   2.073725e-05  -9.115283e-05   1.889067e-09
  -0.000000e+00   1.112038e-03   8.998349e-03  -3.711025e-04   0.000000e+00   0.000000e+00  -0.000000e+00  -1.807170e-05   4.901740e-05   3.256081e-09
  -0.000000e+00   9.141535e-04   4.272296e-03  -1.264464e-03   0.000000e+00   0.000000e+00  -0.000000e+00   2.660417e-04   5.191119e-04   7.557541e-09
  -0.000000e+00   3.843214e-03   6.607956e-03  -9.270408e-03   0.000000e+00   0.000000e+00  -0.000000e+00   1.720157e-03   1.766368e-03   3.469694e-08
  -0.000000e+00   7.008910e-03   6.723350e-03  -5.225479e-05   0.000000e+00   0.000000e+00  -0.000000e+00  -5.864738e-06   2.156917e-06   8.607702e-10
  -0.000000e+00   6.704807e-03   1.031479e-02  -8.819064e-04   0.000000e+00   0.000000e+00  -0.000000e+00   8.586957e-05   1.423961e-04   5.212249e-09
  -0.000000e+00   8.446747e-03   8.480393e-03  -3.170444e-04   0.000000e+00   0.000000e+00  -0.000000e+00   1.856803e-05  -8.728426e-05   2.752168e-09
  -0.000000e+00   5.002212e-03   7.069073e-03  -7.095259e-06   0.000000e+00   0.000000e+00  -0.000000e+00   1.301935e-07   5.828791e-07   2.172913e-10
  -0.000000e+00   3.405742e-03   9.524737e-03  -5.923323e-04   0.000000e+00   0.000000e+00  -0.000000e+00  -8.943494e-05   1.449157e-04   4.481316e-09
  -0.000000e+00   5.997620e-03   1.485493e-02  -1.785803e-03   0.000000e+00   0.000000e+00  -0.000000e+00  -1.734293e-04  -1.449224e-05   7.080889e-09
  -0.000000e+00   2.026686e-03   1.456958e-02  -4.719964e-05   0.000000e+00   0.000000e+00  -0.000000e+00   1.879736e-05  -9.717899e-06   7.562169e-10
  -0.000000e+00   8.934105e-03   1.338616e-02  -5.025712e-04   0.000000e+00   0.000000e+00  -0.000000e+00  -1.706584e-04   1.985454e-05   4.533840e-09
  -0.000000e+00   7.618957e-03   1.249308e-02  -1.476852e-05   0.000000e+00   0.000000e+00  -0.000000e+00   1.121066e-06  -2.468911e-06   4.290557e-10
  -0.000000e+00   4.276180e-03   1.272272e-02  -5.768196e-04   0.000000e+00   0.000000e+00  -0.000000e+00   2.096293e-04  -1.507184e-04   3.713973e-09
  -0.000000e+00   1.125500e-03   1.224955e-02  -3.075428e-04   0.000000e+00   0.000000e+00  -0.000000e+00   4.091417e-05  -1.186642e-04   3.350175e-09
  -0.000000e+00   1.434129e-02   4.756028e-03  -2.488811e-06   0.000000e+00   0.000000e+00  -0.000000e+00  -8.921784e-08  -1.100858e-07   1.370809e-10
  -0.000000e+00   1.818712e-02   4.838302e-03  -1.174667e-04   0.000000e+00   0.000000e+00  -0.000000e+00  -4.725219e-05   1.951162e-05   1.483057e-09
  -0.000000e+00   1.829753e-02   7.061704e-03  -1.126156e-06   0.000000e+00   0.000000e+00  -0.000000e+00  -7.357970e-10  -1.067844e-07   6.995729e-11
  -0.000000e+00   1.728989e-02   2.753698e-03  -2.106514e-03   0.000000e+00   0.000000e+00  -0.000000e+00   2.829628e-04  -7.972804e-04   9.318937e-09
  -0.000000e+00   1.548400e-02   1.141692e-03  -1.220034e-05   0.000000e+00   0.000000e+00  -0.000000e+00  -3.902298e-06  -1.025766e-06   3.531814e-10
  -0.000000e+00   1.393083e-02   2.762655e-03  -3.939794e-03   0.000000e+00   0.000000e+00  -0.000000e+00  -4.432581e-04   9.396049e-04   1.297174e-08
  -0.000000e+00   1.515333e-02   7.319665e-03  -1.497759e-03   0.000000e+00   0.000000e+00  -0.000000e+00   2.068390e-04   5.512833e-05   7.531306e-09
  -0.000000e+00   1.146929e-02   1.630405e-03  -1.255514e-05   0.000000e+00   0.000000e+00  -0.000000e+00  -4.589958e-06  -1.546457e-06   3.957380e-10
  -0.000000e+00   1.603988e-02   4.433553e-03  -7.369335e-04   0.000000e+00   0.000000e+00  -0.000000e+00   3.767705e-05  -1.014146e-04   5.852546e-09
  -0.000000e+00   1.615211e-02   8.432883e-03  -4.576196e-03   0.000000e+00   0.000000e+00  -0.000000e+00  -1.278685e-03  -1.072844e-03   1.580729e-08
  -0.000000e+00   1.154585e-02   7.540362e-03  -1.610130e-03   0.000000e+00   0.000000e+00  -0.000000e+00  -5.627934e-04  -1.597880e-04   8.837844e-09
  -0.000000e+00   1.372471e-02   6.252933e-03  -3.351938e-04   0.000000e+00   0.000000e+00  -0.000000e+00  -8.798212e-06   9.316038e-06   2.983012e-09
  -0.000000e+00   1.384117e-02   9.181486e-03  -9.193233e-04   0.000000e+00   0.000000e+00  -0.000000e+00  -9.409195e-05  -3.257154e-04   5.388168e-09
  -0.000000e+00   1.010304e-02   8.168457e-03  -5.528658e-05   0.000000e+00   0.000000e+00  -0.000000e+00  -6.924786e-06   4.304857e-06   1.040864e-09
  -0.000000e+00   1.907186e-02   9.383507e-03  -2.013652e-03   0.000000e+00   0.000000e+00  -0.000000e+00   4.928069e-04   1.761553e-04   9.484203e-09
  -0.000000e+00   1.196790e-02   9.114598e-03  -7.694350e-04   0.000000e+00   0.000000e+00  -0.000000e+00   1.504230e-04   7.579845e-06   6.489094e-09
  -0.000000e+00   1.021856e-02   9.473737e-03  -7.136458e-05   0.000000e+00   0.000000e+00  -0.000000e+00   1.617570e-05   1.239262e-05   1.009656e-09
  -0.000000e+00   1.841456e-02   1.786798e-02  -8.227534e-05   0.000000e+00   0.000000e+00  -0.000000e+00  -1.035058e-05   2.842037e-05   1.271342e-09
  -0.000000e+00   1.451361e-02   1.468921e-02  -1.338221e-04   0.000000e+00   0.000000e+00  -0.000000e+00   1.103308e-05  -1.021951e-05   1.447372e-09
  -0.000000e+00   1.744215e-02   1.499193e-02  -2.757840e-04   0.000000e+00   0.000000e+00  -0.000000e+00   3.884276e-05   2.159488e-05   2.049850e-09
  -0.000000e+00   1.042612e-02   1.451318e-02  -7.881055e-05   0.000000e+00   0.000000e+00   0.000000e+00  -2.523655e-05  -3.026371e-05   1.160866e-09
  -0.000000e+00   1.181115e-02   1.273653e-02  -9.388904e-04   0.000000e+00   0.000000e+00  -0.000000e+00  -1.563672e-05  -3.892628e-05   5.016188e-09
  -0.000000e+00   1.450601e-02   1.209765e-02  -1.673770e-04   0.000000e+00   0.000000e+00  -0.000000e+00  -3.761228e-05   3.614308e-05   1.729549e-09
  -0.000000e+00   1.651856e-02   1.218917e-02  -2.271534e-03   0.000000e+00   0.000000e+00  -0.000000e+00  -7.242956e-04   1.565606e-04   1.006422e-08
  -0.000000e+00   1.844904e-02   1.190972e-02  -4.826881e-04   0.000000e+00   0.000000e+00  -0.000000e+00  -1.094475e-04   1.912507e-04   3.806380e-09
                                               -4.629256e-02   0.000000e+00   0.000000e+00   0.000000e+00  -2.167693e-03   6.219625e-04   4.793431e-09

              2
             36
          pos_x          pos_y          pos_z       normal_x       normal_y       normal_z        tangt_x        tangt_y        tangt_z          pentr
   2.000000e-02   3.222636e-03   3.315081e-03   3.029724e-03   0.000000e+00   0.000000e+00  -0.000000e+00  -3.610507e-04   9.437686e-04   9.795747e-09
   2.000000e-02   1.866107e-03   6.320290e-03   3.623195e-03   0.000000e+00   0.000000e+00  -0.000000e+00   9.584410e-04   1.343849e-03   1.076716e-08
   2.000000e-02   5.555381e-03   5.159235e-03   1.259791e-03   0.000000e+00   0.000000e+00  -0.000000e+00   4.993261e-04   1.664239e-04   6.610331e-09
   2.000000e-02   8.661516e-03   6.008107e-03   4.092209e-03   0.000000e+00   0.000000e+00  -0.000000e+00  -8.806300e-04   6.154865e-04   1.364789e-08
   2.000000e-02   3.712141e-03   9.332898e-03   1.792823e-04   0.000000e+00   0.000000e+00  -0.000000e+00  -2.505417e-05   3.095822e-05   2.148643e-09
   2.000000e-02   6.024955e-03   7.540309e-03   3.278893e-04   0.000000e+00   0.000000e+00  -0.000000e+00   4.608573e-05  -1.231869e-04   2.672843e-09
   2.000000e-02   1.106290e-03   9.341830e-03   5.319813e-04   0.000000e+00   0.000000e+00  -0.000000e+00  -1.476066e-04  -1.594372e-04   4.031352e-09
   2.000000e-02   8.864728e-03   2.764457e-03   7.787383e-05   0.000000e+00   0.000000e+00  -0.000000e+00   3.102048e-05   1.393149e-05   1.271421e-09
   2.000000e-02   7.550613e-03   1.748067e-02   1.724683e-04   0.000000e+00   0.000000e+00  -0.000000e+00   5.103834e-05   1.912229e-05   2.084579e-09
   2.000000e-02   9.020949e-03   1.561654e-02   3.443281e-04   0.000000e+00   0.000000e+00  -0.000000e+00  -2.600349e-06  -8.889328e-05   2.783285e-09
   2.000000e-02   2.152293e-03   1.512360e-02   7.850803e-04   0.000000e+00   0.000000e+00  -0.000000e+00  -1.616294e-04   9.828548e-05   5.072877e-09
   2.000000e-02   5.299905e-03   1.545098e-02   3.085243e-04   0.000000e+00   0.000000e+00  -0.000000e+00   1.656043e-05  -4.673054e-05   2.485312e-09
   2.000000e-02   4.827026e-03   1.250649e-02   1.695856e-05   0.000000e+00   0.000000e+00  -0.000000e+00   4.633447e-07  -8.186339e-07   4.573372e-10
   2.000000e-02   3.386798e-03   1.085548e-02   7.509265e-04   0.000000e+00   0.000000e+00  -0.000000e+00   4.510408e-05   5.324604e-06   4.816545e-09
   2.000000e-02   6.664402e-03   1.059065e-02   2.173871e-03   0.000000e+00   0.000000e+00  -0.000000e+00  -3.832443e-04  -2.402689e-04   7.450039e-09
   2.000000e-02   1.912741e-02   1.170556e-03   1.196128e-05   0.000000e+00   0.000000e+00  -0.000000e+00  -1.646493e-06  -3.035341e-06   3.754418e-10
   2.000000e-02   1.635302e-02   4.832036e-03   3.536896e-03   0.000000e+00   0.000000e+00  -0.000000e+00  -8.001035e-04  -2.540750e-04   1.334696e-08
   2.000000e-02   1.531119e-02   3.065644e-03   6.017248e-03   0.000000e+00   0.000000e+00  -0.000000e+00   7.786529e-04   1.937450e-03   1.683991e-08
   2.000000e-02   1.900224e-02   4.584856e-03   3.263565e-04   0.000000e+00   0.000000e+00  -0.000000e+00  -1.623915e-05  -1.152338e-04   2.714056e-09
   2.000000e-02   1.861633e-02   9.407803e-03   2.668702e-03   0.000000e+00   0.000000e+00  -0.000000e+00   5.007058e-04   5.607421e-05   9.701285e-09
   2.000000e-02   1.790055e-02   3.063178e-03   3.152402e-03   0.000000e+00   0.000000e+00  -0.000000e+00   1.004112e-03  -7.515873e-06   1.294765e-08
   2.000000e-02   1.468699e-02   8.768459e-04   1.089506e-05   0.000000e+00   0.000000e+00  -0.000000e+00  -1.316317e-06  -2.941357e-06   3.263550e-10
   2.000000e-02   1.144998e-02   8.864986e-03   1.744909e-03   0.000000e+00   0.000000e+00  -0.000000e+00  -5.891716e-05   3.396402e-04   9.165756e-09
   2.000000e-02   1.284664e-02   3.556921e-03   1.853827e-03   0.000000e+00   0.000000e+00  -0.000000e+00  -5.434700e-04  -5.681312e-04   7.929018e-09
   2.000000e-02   1.227533e-02   6.554141e-04   7.394670e-06   0.000000e+00   0.000000e+00  -0.000000e+00   9.844229e-07   6.384449e-07   2.997771e-10
   2.000000e-02   1.023463e-02   7.289759e-03   3.598855e-05   0.000000e+00   0.000000e+00  -0.000000e+00   3.890785e-06   9.536500e-06   6.525690e-10
   2.000000e-02   1.386382e-02   1.770669e-02   2.369196e-05   0.000000e+00   0.000000e+00  -0.000000e+00   8.100660e-06   9.330704e-07   6.264388e-10
   2.000000e-02   1.703428e-02   1.811178e-02   2.534867e-04   0.000000e+00   0.000000e+00  -0.000000e+00   3.665311e-05  -1.921395e-05   2.143956e-09
   2.000000e-02   1.297323e-02   1.620121e-02   3.878310e-05   0.000000e+00   0.000000e+00  -0.000000e+00  -1.138464e-05  -7.005499e-06   5.963919e-10
   2.000000e-02   1.090524e-02   1.525329e-02   3.342269e-05   0.000000e+00   0.000000e+00  -0.000000e+00   2.062640e-06  -1.531181e-05   6.579701e-10
   2.000000e-02   1.361764e-02   1.416527e-02   7.700212e-05   0.000000e+00   0.000000e+00  -0.000000e+00   1.848506e-05  -2.586836e-05   1.372710e-09
   2.000000e-02   1.082100e-02   1.314852e-02   3.563309e-04   0.000000e+00   0.000000e+00  -0.000000e+00   6.757131e-05   6.061607e-05   3.290592e-09
   2.000000e-02   1.822710e-02   1.281204e-02   3.048568e-04   0.000000e+00   0.000000e+00  -0.000000e+00  -1.400614e-04   3.872119e-05   2.449187e-09
   2.000000e-02   1.280272e-02   1.235929e-02   4.864448e-04   0.000000e+00   0.000000e+00  -0.000000e+00   6.733880e-05   4.890231e-05   3.808886e-09
   2.000000e-02   1.908672e-02   1.136551e-02   1.532879e-04   0.000000e+00   0.000000e+00  -0.000000e+00   2.981178e-05  -4.034288e-05   2.057891e-09
   2.000000e-02   9.687549e-03   1.069942e-02   5.164505e-04   0.000000e+00   0.000000e+00  -0.000000e+00  -4.651343e-05  -1.683617e-04   3.714932e-09
                                                3.928444e-02   0.000000e+00   0.000000e+00   0.000000e+00   5.849409e-04   3.843289e-03   4.753142e-09

              3
             42
          pos_x          pos_y          pos_z       normal_x       normal_y       normal_z        tangt_x        tangt_y        tangt_z          pentr
   6.189401e-03  -0.000000e+00   9.887069e-04   0.000000e+00  -1.119205e-03   0.000000e+00  -2.685343e-05  -0.000000e+00  -1.913044e-04   7.119544e-09
   6.084427e-04  -0.000000e+00   1.824369e-03   0.000000e+00  -9.814768e-06   0.000000e+00  -1.959706e-07  -0.000000e+00  -4.675844e-06   3.660383e-10
   3.902330e-03  -0.000000e+00   1.935871e-03   0.000000e+00  -2.021060e-05   0.000000e+00   6.807342e-07  -0.000000e+00   5.065318e-06   4.364152e-10
   2.128807e-03  -0.000000e+00   3.459439e-03   0.000000e+00  -3.995231e-03   0.000000e+00  -5.493245e-04  -0.000000e+00   1.410666e-03   1.482441e-08
   1.679352e-03  -0.000000e+00   6.310451e-03   0.000000e+00  -9.447424e-04   0.000000e+00   1.114717e-04  -0.000000e+00   9.069024e-05   5.667326e-09
   1.376289e-03  -0.000000e+00   8.432216e-03   0.000000e+00  -8.530444e-04   0.000000e+00   4.022270e-05  -0.000000e+00  -3.776007e-04   4.751093e-09
   2.400786e-03  -0.000000e+00   4.878735e-03   0.000000e+00  -1.284221e-04   0.000000e+00  -3.203238e-05  -0.000000e+00   2.444674e-05   1.822095e-09
   8.820988e-04  -0.000000e+00   4.208785e-03   0.000000e+00  -2.018829e-04   0.000000e+00  -1.756510e-05  -0.000000e+00   5.027803e-05   2.279082e-09
   8.081134e-03  -0.000000e+00   6.138989e-03   0.000000e+00  -1.553243e-04   0.000000e+00   4.344106e-05  -0.000000e+00   5.592604e-07   1.573694e-09
   3.673915e-03  -0.000000e+00   7.664771e-03   0.000000e+00  -8.623519e-04   0.000000e+00   2.088631e-04  -0.000000e+00  -1.639086e-04   5.516980e-09
   5.729168e-03  -0.000000e+00   6.170152e-03   0.000000e+00  -1.099617e-04   0.000000e+00   1.229831e-05  -0.000000e+00   4.178017e-05   1.645484e-09
   5.631705e-03  -0.000000e+00   7.783789e-03   0.000000e+00  -2.004759e-05   0.000000e+00  -4.468891e-06  -0.000000e+00   1.900353e-06   5.272465e-10
   9.704063e-03  -0.000000e+00   1.377362e-03   0.000000e+00  -3.226701e-03   0.000000e+00  -5.976299e-06  -0.000000e+00   7.527867e-04   1.382694e-08
   7.735820e-03  -0.000000e+00   8.337096e-03   0.000000e+00  -1.270995e-04   0.000000e+00   1.571483e-05  -0.000000e+00   4.589334e-05   1.496446e-09
   5.617471e-03  -0.000000e+00   1.872171e-02   0.000000e+00  -1.212384e-04   0.000000e+00  -1.632620e-05  -0.000000e+00   1.282451e-05   1.477542e-09
   6.448716e-03  -0.000000e+00   1.442466e-02   0.000000e+00  -7.711764e-04   0.000000e+00   1.369916e-04  -0.000000e+00   5.280095e-05   4.690827e-09
   4.050025e-03  -0.000000e+00   1.537507e-02   0.000000e+00  -4.930982e-05   0.000000e+00  -2.214507e-05  -0.000000e+00   2.608208e-06   8.419759e-10
   1.770625e-03  -0.000000e+00   1.395492e-02   0.000000e+00  -2.648902e-04   0.000000e+00  -9.775190e-06  -0.000000e+00   8.972373e-05   2.063892e-09
   4.991717e-03  -0.000000e+00   1.236441e-02   0.000000e+00  -1.908799e-05   0.000000e+00   6.550961e-07  -0.000000e+00  -4.416763e-06   4.302093e-10
   8.302838e-03  -0.000000e+00   1.204455e-02   0.000000e+00  -2.948690e-04   0.000000e+00   9.998250e-06  -0.000000e+00  -1.118559e-04   2.390261e-09
   2.526119e-03  -0.000000e+00   1.242655e-02   0.000000e+00  -2.743983e-05   0.000000e+00  -1.071298e-06  -0.000000e+00   1.057902e-05   6.302830e-10
   1.398045e-03  -0.000000e+00   1.057282e-02   0.000000e+00  -3.233287e-04   0.000000e+00   2.394596e-05  -0.000000e+00   3.353582e-05   2.954567e-09
   5.741529e-03  -0.000000e+00   1.068637e-02   0.000000e+00  -2.622152e-03   0.000000e+00   6.463572e-04  -0.000000e+00   5.560825e-04   1.322283e-08
   1.763547e-02  -0.000000e+00   1.815856e-03   0.000000e+00  -1.736618e-03   0.000000e+00   4.445261e-04  -0.000000e+00  -7.683106e-05   7.998356e-09
   1.736252e-02  -0.000000e+00   4.645216e-03   0.000000e+00  -4.775019e-03   0.000000e+00   1.265291e-03  -0.000000e+00  -1.165733e-03   1.509131e-08
   1.861943e-02  -0.000000e+00   9.378394e-03   0.000000e+00  -7.585264e-04   0.000000e+00   1.977480e-04  -0.000000e+00  -2.189193e-04   4.290745e-09
   1.511508e-02  -0.000000e+00   2.857672e-03   0.000000e+00  -1.043308e-03   0.000000e+00  -2.696403e-04  -0.000000e+00   4.154304e-04   5.517033e-09
   1.539767e-02  -0.000000e+00   9.755157e-04   0.000000e+00  -2.866270e-05   0.000000e+00   4.430292e-06  -0.000000e+00   7.828812e-06   7.041320e-10
   1.277935e-02  -0.000000e+00   1.469756e-03   0.000000e+00  -3.944620e-03   0.000000e+00   1.722667e-04  -0.000000e+00  -1.702866e-03   1.543680e-08
   1.090346e-02  -0.000000e+00   6.253144e-03   0.000000e+00  -3.828299e-04   0.000000e+00   7.854154e-05  -0.000000e+00  -1.464841e-04   3.189950e-09
   1.449431e-02  -0.000000e+00   8.968311e-03   0.000000e+00  -6.586274e-05   0.000000e+00  -5.246440e-06  -0.000000e+00  -7.027048e-06   8.588282e-10
   1.044017e-02  -0.000000e+00   3.207723e-03   0.000000e+00  -2.412809e-04   0.000000e+00   6.525142e-05  -0.000000e+00  -7.116543e-05   1.977050e-09
   1.706004e-02  -0.000000e+00   9.279170e-03   0.000000e+00  -1.471364e-05   0.000000e+00   1.493074e-07  -0.000000e+00   4.809007e-06   4.304802e-10
   1.272207e-02  -0.000000e+00   8.249118e-03   0.000000e+00  -1.861152e-04   0.000000e+00  -7.161955e-05  -0.000000e+00  -5.141477e-05   2.342187e-09
   1.222952e-02  -0.000000e+00   6.596782e-03   0.000000e+00  -7.805426e-06   0.000000e+00  -7.050440e-08  -0.000000e+00   2.545061e-06   2.317871e-10
   1.023574e-02  -0.000000e+00   1.038875e-02   0.000000e+00  -3.185514e-03   0.000000e+00  -3.313186e-04  -0.000000e+00   3.685751e-04   1.292523e-08
   1.310796e-02  -0.000000e+00   1.664678e-02   0.000000e+00  -4.114077e-05   0.000000e+00  -6.619513e-07  -0.000000e+00   1.034117e-05   7.427879e-10
   1.748307e-02  -0.000000e+00   1.499676e-02   0.000000e+00  -7.284304e-04   0.000000e+00  -1.200411e-04  -0.000000e+00  -9.222692e-05   4.334322e-09
   1.097417e-02  -0.000000e+00   1.514711e-02   0.000000e+00  -1.877096e-03   0.000000e+00  -5.044247e-04  -0.000000e+00   1.598897e-04   8.237846e-09
   1.460130e-02  -0.000000e+00   1.436108e-02   0.000000e+00  -5.559534e-04   0.000000e+00   1.784315e-04  -0.000000e+00  -1.821304e-04   3.859202e-09
   1.586922e-02  -0.000000e+00   1.253232e-02   0.000000e+00  -1.756626e-04   0.000000e+00  -2.961113e-05  -0.000000e+00  -1.705883e-05   1.694335e-09
   1.308503e-02  -0.000000e+00   1.213463e-02   0.000000e+00  -2.407834e-04   0.000000e+00  -2.494361e-05  -0.000000e+00  -2.182967e-05   2.726187e-09
                                                0.000000e+00  -3.625747e-02   0.000000e+00   1.613964e-03   0.000000e+00  -4.558079e-04   4.360565e-09

              4
             42
          pos_x          pos_y          pos_z       normal_x       normal_y       normal_z        tangt_x        tangt_y        tangt_z          pentr
   1.651096e-03   2.000000e-02   2.474575e-03   0.000000e+00   2.673681e-04   0.000000e+00   5.520634e-05  -0.000000e+00  -1.577363e-06   2.193149e-09
   6.535051e-03   2.000000e-02   6.124089e-03   0.000000e+00   4.821926e-04   0.000000e+00   5.713493e-05  -0.000000e+00  -4.263984e-05   3.511334e-09
   3.888217e-03   2.000000e-02   4.056282e-03   0.000000e+00   2.136177e-03   0.000000e+00   9.661557e-04  -0.000000e+00  -2.145154e-04   8.357315e-09
   7.878795e-03   2.000000e-02   2.668066e-03   0.000000e+00   1.947326e-03   0.000000e+00  -6.514012e-04  -0.000000e+00  -5.960970e-04   9.021772e-09
   9.664236e-03   2.000000e-02   7.010228e-03   0.000000e+00   1.993391e-03   0.000000e+00   4.728673e-04  -0.000000e+00   2.138516e-04   9.265506e-09
   1.512420e-03   2.000000e-02   6.981370e-03   0.000000e+00   2.066277e-07   0.000000e+00  -1.635070e-09   0.000000e+00  -1.033009e-07   2.409434e-11
   4.818050e-03   2.000000e-02   1.240075e-03   0.000000e+00   4.468988e-04   0.000000e+00   6.454262e-05  -0.000000e+00   3.474765e-05   3.158410e-09
   3.651084e-03   2.000000e-02   9.568446e-03   0.000000e+00   5.665489e-03   0.000000e+00   1.865054e-03  -0.000000e+00   1.719549e-04   1.355042e-08
   8.268753e-03   2.000000e-02   9.471236e-03   0.000000e+00   3.968707e-04   0.000000e+00   7.410783e-05  -0.000000e+00  -8.798732e-05   2.800072e-09
   9.657563e-03   2.000000e-02   1.299645e-03   0.000000e+00   1.694283e-04   0.000000e+00  -2.144546e-05  -0.000000e+00  -3.796941e-05   1.969380e-09
   7.850012e-03   2.000000e-02   6.593558e-03   0.000000e+00   4.358582e-04   0.000000e+00   3.678926e-05  -0.000000e+00  -4.796868e-05   3.753217e-09
   7.538744e-04   2.000000e-02   9.396645e-03   0.000000e+00   1.246576e-03   0.000000e+00  -4.916243e-04  -0.000000e+00   1.210977e-04   8.109166e-09
   1.700213e-03   2.000000e-02   1.803383e-02   0.000000e+00   1.770259e-05   0.000000e+00  -1.323597e-06  -0.000000e+00   6.008129e-06   4.411247e-10
   7.779840e-03   2.000000e-02   1.590225e-02   0.000000e+00   2.189693e-04   0.000000e+00   1.915354e-05  -0.000000e+00  -4.791566e-05   2.597574e-09
   5.308459e-03   2.000000e-02   1.524444e-02   0.000000e+00   1.347785e-03   0.000000e+00   3.649753e-04  -0.000000e+00   6.786010e-05   7.801462e-09
   2.280518e-03   2.000000e-02   1.562857e-02   0.000000e+00   1.055178e-03   0.000000e+00   2.532809e-04  -0.000000e+00   1.382548e-04   5.342342e-09
   9.831352e-03   2.000000e-02   1.385983e-02   0.000000e+00   3.331097e-04   0.000000e+00  -2.776687e-05  -0.000000e+00   3.918257e-05   2.352334e-09
   5.356942e-03   2.000000e-02   1.238585e-02   0.000000e+00   3.377077e-05   0.000000e+00  -2.792992e-06  -0.000000e+00  -1.052038e-05   5.498208e-10
   1.604218e-03   2.000000e-02   1.137093e-02   0.000000e+00   4.951600e-04   0.000000e+00  -1.244952e-04  -0.000000e+00   1.800587e-04   3.698129e-09
   1.794356e-02   2.000000e-02   5.606323e-03   0.000000e+00   3.138914e-04   0.000000e+00   2.195992e-05  -0.000000e+00  -1.022201e-04   2.862051e-09
   1.939956e-02   2.000000e-02   4.534017e-03   0.000000e+00   7.361992e-04   0.000000e+00   1.200881e-04  -0.000000e+00  -1.500994e-05   6.586361e-09
   1.657703e-02   2.000000e-02   8.491257e-03   0.000000e+00   7.816253e-04   0.000000e+00  -1.304736e-04  -0.000000e+00  -4.882413e-05   5.290019e-09
   1.620095e-02   2.000000e-02   3.799030e-03   0.000000e+00   1.536202e-03   0.000000e+00  -3.228766e-04  -0.000000e+00   9.309741e-05   9.162455e-09
   1.790090e-02   2.000000e-02   1.039843e-02   0.000000e+00   9.213154e-04   0.000000e+00  -9.864059e-06  -0.000000e+00   1.736058e-04   6.774012e-09
   1.775592e-02   2.000000e-02   2.692268e-03   0.000000e+00   3.400075e-03   0.000000e+00   3.586129e-04  -0.000000e+00  -1.573299e-03   1.324569e-08
   1.412030e-02   2.000000e-02   4.115815e-03   0.000000e+00   6.056643e-04   0.000000e+00   1.467018e-05  -0.000000e+00   5.557472e-05   4.200248e-09
   1.543239e-02   2.000000e-02   9.592339e-04   0.000000e+00   9.687903e-06   0.000000e+00  -2.657072e-06  -0.000000e+00   9.481671e-07   2.795115e-10
   1.376079e-02   2.000000e-02   1.880982e-03   0.000000e+00   5.179984e-03   0.000000e+00   1.808894e-03  -0.000000e+00   1.038558e-03   1.672930e-08
   1.540896e-02   2.000000e-02   7.189635e-03   0.000000e+00   7.721669e-06   0.000000e+00  -3.289123e-06  -0.000000e+00   3.432996e-07   2.238750e-10
   1.168820e-02   2.000000e-02   2.101234e-03   0.000000e+00   1.165665e-02   0.000000e+00  -1.278469e-03  -0.000000e+00  -5.446388e-04   2.596212e-08
   1.418849e-02   2.000000e-02   5.594730e-03   0.000000e+00   3.300227e-05   0.000000e+00   3.952794e-06  -0.000000e+00   2.119625e-06   6.955098e-10
   1.179760e-02   2.000000e-02   5.311147e-03   0.000000e+00   4.831074e-04   0.000000e+00  -7.522181e-05  -0.000000e+00  -8.014132e-05   3.578471e-09
   1.616469e-02   2.000000e-02   6.053252e-03   0.000000e+00   8.344549e-05   0.000000e+00   5.836038e-06  -0.000000e+00   3.221567e-05   1.479506e-09
   1.404476e-02   2.000000e-02   7.323928e-03   0.000000e+00   1.430275e-04   0.000000e+00   4.156156e-05  -0.000000e+00   1.462111e-05   2.067920e-09
   1.134424e-02   2.000000e-02   8.926864e-03   0.000000e+00   1.226037e-04   0.000000e+00   2.432733e-05  -0.000000e+00   9.175552e-06   1.343405e-09
   1.456750e-02   2.000000e-02   9.752565e-03   0.000000e+00   2.334134e-04   0.000000e+00   5.683485e-05  -0.000000e+00   9.890905e-05   2.340090e-09
   1.402785e-02   2.000000e-02   1.716065e-02   0.000000e+00   2.344870e-04   0.000000e+00  -7.847354e-05  -0.000000e+00  -5.530980e-05   2.162339e-09
   1.140833e-02   2.000000e-02   1.594195e-02   0.000000e+00   4.991335e-05   0.000000e+00   2.939556e-06  -0.000000e+00   3.897777e-07   9.503187e-10
   1.763210e-02   2.000000e-02   1.466152e-02   0.000000e+00   2.694253e-04   0.000000e+00  -9.786199e-05  -0.000000e+00  -8.679103e-06   2.492459e-09
   1.255700e-02   2.000000e-02   1.373370e-02   0.000000e+00   2.095856e-04   0.000000e+00  -3.075016e-06  -0.000000e+00   5.725718e-05   2.084532e-09
   1.185799e-02   2.000000e-02   1.123864e-02   0.000000e+00   2.219630e-03   0.000000e+00   2.750351e-04  -0.000000e+00  -8.354920e-04   8.266394e-09
   1.925373e-02   2.000000e-02   1.131548e-02   0.000000e+00   6.870497e-05   0.000000e+00  -2.828655e-05  -0.000000e+00  -4.697032e-06   1.343346e-09
                                                0.000000e+00   4.798883e-02   0.000000e+00   3.612581e-03   0.000000e+00  -1.805774e-03   4.967061e-09

              5
             62
          pos_x          pos_y          pos_z       normal_x       normal_y       normal_z        tangt_x        tangt_y        tangt_z          pentr
   2.176673e-03   1.561531e-03  -0.000000e+00   0.000000e+00   0.000000e+00  -8.602819e-03   2.697211e-04  -1.069552e-03  -0.000000e+00   2.122197e-08
   6.371596e-03   1.429756e-03  -0.000000e+00   0.000000e+00   0.000000e+00  -1.975899e-03   3.945671e-04   3.657551e-04  -0.000000e+00   8.010900e-09
   4.695575e-03   5.495449e-03  -0.000000e+00   0.000000e+00   0.000000e+00  -5.181215e-05   1.094944e-05   1.862836e-05  -0.000000e+00   9.577622e-10
   1.279665e-03   3.459616e-03  -0.000000e+00   0.000000e+00   0.000000e+00  -1.020631e-04   3.416530e-05  -1.942756e-05  -0.000000e+00   1.446458e-09
   6.064878e-03   8.902551e-03  -0.000000e+00   0.000000e+00   0.000000e+00  -4.504211e-04  -8.427040e-05   8.582084e-05  -0.000000e+00   4.275284e-09
   1.188877e-03   9.737840e-03  -0.000000e+00   0.000000e+00   0.000000e+00  -3.025936e-03  -7.101027e-04   8.837782e-04  -0.000000e+00   1.163361e-08
   7.883880e-04   5.631262e-03  -0.000000e+00   0.000000e+00   0.000000e+00  -6.346423e-05  -1.196005e-05   9.319944e-06  -0.000000e+00   9.133774e-10
   2.646373e-03   4.989891e-03  -0.000000e+00   0.000000e+00   0.000000e+00  -1.365280e-04   1.815171e-05   4.971868e-05  -0.000000e+00   1.589341e-09
   2.321106e-03   6.769999e-03  -0.000000e+00   0.000000e+00   0.000000e+00  -5.226569e-05  -1.338655e-08  -2.169415e-07  -0.000000e+00   8.003712e-10
   3.926048e-03   9.290769e-03  -0.000000e+00   0.000000e+00   0.000000e+00  -5.345447e-04  -1.606212e-04   7.434017e-05  -0.000000e+00   3.212640e-09
   4.292147e-03   1.327908e-03  -0.000000e+00   0.000000e+00   0.000000e+00  -4.604370e-04  -2.187521e-05  -1.032656e-04  -0.000000e+00   3.427516e-09
   3.367295e-03   3.054537e-03  -0.000000e+00   0.000000e+00   0.000000e+00  -1.432623e-04  -5.651222e-05  -3.621316e-05  -0.000000e+00   1.963567e-09
   4.410903e-03   6.638511e-03  -0.000000e+00   0.000000e+00   0.000000e+00  -6.349702e-05  -3.136898e-06   1.592133e-06  -0.000000e+00   1.141488e-09
   5.115110e-03   3.556035e-03  -0.000000e+00   0.000000e+00   0.000000e+00  -4.871740e-03  -7.301508e-04   5.183904e-04  -0.000000e+00   1.723992e-08
   6.293236e-03   6.672193e-03  -0.000000e+00   0.000000e+00   0.000000e+00  -5.296569e-04  -9.522626e-05  -7.869067e-05  -0.000000e+00   4.006534e-09
   8.492811e-03   5.217156e-03  -0.000000e+00   0.000000e+00   0.000000e+00  -6.813671e-03  -5.220716e-04  -3.041652e-03  -0.000000e+00   1.954825e-08
   8.315133e-03   8.071722e-03  -0.000000e+00   0.000000e+00   0.000000e+00  -6.796000e-03  -1.188170e-03  -2.657870e-03  -0.000000e+00   1.836715e-08
   9.430723e-03   2.211645e-03  -0.000000e+00   0.000000e+00   0.000000e+00  -5.435067e-03  -5.351999e-04  -7.383967e-04  -0.000000e+00   1.416737e-08
   1.044014e-03   1.843453e-02  -0.000000e+00   0.000000e+00   0.000000e+00  -1.010327e-03  -1.981810e-04   1.607215e-04  -0.000000e+00   5.276243e-09
   4.013513e-03   1.872976e-02  -0.000000e+00   0.000000e+00   0.000000e+00  -7.152523e-04   7.348081e-05  -1.025999e-04  -0.000000e+00   4.376441e-09
   2.346646e-03   1.685582e-02  -0.000000e+00   0.000000e+00   0.000000e+00  -1.780967e-04  -5.912860e-06  -1.265580e-05  -0.000000e+00   2.087301e-09
   6.292798e-03   1.816646e-02  -0.000000e+00   0.000000e+00   0.000000e+00  -1.316940e-04  -5.165848e-05   2.299104e-05  -0.000000e+00   1.491420e-09
   1.049230e-03   1.581939e-02  -0.000000e+00   0.000000e+00   0.000000e+00  -5.119121e-05   1.219332e-05   3.919225e-06  -0.000000e+00   9.887887e-10
   6.798644e-03   1.511684e-02  -0.000000e+00   0.000000e+00   0.000000e+00  -4.038679e-03  -1.681567e-03  -1.030582e-03  -0.000000e+00   1.459484e-08
   3.259010e-03   1.271942e-02  -0.000000e+00   0.000000e+00   0.000000e+00  -5.900738e-05  -6.457158e-07  -9.377415e-06  -0.000000e+00   8.715765e-10
   5.015960e-03   1.618392e-02  -0.000000e+00   0.000000e+00   0.000000e+00  -5.983720e-04   9.132779e-05  -6.904533e-05  -0.000000e+00   3.566711e-09
   2.472581e-03   1.445448e-02  -0.000000e+00   0.000000e+00   0.000000e+00  -5.323085e-03   1.189692e-03   5.050281e-04  -0.000000e+00   1.727068e-08
   9.657493e-03   1.897414e-02  -0.000000e+00   0.000000e+00   0.000000e+00  -4.732908e-04  -5.762428e-05  -4.764332e-05  -0.000000e+00   4.601834e-09
   4.920518e-03   1.166988e-02  -0.000000e+00   0.000000e+00   0.000000e+00  -2.943412e-03   1.078972e-04  -8.183407e-04  -0.000000e+00   1.411233e-08
   8.821362e-03   1.375374e-02  -0.000000e+00   0.000000e+00   0.000000e+00  -2.043184e-03  -2.515017e-04   1.533878e-04  -0.000000e+00   8.294568e-09
   9.820997e-04   1.252658e-02  -0.000000e+00   0.000000e+00   0.000000e+00  -9.647895e-05   3.945745e-06   1.874165e-05  -0.000000e+00   1.207010e-09
   7.200022e-03   1.097915e-02  -0.000000e+00   0.000000e+00   0.000000e+00  -1.086859e-03  -2.284832e-04  -1.028728e-04  -0.000000e+00   5.401836e-09
   9.882525e-03   1.596174e-02  -0.000000e+00   0.000000e+00   0.000000e+00  -7.727365e-05   4.946241e-06  -1.039806e-06  -0.000000e+00   1.039566e-09
   1.798868e-02   5.656435e-03  -0.000000e+00   0.000000e+00   0.000000e+00  -1.689622e-03   2.210047e-05  -3.575281e-04  -0.000000e+00   7.872506e-09
   1.608444e-02   8.098423e-03  -0.000000e+00   0.000000e+00   0.000000e+00  -3.414251e-03   9.286791e-04   5.355139e-04  -0.000000e+00   1.325097e-08
   1.704384e-02   1.926179e-03  -0.000000e+00   0.000000e+00   0.000000e+00  -5.442477e-03   5.713414e-04  -3.355455e-04  -0.000000e+00   1.695882e-08
   1.252287e-02   4.978215e-03  -0.000000e+00   0.000000e+00   0.000000e+00  -1.481402e-03  -1.833741e-04   3.064521e-04  -0.000000e+00   8.511280e-09
   1.543875e-02   4.871930e-03  -0.000000e+00   0.000000e+00   0.000000e+00  -1.936682e-03  -3.610186e-04  -5.621349e-04  -0.000000e+00   1.026894e-08
   1.833727e-02   3.756976e-03  -0.000000e+00   0.000000e+00   0.000000e+00  -1.992297e-03  -1.900530e-04   2.060070e-04  -0.000000e+00   9.066925e-09
   1.520450e-02   1.249890e-03  -0.000000e+00   0.000000e+00   0.000000e+00  -6.004460e-05  -4.438833e-06   2.866138e-05  -0.000000e+00   9.724253e-10
   1.429691e-02   3.059593e-03  -0.000000e+00   0.000000e+00   0.000000e+00  -1.737179e-04  -8.814931e-06  -1.887866e-05  -0.000000e+00   2.176895e-09
   1.247793e-02   1.712637e-03  -0.000000e+00   0.000000e+00   0.000000e+00  -2.786359e-03   1.098623e-03   2.961562e-04  -0.000000e+00   1.136133e-08
   1.348308e-02   9.140885e-03  -0.000000e+00   0.000000e+00   0.000000e+00  -4.226685e-03  -1.522634e-04  -2.229480e-04  -0.000000e+00   1.558718e-08
   1.432927e-02   6.939308e-03  -0.000000e+00   0.000000e+00   0.000000e+00  -1.890091e-04   8.609646e-05   2.388128e-05  -0.000000e+00   1.904036e-09
   1.891590e-02   9.329538e-03  -0.000000e+00   0.000000e+00   0.000000e+00  -3.061161e-03   1.391409e-03  -3.944400e-04  -0.000000e+00   1.071640e-08
   1.092336e-02   6.503642e-03  -0.000000e+00   0.000000e+00   0.000000e+00  -4.308444e-04   3.278175e-06   4.466379e-06  -0.000000e+00   2.906632e-09
   1.127598e-02   8.324313e-03  -0.000000e+00   0.000000e+00   0.000000e+00  -9.247981e-05  -7.229763e-06  -1.441699e-05  -0.000000e+00   1.416419e-09
   1.820332e-02   1.720650e-02  -0.000000e+00   0.000000e+00   0.000000e+00  -6.085352e-03   3.790841e-04  -6.585932e-04  -0.000000e+00   2.394020e-08
   1.880821e-02   1.925996e-02  -0.000000e+00   0.000000e+00   0.000000e+00  -4.815952e-05  -1.247127e-05   6.076944e-06  -0.000000e+00   9.325861e-10
   1.681417e-02   1.499848e-02  -0.000000e+00   0.000000e+00   0.000000e+00  -4.673861e-03  -2.399923e-04  -9.846260e-04  -0.000000e+00   1.558556e-08
   1.490433e-02   1.690794e-02  -0.000000e+00   0.000000e+00   0.000000e+00  -1.624129e-03   4.272552e-04   4.409522e-05  -0.000000e+00   7.824259e-09
   1.907500e-02   1.474135e-02  -0.000000e+00   0.000000e+00   0.000000e+00  -5.170936e-05  -8.640406e-06   3.262963e-06  -0.000000e+00   8.826775e-10
   1.575897e-02   1.918736e-02  -0.000000e+00   0.000000e+00   0.000000e+00  -5.543851e-05   5.657371e-06  -8.682008e-06  -0.000000e+00   1.029615e-09
   1.395596e-02   1.859686e-02  -0.000000e+00   0.000000e+00   0.000000e+00  -3.669225e-03   7.643181e-06  -7.740979e-04  -0.000000e+00   1.622821e-08
   1.781076e-02   1.287567e-02  -0.000000e+00   0.000000e+00   0.000000e+00  -6.303722e-05   1.687997e-05   6.125813e-06  -0.000000e+00   1.111857e-09
   1.895916e-02   1.211979e-02  -0.000000e+00   0.000000e+00   0.000000e+00  -5.293398e-05  -7.473238e-06  -5.340198e-07  -0.000000e+00   8.106157e-10
   1.167226e-02   1.674333e-02  -0.000000e+00   0.000000e+00   0.000000e+00  -5.090089e-03  -1.820855e-04  -1.178187e-03  -0.000000e+00   1.661256e-08
   1.602096e-02   1.149442e-02  -0.000000e+00   0.000000e+00   0.000000e+00  -4.810071e-04  -3.183775e-05  -1.414495e-04  -0.000000e+00   3.509817e-09
   1.393964e-02   1.271693e-02  -0.000000e+00   0.000000e+00   0.000000e+00  -4.310420e-04  -7.477940e-05   6.058206e-05  -0.000000e+00   3.374449e-09
   1.143509e-02   1.426505e-02  -0.000000e+00   0.000000e+00   0.000000e+00  -3.329250e-03   7.144071e-04  -4.103295e-04  -0.000000e+00   1.431426e-08
   1.486979e-02   1.441518e-02  -0.000000e+00   0.000000e+00   0.000000e+00  -8.577161e-05   1.691419e-05  -1.379599e-05  -0.000000e+00   1.116906e-09
   1.122276e-02   1.090281e-02  -0.000000e+00   0.000000e+00   0.000000e+00  -2.736160e-03   6.458094e-04  -1.598414e-04  -0.000000e+00   8.621609e-09
                                                0.000000e+00   0.000000e+00  -1.143895e-01   4.668587e-04  -1.178206e-02   0.000000e+00   7.225332e-09

