              5

              1
             14
          pos_x          pos_y          pos_z       normal_x       normal_y       normal_z        tangt_x        tangt_y        tangt_z          pentr
  -0.000000e+00   3.430916e-03   1.046496e-03  -3.443503e-05   0.000000e+00   0.000000e+00  -0.000000e+00  -1.407499e-06  -6.039323e-06   7.906469e-10
  -0.000000e+00   9.207338e-03   1.462685e-03  -2.761427e-05   0.000000e+00   0.000000e+00  -0.000000e+00   7.713114e-10  -1.157408e-06   4.659016e-10
  -0.000000e+00   1.054930e-03   1.998580e-03  -9.969533e-07   0.000000e+00   0.000000e+00   0.000000e+00   3.462932e-08  -4.972723e-07   5.725767e-11
  -0.000000e+00   5.799012e-03   2.733116e-03  -2.532814e-02   0.000000e+00   0.000000e+00  -0.000000e+00   5.180283e-03  -5.223099e-03   5.206528e-08
  -0.000000e+00   8.862645e-03   6.090345e-03  -3.277374e-02   0.000000e+00   0.000000e+00  -0.000000e+00  -8.651292e-04  -1.397543e-02   4.480990e-08
  -0.000000e+00   5.859848e-03   4.964301e-03  -6.877703e-03   0.000000e+00   0.000000e+00  -0.000000e+00  -2.182184e-03  -8.009998e-04   1.934306e-08
  -0.000000e+00   1.098540e-03   9.026740e-03  -1.936537e-04   0.000000e+00   0.000000e+00  -0.000000e+00   1.487952e-06  -5.590120e-05   2.108601e-09
  -0.000000e+00   4.433969e-03   6.548516e-03  -1.587278e-03   0.000000e+00   0.000000e+00  -0.000000e+00   2.903901e-06   2.766133e-06   9.741888e-09
  -0.000000e+00   4.202667e-03   1.230598e-02  -4.703528e-03   0.000000e+00   0.000000e+00  -0.000000e+00  -2.296813e-04  -4.250232e-04   1.514146e-08
  -0.000000e+00   4.145358e-03   9.781032e-03  -3.068825e-04   0.000000e+00   0.000000e+00   0.000000e+00  -4.235711e-05  -1.474791e-04   3.232632e-09
  -0.000000e+00   1.566620e-02   1.175559e-03  -1.348665e-05   0.000000e+00   0.000000e+00  -0.000000e+00  -4.071017e-06  -8.150972e-07   3.719784e-10
  -0.000000e+00   1.620873e-02   8.779512e-03  -5.139331e-02   0.000000e+00   0.000000e+00  -0.000000e+00  -7.949113e-03   5.196149e-04   7.859816e-08
  -0.000000e+00   1.384772e-02   6.245928e-03  -1.366595e-02   0.000000e+00   0.000000e+00  -0.000000e+00   2.876669e-03   3.819383e-03   3.562494e-08
  -0.000000e+00   1.084047e-02   1.069433e-02  -7.102954e-06   0.000000e+00   0.000000e+00  -0.000000e+00   5.374119e-07  -1.812080e-06   2.441039e-10
                                               -1.369138e-01   0.000000e+00   0.000000e+00   0.000000e+00  -3.212026e-03  -1.629649e-02   1.875684e-08

              2
             13
          pos_x          pos_y          pos_z       normal_x       normal_y       normal_z        tangt_x        tangt_y        tangt_z          pentr
   2.000000e-02   3.264814e-03   3.329099e-03   1.696228e-02   0.000000e+00   0.000000e+00  -0.000000e+00   2.535756e-03   2.617797e-03   3.095962e-08
   2.000000e-02   5.629569e-03   5.261088e-03   6.437233e-03   0.000000e+00   0.000000e+00  -0.000000e+00  -7.976220e-05  -7.831284e-04   1.961373e-08
   2.000000e-02   8.754829e-03   6.136080e-03   1.377276e-03   0.000000e+00   0.000000e+00  -0.000000e+00   3.434317e-04  -1.112995e-04   6.765994e-09
   2.000000e-02   5.717135e-03   7.765805e-03   5.740803e-02   0.000000e+00   0.000000e+00  -0.000000e+00  -4.729338e-03   1.596688e-02   8.250920e-08
   2.000000e-02   8.789321e-03   2.887046e-03   1.130911e-03   0.000000e+00   0.000000e+00  -0.000000e+00   5.059090e-04   2.039112e-04   7.657333e-09
   2.000000e-02   9.425601e-03   9.811951e-04   3.247167e-02   0.000000e+00   0.000000e+00  -0.000000e+00  -1.214160e-02  -6.403947e-03   5.363831e-08
   2.000000e-02   1.860204e-02   1.126574e-03   1.100841e-05   0.000000e+00   0.000000e+00  -0.000000e+00  -5.969063e-07  -2.611818e-06   3.634931e-10
   2.000000e-02   1.877262e-02   4.681308e-03   1.216427e-05   0.000000e+00   0.000000e+00  -0.000000e+00   4.658458e-06   3.903333e-06   3.061278e-10
   2.000000e-02   1.875712e-02   9.846535e-03   4.136668e-06   0.000000e+00   0.000000e+00   0.000000e+00   2.033180e-06  -3.797168e-07   1.331062e-10
   2.000000e-02   1.788641e-02   3.078051e-03   3.239551e-03   0.000000e+00   0.000000e+00  -0.000000e+00  -2.747468e-04   1.216325e-03   1.319189e-08
   2.000000e-02   1.487328e-02   8.620549e-04   7.004352e-06   0.000000e+00   0.000000e+00  -0.000000e+00  -3.121891e-06  -1.484886e-06   2.459598e-10
   2.000000e-02   1.278257e-02   3.568776e-03   5.087537e-04   0.000000e+00   0.000000e+00  -0.000000e+00   4.508938e-05   6.536914e-05   3.359925e-09
   2.000000e-02   1.224226e-02   6.597579e-04   5.956140e-06   0.000000e+00   0.000000e+00  -0.000000e+00   1.488181e-06  -6.984613e-07   2.585702e-10
                                                1.195760e-01   0.000000e+00   0.000000e+00   0.000000e+00  -1.379080e-02   1.277064e-02   1.684640e-08

              3
             15
          pos_x          pos_y          pos_z       normal_x       normal_y       normal_z        tangt_x        tangt_y        tangt_z          pentr
   6.388785e-04  -0.000000e+00   1.918728e-03   0.000000e+00  -2.133912e-06   0.000000e+00   2.415976e-08  -0.000000e+00  -7.717587e-07   1.336472e-10
   3.626398e-03  -0.000000e+00   1.860836e-03   0.000000e+00  -5.122067e-03   0.000000e+00  -1.991431e-03  -0.000000e+00  -2.361831e-04   1.704405e-08
   1.215272e-03  -0.000000e+00   9.845738e-03   0.000000e+00  -3.678302e-05   0.000000e+00  -9.121467e-06  -0.000000e+00  -1.360411e-05   6.521960e-10
   8.207370e-03  -0.000000e+00   6.585525e-03   0.000000e+00  -1.405685e-02   0.000000e+00   1.272096e-03  -0.000000e+00  -4.405330e-03   3.204625e-08
   2.214599e-03  -0.000000e+00   1.168222e-02   0.000000e+00  -2.106251e-05   0.000000e+00  -9.896306e-06   0.000000e+00   3.601450e-06   5.104406e-10
   4.989764e-03  -0.000000e+00   1.420203e-02   0.000000e+00  -5.857655e-05   0.000000e+00   8.490454e-06  -0.000000e+00  -1.236202e-05   9.446102e-10
   9.739508e-03  -0.000000e+00   1.367449e-03   0.000000e+00  -1.056389e-02   0.000000e+00   1.958426e-03  -0.000000e+00   1.241456e-03   3.052035e-08
   1.738448e-02  -0.000000e+00   4.625381e-03   0.000000e+00  -2.568996e-03   0.000000e+00   2.513620e-04  -0.000000e+00   8.142914e-04   1.005664e-08
   1.894998e-02  -0.000000e+00   8.605315e-03   0.000000e+00  -3.809410e-05   0.000000e+00   2.406964e-06  -0.000000e+00  -1.660551e-05   7.007263e-10
   1.522454e-02  -0.000000e+00   3.034403e-03   0.000000e+00  -2.148521e-02   0.000000e+00  -6.530152e-03  -0.000000e+00   8.232042e-03   4.173204e-08
   1.533176e-02  -0.000000e+00   9.823494e-04   0.000000e+00  -2.102702e-05   0.000000e+00   4.040204e-06  -0.000000e+00   1.680938e-06   5.711611e-10
   1.679730e-02  -0.000000e+00   1.565453e-02   0.000000e+00  -1.002172e-03   0.000000e+00   2.977223e-04  -0.000000e+00   1.154302e-04   5.963276e-09
   1.123435e-02  -0.000000e+00   6.284431e-03   0.000000e+00  -2.567500e-02   0.000000e+00   1.009805e-03  -0.000000e+00   3.315713e-03   5.114150e-08
   1.388251e-02  -0.000000e+00   7.797566e-03   0.000000e+00  -9.319327e-05   0.000000e+00  -5.426980e-07  -0.000000e+00  -1.811251e-05   1.090770e-09
   1.166555e-02  -0.000000e+00   1.013095e-02   0.000000e+00  -1.098595e-05   0.000000e+00   5.471637e-06   0.000000e+00   4.837240e-07   3.241544e-10
                                                0.000000e+00  -8.075603e-02   0.000000e+00  -3.731300e-03   0.000000e+00   9.021730e-03   1.289545e-08

              4
             14
          pos_x          pos_y          pos_z       normal_x       normal_y       normal_z        tangt_x        tangt_y        tangt_z          pentr
   1.450728e-03   2.000000e-02   2.499703e-03   0.000000e+00   2.170834e-03   0.000000e+00  -2.684430e-04  -0.000000e+00   1.098137e-04   8.908059e-09
   6.652084e-03   2.000000e-02   6.252271e-03   0.000000e+00   7.488836e-03   0.000000e+00   1.686351e-04  -0.000000e+00   2.944382e-03   2.162850e-08
   4.011106e-03   2.000000e-02   4.036890e-03   0.000000e+00   1.444526e-02   0.000000e+00   6.566953e-03  -0.000000e+00  -2.127619e-03   2.989070e-08
   9.071555e-03   2.000000e-02   6.895536e-03   0.000000e+00   1.159025e-05   0.000000e+00  -9.103655e-08  -0.000000e+00  -3.738575e-06   3.361589e-10
   1.807419e-03   2.000000e-02   4.972962e-03   0.000000e+00   2.225081e-03   0.000000e+00   7.712120e-04  -0.000000e+00   7.193089e-04   1.047470e-08
   4.791631e-03   2.000000e-02   1.263565e-03   0.000000e+00   3.287691e-04   0.000000e+00   1.072987e-04  -0.000000e+00  -3.510111e-05   2.602954e-09
   3.056696e-03   2.000000e-02   9.539380e-03   0.000000e+00   5.273876e-02   0.000000e+00   2.107057e-02  -0.000000e+00   1.379652e-03   6.050362e-08
   9.669880e-03   2.000000e-02   1.298558e-03   0.000000e+00   7.093830e-03   0.000000e+00  -3.212049e-03  -0.000000e+00  -1.122506e-03   2.373953e-08
   1.773798e-02   2.000000e-02   2.754510e-03   0.000000e+00   3.380503e-03   0.000000e+00   1.702754e-04  -0.000000e+00   1.150816e-05   1.317506e-08
   1.536074e-02   2.000000e-02   9.643076e-04   0.000000e+00   8.257518e-03   0.000000e+00   3.664233e-03  -0.000000e+00  -1.862249e-04   2.523231e-08
   1.369645e-02   2.000000e-02   1.866370e-03   0.000000e+00   5.805965e-03   0.000000e+00   2.893736e-04  -0.000000e+00  -9.114586e-04   1.804373e-08
   1.170424e-02   2.000000e-02   1.995377e-03   0.000000e+00   3.673364e-03   0.000000e+00   1.647423e-04  -0.000000e+00  -6.411191e-04   1.221586e-08
   1.654438e-02   2.000000e-02   6.391236e-03   0.000000e+00   4.592410e-05   0.000000e+00  -4.150528e-06   0.000000e+00   2.258382e-05   1.029093e-09
   1.393259e-02   2.000000e-02   7.914512e-03   0.000000e+00   4.344513e-06   0.000000e+00  -1.628253e-07   0.000000e+00  -2.166145e-06   1.568999e-10
                                                0.000000e+00   1.076706e-01   0.000000e+00   2.948840e-02   0.000000e+00   1.573160e-04   1.628123e-08

              5
             48
          pos_x          pos_y          pos_z       normal_x       normal_y       normal_z        tangt_x        tangt_y        tangt_z          pentr
   2.150802e-03   1.613400e-03  -0.000000e+00   0.000000e+00   0.000000e+00  -7.902962e-04  -1.339063e-04   2.146972e-04  -0.000000e+00   4.320079e-09
   6.223038e-03   1.425302e-03  -0.000000e+00   0.000000e+00   0.000000e+00  -3.684765e-04   4.225210e-05   1.201382e-05  -0.000000e+00   2.640232e-09
   4.298934e-03   5.318418e-03  -0.000000e+00   0.000000e+00   0.000000e+00  -4.964375e-05  -3.056185e-06   8.930231e-06  -0.000000e+00   9.903322e-10
   1.250797e-03   3.644124e-03  -0.000000e+00   0.000000e+00   0.000000e+00  -8.095282e-05   3.131778e-05   2.095657e-05  -0.000000e+00   1.228149e-09
   7.600139e-04   5.295840e-03  -0.000000e+00   0.000000e+00   0.000000e+00  -8.129755e-05  -3.182917e-05   2.528294e-05   0.000000e+00   1.084933e-09
   2.369743e-03   7.207348e-03  -0.000000e+00   0.000000e+00   0.000000e+00  -4.781076e-05   4.379630e-07   1.128904e-05  -0.000000e+00   8.067266e-10
   3.972124e-03   9.310788e-03  -0.000000e+00   0.000000e+00   0.000000e+00  -5.260552e-03  -4.269419e-04   1.043469e-03  -0.000000e+00   1.458958e-08
   4.209205e-03   1.019463e-03  -0.000000e+00   0.000000e+00   0.000000e+00  -5.157011e-05  -1.973525e-06  -3.064753e-06  -0.000000e+00   7.963089e-10
   3.640317e-03   2.791871e-03  -0.000000e+00   0.000000e+00   0.000000e+00  -4.326376e-05  -1.657662e-05  -1.389798e-05   0.000000e+00   9.084877e-10
   5.332464e-03   3.437061e-03  -0.000000e+00   0.000000e+00   0.000000e+00  -7.648866e-05   3.820152e-05  -1.809108e-06   0.000000e+00   1.150470e-09
   6.277335e-03   6.380455e-03  -0.000000e+00   0.000000e+00   0.000000e+00  -4.459149e-05  -7.647084e-06  -1.288240e-05  -0.000000e+00   8.249005e-10
   8.475091e-03   5.140477e-03  -0.000000e+00   0.000000e+00   0.000000e+00  -9.634789e-02   5.346939e-03  -7.711235e-03  -0.000000e+00   1.166563e-07
   8.284523e-03   7.955971e-03  -0.000000e+00   0.000000e+00   0.000000e+00  -1.695401e-02  -3.212583e-03   3.527295e-03  -0.000000e+00   3.411108e-08
   9.494940e-03   2.203053e-03  -0.000000e+00   0.000000e+00   0.000000e+00  -3.235365e-03  -1.091459e-04   1.730321e-04  -0.000000e+00   1.001726e-08
   1.036714e-03   1.850286e-02  -0.000000e+00   0.000000e+00   0.000000e+00  -5.885246e-03  -2.241789e-03  -9.687340e-04  -0.000000e+00   1.724481e-08
   2.262682e-03   1.684512e-02  -0.000000e+00   0.000000e+00   0.000000e+00  -2.321865e-03  -2.223821e-04   1.089838e-03  -0.000000e+00   1.151629e-08
   6.750371e-03   1.807414e-02  -0.000000e+00   0.000000e+00   0.000000e+00  -4.954440e-05   8.257353e-06   3.149710e-06  -0.000000e+00   7.893694e-10
   1.042616e-03   1.596609e-02  -0.000000e+00   0.000000e+00   0.000000e+00  -5.151978e-05   1.258573e-05   6.341528e-06  -0.000000e+00   9.910483e-10
   7.084848e-03   1.532050e-02  -0.000000e+00   0.000000e+00   0.000000e+00  -5.159447e-05   3.378509e-06   2.889957e-06  -0.000000e+00   8.017485e-10
   3.051509e-03   1.267955e-02  -0.000000e+00   0.000000e+00   0.000000e+00  -5.280362e-05  -1.234776e-06  -2.234921e-06  -0.000000e+00   8.069283e-10
   4.817969e-03   1.607792e-02  -0.000000e+00   0.000000e+00   0.000000e+00  -1.082146e-02  -1.179054e-03   2.702077e-03  -0.000000e+00   2.475152e-08
   9.667763e-03   1.897730e-02  -0.000000e+00   0.000000e+00   0.000000e+00  -2.466751e-03  -1.008553e-03   1.572274e-04  -0.000000e+00   1.384785e-08
   8.646090e-03   1.364202e-02  -0.000000e+00   0.000000e+00   0.000000e+00  -2.814540e-02  -2.812229e-03   5.529992e-03  -0.000000e+00   4.968017e-08
   8.208457e-04   1.262934e-02  -0.000000e+00   0.000000e+00   0.000000e+00  -3.122103e-04  -6.772727e-05  -9.571737e-05  -0.000000e+00   2.671219e-09
   9.955696e-03   1.597638e-02  -0.000000e+00   0.000000e+00   0.000000e+00  -6.347816e-03  -3.340693e-04   1.092452e-03  -0.000000e+00   1.964887e-08
   1.794718e-02   5.620661e-03  -0.000000e+00   0.000000e+00   0.000000e+00  -8.296340e-04  -1.974412e-04  -1.839334e-04  -0.000000e+00   4.923525e-09
   1.610660e-02   8.091972e-03  -0.000000e+00   0.000000e+00   0.000000e+00  -4.036843e-04   2.160126e-05   4.763546e-05  -0.000000e+00   3.192414e-09
   1.704922e-02   1.927299e-03  -0.000000e+00   0.000000e+00   0.000000e+00  -5.834125e-02   2.034009e-02   1.152567e-02  -0.000000e+00   8.256904e-08
   1.241696e-02   5.059269e-03  -0.000000e+00   0.000000e+00   0.000000e+00  -1.613514e-04  -3.132907e-05   2.623142e-05  -0.000000e+00   1.939962e-09
   1.537067e-02   4.965330e-03  -0.000000e+00   0.000000e+00   0.000000e+00  -5.525332e-03   5.058851e-05  -2.263026e-04  -0.000000e+00   2.088394e-08
   1.509781e-02   1.245421e-03  -0.000000e+00   0.000000e+00   0.000000e+00  -5.399360e-05  -6.002988e-06   2.066802e-05  -0.000000e+00   9.061314e-10
   1.424082e-02   3.094590e-03  -0.000000e+00   0.000000e+00   0.000000e+00  -1.725511e-04  -8.344820e-06  -2.039956e-05  -0.000000e+00   2.151834e-09
   1.249347e-02   1.682058e-03  -0.000000e+00   0.000000e+00   0.000000e+00  -2.308862e-03  -4.582715e-04  -3.966905e-04  -0.000000e+00   1.004213e-08
   1.357631e-02   9.040359e-03  -0.000000e+00   0.000000e+00   0.000000e+00  -1.036259e-01   2.206755e-02   1.706883e-02  -0.000000e+00   1.315400e-07
   1.398948e-02   6.980100e-03  -0.000000e+00   0.000000e+00   0.000000e+00  -7.244396e-05   5.647812e-06   2.837529e-06  -0.000000e+00   1.006034e-09
   1.900198e-02   9.377330e-03  -0.000000e+00   0.000000e+00   0.000000e+00  -1.694521e-02   1.062741e-03  -2.468983e-04  -0.000000e+00   3.426052e-08
   1.073565e-02   6.281262e-03  -0.000000e+00   0.000000e+00   0.000000e+00  -1.463396e-04   4.798543e-06  -1.564209e-05  -0.000000e+00   1.465016e-09
   1.173279e-02   8.107715e-03  -0.000000e+00   0.000000e+00   0.000000e+00  -7.649172e-05   2.346685e-05  -3.387216e-07  -0.000000e+00   1.286636e-09
   1.817248e-02   1.723205e-02  -0.000000e+00   0.000000e+00   0.000000e+00  -9.664621e-03   1.267465e-03   1.237487e-03  -0.000000e+00   3.264290e-08
   1.880979e-02   1.869275e-02  -0.000000e+00   0.000000e+00   0.000000e+00  -4.893448e-05  -1.193023e-05  -3.164869e-06  -0.000000e+00   9.544163e-10
   1.909967e-02   1.494679e-02  -0.000000e+00   0.000000e+00   0.000000e+00  -4.906902e-05  -8.129825e-06   9.146360e-06  -0.000000e+00   8.661412e-10
   1.570467e-02   1.918003e-02  -0.000000e+00   0.000000e+00   0.000000e+00  -7.005561e-03   2.554739e-03  -3.074844e-04  -0.000000e+00   2.598509e-08
   1.391547e-02   1.861716e-02  -0.000000e+00   0.000000e+00   0.000000e+00  -7.303792e-03  -2.183651e-03  -2.324515e-03  -0.000000e+00   2.577466e-08
   1.781676e-02   1.290682e-02  -0.000000e+00   0.000000e+00   0.000000e+00  -5.253561e-05   7.340162e-06  -9.340469e-07  -0.000000e+00   9.919240e-10
   1.896039e-02   1.203718e-02  -0.000000e+00   0.000000e+00   0.000000e+00  -5.157075e-05  -5.755864e-06  -2.734380e-06  -0.000000e+00   7.968596e-10
   1.598220e-02   1.147868e-02  -0.000000e+00   0.000000e+00   0.000000e+00  -4.225494e-02   1.302047e-02   1.375758e-02  -0.000000e+00   6.952245e-08
   1.372590e-02   1.279412e-02  -0.000000e+00   0.000000e+00   0.000000e+00  -3.910723e-03   5.072366e-04   2.942377e-04  -0.000000e+00   1.445264e-08
   1.413183e-02   1.483391e-02  -0.000000e+00   0.000000e+00   0.000000e+00  -2.446449e-03  -1.382548e-04  -2.545521e-04  -0.000000e+00   1.065460e-08
                                                0.000000e+00   0.000000e+00  -4.413896e-01   5.155729e-02   4.681810e-02   0.000000e+00   1.691007e-08

