              5

              1
              2
          pos_x          pos_y          pos_z       normal_x       normal_y       normal_z        tangt_x        tangt_y        tangt_z          pentr
  -0.000000e+00   1.522757e-03   2.279783e-03  -1.599356e-04   0.000000e+00   0.000000e+00  -0.000000e+00   5.824484e-05  -3.562547e-05   2.117478e-09
  -0.000000e+00   4.318903e-03   2.555809e-03  -5.594992e-02   0.000000e+00   0.000000e+00   0.000000e+00  -3.563094e-03   2.774712e-02   1.056640e-07
                                               -5.610986e-02   0.000000e+00   0.000000e+00   0.000000e+00  -3.504849e-03   2.771150e-02   5.389071e-08

              2
              3
          pos_x          pos_y          pos_z       normal_x       normal_y       normal_z        tangt_x        tangt_y        tangt_z          pentr
   2.000000e-02   1.739281e-03   1.685513e-03   5.078729e-04   0.000000e+00   0.000000e+00  -0.000000e+00  -7.131550e-05  -1.239221e-04   3.228970e-09
   2.000000e-02   9.905253e-03   2.097898e-03   1.803117e-04   0.000000e+00   0.000000e+00  -0.000000e+00   1.370601e-05  -3.489648e-05   1.455039e-09
   2.000000e-02   1.221357e-03   7.077711e-03   4.596865e-03   0.000000e+00   0.000000e+00   0.000000e+00  -1.126261e-03   2.003579e-03   1.401159e-08
                                                5.285050e-03   0.000000e+00   0.000000e+00   0.000000e+00  -1.183870e-03   1.844761e-03   6.231867e-09

              3
              1
          pos_x          pos_y          pos_z       normal_x       normal_y       normal_z        tangt_x        tangt_y        tangt_z          pentr
   2.124146e-03  -0.000000e+00   1.519711e-03   0.000000e+00  -3.427846e-04   0.000000e+00   6.218874e-05  -0.000000e+00  -4.046262e-06   3.293718e-09
                                                0.000000e+00  -3.427846e-04   0.000000e+00   6.218874e-05   0.000000e+00  -4.046262e-06   3.293718e-09

              4
              0
          pos_x          pos_y          pos_z       normal_x       normal_y       normal_z        tangt_x        tangt_y        tangt_z          pentr
                                                0.000000e+00   0.000000e+00   0.000000e+00   0.000000e+00   0.000000e+00   0.000000e+00   0.000000e+00

              5
              7
          pos_x          pos_y          pos_z       normal_x       normal_y       normal_z        tangt_x        tangt_y        tangt_z          pentr
   2.589655e-03   1.655573e-03  -0.000000e+00   0.000000e+00   0.000000e+00  -5.646431e-04   1.083662e-04   1.112518e-04  -0.000000e+00   4.322151e-09
   5.056327e-03   1.767762e-03  -0.000000e+00   0.000000e+00   0.000000e+00  -1.436918e-04  -1.743196e-05  -6.969906e-05   0.000000e+00   1.652082e-09
   2.704738e-03   9.099953e-03  -0.000000e+00   0.000000e+00   0.000000e+00  -3.494634e-05   1.372591e-05  -1.081254e-05   0.000000e+00   6.838025e-10
   9.722766e-03   7.274711e-04  -0.000000e+00   0.000000e+00   0.000000e+00  -5.631205e-05   1.712935e-06   3.044564e-07  -0.000000e+00   9.339659e-10
   2.555579e-03   4.871695e-03  -0.000000e+00   0.000000e+00   0.000000e+00  -1.084729e-01  -5.274561e-02  -1.262905e-02   0.000000e+00   1.393143e-07
   8.377520e-03   5.859128e-03  -0.000000e+00   0.000000e+00   0.000000e+00  -1.353241e-01   9.659990e-03   6.081424e-02  -0.000000e+00   1.180486e-07
   9.814506e-03   1.709783e-02  -0.000000e+00   0.000000e+00   0.000000e+00  -5.096893e-04   2.517962e-04  -3.929949e-05   0.000000e+00   3.237561e-09
                                                0.000000e+00   0.000000e+00  -2.451063e-01  -4.272745e-02   4.817693e-02   0.000000e+00   3.831321e-08

