              5

              1
             51
          pos_x          pos_y          pos_z       normal_x       normal_y       normal_z        tangt_x        tangt_y        tangt_z          pentr
  -0.000000e+00   3.389181e-03   1.089344e-03  -8.355785e-05   0.000000e+00   0.000000e+00  -0.000000e+00  -2.528477e-05   5.407608e-06   1.414701e-09
  -0.000000e+00   8.972254e-03   1.335538e-03  -2.469575e-03   0.000000e+00   0.000000e+00  -0.000000e+00  -1.065811e-03  -4.549980e-04   9.133785e-09
  -0.000000e+00   9.862890e-04   1.999543e-03  -1.373282e-04   0.000000e+00   0.000000e+00  -0.000000e+00  -2.757039e-05   5.977274e-05   1.528863e-09
  -0.000000e+00   4.147618e-03   1.888437e-03  -2.099201e-05   0.000000e+00   0.000000e+00  -0.000000e+00   7.417787e-06   2.291599e-07   4.723223e-10
  -0.000000e+00   5.958342e-03   2.683974e-03  -8.649221e-04   0.000000e+00   0.000000e+00  -0.000000e+00  -2.593429e-04  -6.360478e-05   5.470001e-09
  -0.000000e+00   2.729681e-03   4.725090e-03  -9.924083e-04   0.000000e+00   0.000000e+00  -0.000000e+00  -2.049432e-04   1.611597e-04   5.902584e-09
  -0.000000e+00   8.787400e-03   5.168998e-03  -1.420338e-03   0.000000e+00   0.000000e+00  -0.000000e+00  -2.108682e-04   3.278517e-05   5.805833e-09
  -0.000000e+00   5.528782e-03   4.970928e-03  -3.375795e-04   0.000000e+00   0.000000e+00  -0.000000e+00   6.777554e-05  -9.066324e-05   2.529253e-09
  -0.000000e+00   1.112024e-03   8.998397e-03  -4.878056e-04   0.000000e+00   0.000000e+00  -0.000000e+00  -9.759840e-05   6.728648e-06   3.907186e-09
  -0.000000e+00   9.141536e-04   4.272299e-03  -1.377763e-03   0.000000e+00   0.000000e+00  -0.000000e+00   2.649764e-04   4.373809e-04   8.002503e-09
  -0.000000e+00   3.843210e-03   6.607958e-03  -1.000152e-02   0.000000e+00   0.000000e+00  -0.000000e+00   1.823712e-03   1.867588e-03   3.649800e-08
  -0.000000e+00   7.008817e-03   6.723349e-03  -3.119627e-05   0.000000e+00   0.000000e+00  -0.000000e+00  -6.283857e-06  -3.478763e-06   6.102856e-10
  -0.000000e+00   6.704756e-03   1.031485e-02  -4.118990e-04   0.000000e+00   0.000000e+00  -0.000000e+00  -1.108871e-04   3.167603e-05   3.137624e-09
  -0.000000e+00   8.446711e-03   8.480364e-03  -3.127564e-04   0.000000e+00   0.000000e+00  -0.000000e+00  -8.362655e-05  -9.802471e-05   2.727264e-09
  -0.000000e+00   5.002200e-03   7.069093e-03  -1.172248e-05   0.000000e+00   0.000000e+00  -0.000000e+00  -1.752099e-06   4.258687e-06   3.036743e-10
  -0.000000e+00   3.405672e-03   9.524824e-03  -4.468337e-04   0.000000e+00   0.000000e+00  -0.000000e+00  -5.020386e-05   1.608170e-04   3.713601e-09
  -0.000000e+00   5.996877e-03   1.485378e-02  -1.019641e-03   0.000000e+00   0.000000e+00  -0.000000e+00  -1.315596e-04  -1.669663e-04   4.873690e-09
  -0.000000e+00   8.349307e-03   1.525439e-02  -2.791077e-04   0.000000e+00   0.000000e+00  -0.000000e+00  -1.105105e-04  -8.297659e-05   2.784963e-09
  -0.000000e+00   2.044223e-03   1.453751e-02  -6.460990e-05   0.000000e+00   0.000000e+00  -0.000000e+00  -4.813553e-06  -2.910622e-05   9.292072e-10
  -0.000000e+00   8.934473e-03   1.338564e-02  -2.747549e-05   0.000000e+00   0.000000e+00  -0.000000e+00   1.880213e-06  -4.760514e-06   6.530787e-10
  -0.000000e+00   7.619022e-03   1.249280e-02  -1.580202e-05   0.000000e+00   0.000000e+00  -0.000000e+00   3.421258e-06  -3.326989e-06   4.488002e-10
  -0.000000e+00   4.275975e-03   1.272263e-02  -4.397237e-04   0.000000e+00   0.000000e+00  -0.000000e+00   1.207707e-04  -1.552721e-04   3.099280e-09
  -0.000000e+00   1.125378e-03   1.224953e-02  -3.043310e-04   0.000000e+00   0.000000e+00  -0.000000e+00   5.175820e-05  -8.257026e-05   3.326843e-09
  -0.000000e+00   2.294153e-03   1.064543e-02  -2.126501e-05   0.000000e+00   0.000000e+00  -0.000000e+00  -6.398850e-06  -3.770037e-07   4.924745e-10
  -0.000000e+00   1.434138e-02   4.756012e-03  -5.133426e-06   0.000000e+00   0.000000e+00  -0.000000e+00  -8.455046e-07   5.407432e-07   2.221252e-10
  -0.000000e+00   1.818678e-02   4.836391e-03  -1.160359e-04   0.000000e+00   0.000000e+00  -0.000000e+00  -5.552416e-05   1.241054e-05   1.470230e-09
  -0.000000e+00   1.829772e-02   7.058900e-03  -1.215772e-05   0.000000e+00   0.000000e+00  -0.000000e+00  -9.936850e-07  -4.522375e-06   3.417387e-10
  -0.000000e+00   1.728989e-02   2.753703e-03  -2.131338e-03   0.000000e+00   0.000000e+00  -0.000000e+00   9.996211e-05  -7.094193e-04   9.391994e-09
  -0.000000e+00   1.548461e-02   1.141848e-03  -1.130892e-05   0.000000e+00   0.000000e+00  -0.000000e+00  -3.615076e-06  -2.000427e-06   3.357329e-10
  -0.000000e+00   1.393083e-02   2.762651e-03  -4.705772e-03   0.000000e+00   0.000000e+00  -0.000000e+00   2.129723e-05   4.984914e-04   1.460281e-08
  -0.000000e+00   1.515352e-02   7.319486e-03  -4.469658e-04   0.000000e+00   0.000000e+00  -0.000000e+00   9.430952e-05   1.828214e-05   3.363260e-09
  -0.000000e+00   1.146957e-02   1.630147e-03  -1.290441e-05   0.000000e+00   0.000000e+00  -0.000000e+00  -5.513320e-06  -8.709671e-07   4.030293e-10
  -0.000000e+00   1.603988e-02   4.433560e-03  -1.046586e-03   0.000000e+00   0.000000e+00  -0.000000e+00   4.817890e-05  -1.239298e-04   7.394506e-09
  -0.000000e+00   1.615213e-02   8.432857e-03  -5.033833e-03   0.000000e+00   0.000000e+00  -0.000000e+00  -1.288821e-03  -6.393249e-04   1.684434e-08
  -0.000000e+00   1.603530e-02   5.656286e-03  -1.987114e-05   0.000000e+00   0.000000e+00  -0.000000e+00   1.963706e-06  -5.191850e-06   5.085695e-10
  -0.000000e+00   1.154584e-02   7.540347e-03  -2.346270e-03   0.000000e+00   0.000000e+00  -0.000000e+00  -6.296947e-04   1.589143e-04   1.135945e-08
  -0.000000e+00   1.372470e-02   6.252975e-03  -4.347661e-05   0.000000e+00   0.000000e+00  -0.000000e+00   5.799449e-06  -3.559784e-06   7.643455e-10
  -0.000000e+00   1.384116e-02   9.181465e-03  -1.012176e-03   0.000000e+00   0.000000e+00  -0.000000e+00   3.494940e-04   3.178742e-05   5.745127e-09
  -0.000000e+00   1.010289e-02   8.168359e-03  -1.628073e-04   0.000000e+00   0.000000e+00  -0.000000e+00  -3.077700e-05  -4.770514e-05   2.138439e-09
  -0.000000e+00   1.907186e-02   9.383562e-03  -2.547385e-03   0.000000e+00   0.000000e+00  -0.000000e+00   4.015056e-04   2.107135e-04   1.109366e-08
  -0.000000e+00   1.196789e-02   9.114589e-03  -1.191850e-03   0.000000e+00   0.000000e+00  -0.000000e+00   9.847336e-05   6.304499e-06   8.687246e-09
  -0.000000e+00   1.021917e-02   9.473449e-03  -2.690259e-04   0.000000e+00   0.000000e+00  -0.000000e+00  -7.275414e-05  -8.472642e-05   2.445569e-09
  -0.000000e+00   1.362003e-02   1.704653e-02  -8.519259e-06   0.000000e+00   0.000000e+00  -0.000000e+00  -3.231096e-06  -2.068134e-06   2.229240e-10
  -0.000000e+00   1.841437e-02   1.786686e-02  -8.221435e-05   0.000000e+00   0.000000e+00  -0.000000e+00  -1.098042e-05   2.836994e-05   1.270515e-09
  -0.000000e+00   1.218073e-02   1.495780e-02  -4.554428e-05   0.000000e+00   0.000000e+00  -0.000000e+00  -1.128656e-05  -1.755756e-05   7.516933e-10
  -0.000000e+00   1.445410e-02   1.465832e-02  -1.381927e-05   0.000000e+00   0.000000e+00  -0.000000e+00  -6.252909e-06   1.130245e-06   3.194977e-10
  -0.000000e+00   1.044103e-02   1.452655e-02  -3.502090e-04   0.000000e+00   0.000000e+00  -0.000000e+00   7.125020e-05  -1.292830e-04   3.097543e-09
  -0.000000e+00   1.181124e-02   1.273643e-02  -9.134509e-04   0.000000e+00   0.000000e+00  -0.000000e+00   4.421104e-06  -1.007567e-04   4.925880e-09
  -0.000000e+00   1.450610e-02   1.209753e-02  -1.272142e-03   0.000000e+00   0.000000e+00  -0.000000e+00   1.842588e-04  -1.148059e-05   6.685752e-09
  -0.000000e+00   1.651872e-02   1.218897e-02  -1.644543e-03   0.000000e+00   0.000000e+00  -0.000000e+00  -5.351990e-04   5.759308e-05   8.114287e-09
  -0.000000e+00   1.844904e-02   1.190970e-02  -1.931162e-04   0.000000e+00   0.000000e+00  -0.000000e+00  -4.025836e-05   3.990901e-05   2.066709e-09
                                               -4.721861e-02   0.000000e+00   0.000000e+00   0.000000e+00  -1.370576e-03   7.137282e-04   4.555545e-09

              2
             36
          pos_x          pos_y          pos_z       normal_x       normal_y       normal_z        tangt_x        tangt_y        tangt_z          pentr
   2.000000e-02   3.222643e-03   3.315074e-03   3.441047e-03   0.000000e+00   0.000000e+00  -0.000000e+00  -3.926960e-04   1.342855e-03   1.066340e-08
   2.000000e-02   1.866265e-03   6.320243e-03   3.167473e-03   0.000000e+00   0.000000e+00  -0.000000e+00   8.378371e-04   1.132341e-03   9.844228e-09
   2.000000e-02   5.555397e-03   5.159228e-03   1.462462e-03   0.000000e+00   0.000000e+00  -0.000000e+00   4.836927e-04  -2.901213e-04   7.301532e-09
   2.000000e-02   8.661527e-03   6.008105e-03   3.841254e-03   0.000000e+00   0.000000e+00  -0.000000e+00  -6.696698e-04   5.195311e-04   1.308405e-08
   2.000000e-02   3.712012e-03   9.332781e-03   1.632817e-04   0.000000e+00   0.000000e+00  -0.000000e+00  -2.366516e-05   2.764057e-05   2.018799e-09
   2.000000e-02   6.024922e-03   7.540310e-03   8.110012e-04   0.000000e+00   0.000000e+00  -0.000000e+00  -2.764068e-05  -2.767000e-04   4.888430e-09
   2.000000e-02   1.106289e-03   9.341803e-03   6.772812e-04   0.000000e+00   0.000000e+00  -0.000000e+00  -1.442254e-04  -1.824199e-04   4.735500e-09
   2.000000e-02   8.864747e-03   2.764453e-03   4.553982e-05   0.000000e+00   0.000000e+00  -0.000000e+00   2.168370e-05   1.876168e-06   8.891108e-10
   2.000000e-02   7.548841e-03   1.747884e-02   6.638596e-05   0.000000e+00   0.000000e+00  -0.000000e+00   1.330334e-05  -1.551403e-06   1.102780e-09
   2.000000e-02   9.020822e-03   1.561657e-02   2.965505e-04   0.000000e+00   0.000000e+00  -0.000000e+00  -1.409714e-05  -4.608465e-05   2.519454e-09
   2.000000e-02   2.152294e-03   1.512360e-02   4.526764e-04   0.000000e+00   0.000000e+00  -0.000000e+00  -1.276272e-04   2.589888e-05   3.514285e-09
   2.000000e-02   5.299930e-03   1.545096e-02   6.473377e-04   0.000000e+00   0.000000e+00  -0.000000e+00   1.794059e-04   1.705534e-04   4.073277e-09
   2.000000e-02   4.826928e-03   1.250638e-02   2.531282e-05   0.000000e+00   0.000000e+00  -0.000000e+00  -5.124117e-07   1.576749e-06   5.972840e-10
   2.000000e-02   3.386767e-03   1.085551e-02   3.572614e-04   0.000000e+00   0.000000e+00  -0.000000e+00   1.637074e-05  -1.750895e-05   2.935357e-09
   2.000000e-02   6.664270e-03   1.059069e-02   2.081658e-03   0.000000e+00   0.000000e+00  -0.000000e+00  -3.857278e-04   4.440026e-05   7.237787e-09
   2.000000e-02   1.879492e-02   1.168416e-03   1.375157e-05   0.000000e+00   0.000000e+00  -0.000000e+00  -9.623659e-07  -3.738239e-06   4.096582e-10
   2.000000e-02   1.635308e-02   4.832044e-03   3.426884e-03   0.000000e+00   0.000000e+00  -0.000000e+00  -1.032006e-03  -5.243116e-04   1.306874e-08
   2.000000e-02   1.531118e-02   3.065644e-03   6.164525e-03   0.000000e+00   0.000000e+00  -0.000000e+00   6.947783e-04   2.034314e-03   1.711358e-08
   2.000000e-02   1.900224e-02   4.584854e-03   4.618066e-04   0.000000e+00   0.000000e+00  -0.000000e+00  -2.743388e-05  -1.458473e-04   3.420824e-09
   2.000000e-02   1.861632e-02   9.407788e-03   2.876048e-03   0.000000e+00   0.000000e+00  -0.000000e+00   6.310828e-04   8.447949e-04   1.019749e-08
   2.000000e-02   1.790055e-02   3.063176e-03   3.016625e-03   0.000000e+00   0.000000e+00  -0.000000e+00   8.746912e-04   7.710472e-08   1.257314e-08
   2.000000e-02   1.482253e-02   8.679648e-04   8.282949e-06   0.000000e+00   0.000000e+00  -0.000000e+00  -2.615317e-06  -1.738567e-06   2.737869e-10
   2.000000e-02   1.145000e-02   8.865010e-03   1.688166e-03   0.000000e+00   0.000000e+00  -0.000000e+00  -1.957864e-04  -1.658242e-04   8.965945e-09
   2.000000e-02   1.284663e-02   3.556917e-03   1.882966e-03   0.000000e+00   0.000000e+00  -0.000000e+00  -3.592056e-04  -5.166887e-04   8.011892e-09
   2.000000e-02   1.225750e-02   6.578017e-04   4.142620e-06   0.000000e+00   0.000000e+00  -0.000000e+00   8.466296e-07  -1.691182e-06   2.033200e-10
   2.000000e-02   1.023468e-02   7.289691e-03   2.467790e-05   0.000000e+00   0.000000e+00  -0.000000e+00  -4.902626e-06   7.427162e-07   5.074501e-10
   2.000000e-02   1.386367e-02   1.770688e-02   3.443844e-05   0.000000e+00   0.000000e+00  -0.000000e+00   1.236490e-05   7.739395e-06   8.039107e-10
   2.000000e-02   1.703037e-02   1.810959e-02   3.656088e-04   0.000000e+00   0.000000e+00  -0.000000e+00   4.549942e-05   1.980162e-05   2.737083e-09
   2.000000e-02   1.297227e-02   1.620094e-02   1.072780e-04   0.000000e+00   0.000000e+00  -0.000000e+00   3.655394e-05  -1.170875e-05   1.175068e-09
   2.000000e-02   1.090328e-02   1.524780e-02   4.797428e-05   0.000000e+00   0.000000e+00  -0.000000e+00  -1.040061e-05  -1.063295e-05   8.374380e-10
   2.000000e-02   1.361752e-02   1.416528e-02   7.452454e-05   0.000000e+00   0.000000e+00  -0.000000e+00   5.992016e-08   2.080260e-05   1.343080e-09
   2.000000e-02   1.082095e-02   1.314853e-02   2.691724e-04   0.000000e+00   0.000000e+00  -0.000000e+00   4.375178e-05   2.737276e-05   2.729333e-09
   2.000000e-02   1.822797e-02   1.281184e-02   2.654961e-04   0.000000e+00   0.000000e+00  -0.000000e+00  -1.124243e-04   3.820415e-05   2.233812e-09
   2.000000e-02   1.280281e-02   1.235927e-02   1.627216e-04   0.000000e+00   0.000000e+00  -0.000000e+00   7.405549e-06  -4.448732e-05   1.835448e-09
   2.000000e-02   1.908643e-02   1.136539e-02   2.099391e-04   0.000000e+00   0.000000e+00  -0.000000e+00   5.253604e-05  -3.392872e-05   2.537810e-09
   2.000000e-02   9.687569e-03   1.069940e-02   1.079680e-03   0.000000e+00   0.000000e+00  -0.000000e+00  -1.477552e-04  -2.094697e-04   6.073798e-09
                                                3.972123e-02   0.000000e+00   0.000000e+00   0.000000e+00   2.725101e-04   3.776070e-03   4.790497e-09

              3
             42
          pos_x          pos_y          pos_z       normal_x       normal_y       normal_z        tangt_x        tangt_y        tangt_z          pentr
   6.189399e-03  -0.000000e+00   9.887061e-04   0.000000e+00  -1.235513e-03   0.000000e+00   7.990172e-06  -0.000000e+00  -2.503933e-04   7.604620e-09
   6.084204e-04  -0.000000e+00   1.824327e-03   0.000000e+00  -1.322039e-05   0.000000e+00  -3.784622e-06  -0.000000e+00  -2.190408e-06   4.464433e-10
   3.902296e-03  -0.000000e+00   1.935869e-03   0.000000e+00  -1.759492e-05   0.000000e+00   2.982464e-06  -0.000000e+00   2.067488e-06   3.978965e-10
   2.128808e-03  -0.000000e+00   3.459440e-03   0.000000e+00  -4.096896e-03   0.000000e+00  -5.450333e-04  -0.000000e+00   1.442937e-03   1.507484e-08
   1.679354e-03  -0.000000e+00   6.310454e-03   0.000000e+00  -8.504960e-04   0.000000e+00   7.728378e-05  -0.000000e+00   1.575920e-04   5.283853e-09
   1.376310e-03  -0.000000e+00   8.432309e-03   0.000000e+00  -8.153284e-04   0.000000e+00  -5.240403e-06  -0.000000e+00  -3.057275e-04   4.609926e-09
   2.400774e-03  -0.000000e+00   4.878733e-03   0.000000e+00  -1.040892e-04   0.000000e+00   1.253918e-06  -0.000000e+00  -4.217312e-05   1.583971e-09
   8.820985e-04  -0.000000e+00   4.208787e-03   0.000000e+00  -2.151469e-04   0.000000e+00  -4.600247e-05  -0.000000e+00   4.722994e-05   2.377844e-09
   3.936866e-03  -0.000000e+00   6.365416e-03   0.000000e+00  -9.664276e-05   0.000000e+00   5.703295e-06  -0.000000e+00   3.974589e-05   1.408249e-09
   8.081124e-03  -0.000000e+00   6.139004e-03   0.000000e+00  -3.569911e-04   0.000000e+00  -3.776680e-05  -0.000000e+00  -6.057660e-05   2.740720e-09
   3.673928e-03  -0.000000e+00   7.664758e-03   0.000000e+00  -1.354036e-03   0.000000e+00   1.964149e-04  -0.000000e+00  -3.064727e-04   7.453031e-09
   5.729170e-03  -0.000000e+00   6.170154e-03   0.000000e+00  -6.445535e-05   0.000000e+00   8.065518e-06  -0.000000e+00   1.307213e-05   1.152494e-09
   5.631678e-03  -0.000000e+00   7.783789e-03   0.000000e+00  -4.811990e-05   0.000000e+00  -2.212213e-05  -0.000000e+00   3.807319e-06   9.451963e-10
   9.704062e-03  -0.000000e+00   1.377363e-03   0.000000e+00  -3.034847e-03   0.000000e+00   5.316837e-05  -0.000000e+00   7.719639e-04   1.327328e-08
   7.735733e-03  -0.000000e+00   8.337124e-03   0.000000e+00  -9.816509e-05   0.000000e+00   1.501147e-05  -0.000000e+00   3.459026e-05   1.259696e-09
   5.616989e-03  -0.000000e+00   1.872092e-02   0.000000e+00  -8.060447e-05   0.000000e+00  -1.614485e-05  -0.000000e+00  -1.177693e-05   1.125575e-09
   6.448686e-03  -0.000000e+00   1.442451e-02   0.000000e+00  -6.130325e-04   0.000000e+00  -9.941501e-05  -0.000000e+00   2.192278e-04   4.025527e-09
   4.050113e-03  -0.000000e+00   1.537481e-02   0.000000e+00  -7.008974e-05   0.000000e+00   2.187346e-05  -0.000000e+00  -5.456977e-06   1.064479e-09
   1.770281e-03  -0.000000e+00   1.395488e-02   0.000000e+00  -2.664158e-04   0.000000e+00  -3.274458e-06  -0.000000e+00   7.599992e-05   2.071809e-09
   8.302811e-03  -0.000000e+00   1.204429e-02   0.000000e+00  -1.568233e-04   0.000000e+00   5.506273e-05  -0.000000e+00  -4.389974e-05   1.569003e-09
   2.526125e-03  -0.000000e+00   1.242663e-02   0.000000e+00  -2.166952e-05   0.000000e+00   5.548540e-06  -0.000000e+00   8.671230e-06   5.384938e-10
   1.398067e-03  -0.000000e+00   1.057293e-02   0.000000e+00  -5.193549e-04   0.000000e+00  -1.260913e-04  -0.000000e+00   8.540618e-05   4.052217e-09
   5.741466e-03  -0.000000e+00   1.068639e-02   0.000000e+00  -2.645360e-03   0.000000e+00   6.821712e-04  -0.000000e+00   5.147894e-04   1.330060e-08
   1.763547e-02  -0.000000e+00   1.815856e-03   0.000000e+00  -1.668999e-03   0.000000e+00   5.682302e-04  -0.000000e+00  -1.757234e-04   7.789361e-09
   1.736251e-02  -0.000000e+00   4.645222e-03   0.000000e+00  -5.068786e-03   0.000000e+00   1.666086e-03  -0.000000e+00  -8.650125e-04   1.570404e-08
   1.861943e-02  -0.000000e+00   9.378351e-03   0.000000e+00  -1.073724e-03   0.000000e+00   2.306408e-04  -0.000000e+00  -2.779365e-04   5.409376e-09
   1.511508e-02  -0.000000e+00   2.857670e-03   0.000000e+00  -9.371507e-04   0.000000e+00  -2.062076e-04  -0.000000e+00   3.739402e-04   5.136138e-09
   1.539814e-02  -0.000000e+00   9.754568e-04   0.000000e+00  -2.865961e-05   0.000000e+00   4.422034e-06  -0.000000e+00   7.828794e-06   7.041023e-10
   1.277935e-02  -0.000000e+00   1.469754e-03   0.000000e+00  -4.133551e-03   0.000000e+00   2.356539e-04  -0.000000e+00  -1.697972e-03   1.592585e-08
   1.090347e-02  -0.000000e+00   6.253133e-03   0.000000e+00  -3.945451e-04   0.000000e+00   8.567606e-05  -0.000000e+00  -1.245431e-04   3.254709e-09
   1.449489e-02  -0.000000e+00   8.965536e-03   0.000000e+00  -2.955135e-05   0.000000e+00   2.421444e-06  -0.000000e+00  -1.419260e-05   5.033926e-10
   1.044017e-02  -0.000000e+00   3.207718e-03   0.000000e+00  -2.293187e-04   0.000000e+00   9.901980e-05  -0.000000e+00  -5.237454e-05   1.911154e-09
   1.705964e-02  -0.000000e+00   9.276579e-03   0.000000e+00  -1.308429e-05   0.000000e+00   2.929918e-07  -0.000000e+00   5.755880e-06   3.981925e-10
   1.272182e-02  -0.000000e+00   8.248911e-03   0.000000e+00  -2.625124e-04   0.000000e+00  -1.101472e-04  -0.000000e+00  -5.819022e-05   2.945769e-09
   1.222950e-02  -0.000000e+00   6.596799e-03   0.000000e+00  -1.002810e-05   0.000000e+00   9.217794e-07  -0.000000e+00   4.254265e-06   2.739299e-10
   1.023573e-02  -0.000000e+00   1.038876e-02   0.000000e+00  -1.704942e-03   0.000000e+00  -3.630205e-04  -0.000000e+00   2.094253e-04   8.520368e-09
   1.301983e-02  -0.000000e+00   1.630710e-02   0.000000e+00  -3.968653e-05   0.000000e+00   5.619966e-06  -0.000000e+00  -3.526537e-07   7.250682e-10
   1.748306e-02  -0.000000e+00   1.499675e-02   0.000000e+00  -3.210379e-04   0.000000e+00  -1.293904e-05  -0.000000e+00  -1.071766e-04   2.510150e-09
   1.097488e-02  -0.000000e+00   1.514732e-02   0.000000e+00  -2.119162e-03   0.000000e+00  -5.728087e-04  -0.000000e+00   2.898867e-04   8.931525e-09
   1.460197e-02  -0.000000e+00   1.436132e-02   0.000000e+00  -7.010375e-04   0.000000e+00   1.667437e-04  -0.000000e+00  -2.293833e-04   4.503874e-09
   1.586920e-02  -0.000000e+00   1.253229e-02   0.000000e+00  -1.447199e-04   0.000000e+00  -2.207417e-05  -0.000000e+00  -6.569314e-05   1.489010e-09
   1.308502e-02  -0.000000e+00   1.213463e-02   0.000000e+00  -7.313261e-04   0.000000e+00   6.648329e-05  -0.000000e+00   1.413421e-04   5.717575e-09
                                                0.000000e+00  -3.638671e-02   0.000000e+00   2.072669e-03   0.000000e+00  -2.476841e-04   4.421746e-09

              4
             43
          pos_x          pos_y          pos_z       normal_x       normal_y       normal_z        tangt_x        tangt_y        tangt_z          pentr
   1.647605e-03   2.000000e-02   2.475048e-03   0.000000e+00   2.003050e-04   0.000000e+00   4.065000e-05  -0.000000e+00  -6.000295e-06   1.808865e-09
   6.535048e-03   2.000000e-02   6.124092e-03   0.000000e+00   4.562520e-04   0.000000e+00   9.423238e-05  -0.000000e+00  -1.600870e-04   3.384245e-09
   3.888210e-03   2.000000e-02   4.056265e-03   0.000000e+00   2.181599e-03   0.000000e+00   1.004210e-03  -0.000000e+00  -2.388046e-04   8.475374e-09
   7.878791e-03   2.000000e-02   2.668059e-03   0.000000e+00   1.583423e-03   0.000000e+00  -4.285080e-04  -0.000000e+00  -4.072337e-04   7.859543e-09
   9.664225e-03   2.000000e-02   7.010222e-03   0.000000e+00   2.353110e-03   0.000000e+00   6.475846e-04  -0.000000e+00   3.912776e-04   1.034908e-08
   1.718678e-03   2.000000e-02   4.815520e-03   0.000000e+00   2.653777e-05   0.000000e+00  -9.588916e-06  -0.000000e+00   3.470056e-06   5.689183e-10
   1.512419e-03   2.000000e-02   6.977382e-03   0.000000e+00   4.108815e-06   0.000000e+00  -7.403306e-07  -0.000000e+00  -1.462177e-06   1.768424e-10
   4.818053e-03   2.000000e-02   1.240074e-03   0.000000e+00   4.392842e-04   0.000000e+00   1.158224e-04  -0.000000e+00   2.888881e-05   3.122433e-09
   3.651098e-03   2.000000e-02   9.568421e-03   0.000000e+00   6.352690e-03   0.000000e+00   2.281536e-03  -0.000000e+00   4.267345e-04   1.462514e-08
   8.269212e-03   2.000000e-02   9.471092e-03   0.000000e+00   8.296648e-04   0.000000e+00   1.458249e-04  -0.000000e+00  -1.457829e-05   4.578029e-09
   9.657553e-03   2.000000e-02   1.299644e-03   0.000000e+00   2.162655e-04   0.000000e+00   1.968446e-05  -0.000000e+00  -4.619357e-05   2.317378e-09
   7.850003e-03   2.000000e-02   6.593559e-03   0.000000e+00   5.244543e-04   0.000000e+00  -2.940513e-05  -0.000000e+00  -3.339669e-05   4.245925e-09
   7.538728e-04   2.000000e-02   9.396682e-03   0.000000e+00   8.526177e-04   0.000000e+00  -1.763118e-04  -0.000000e+00   6.629158e-05   6.295063e-09
   1.700071e-03   2.000000e-02   1.803378e-02   0.000000e+00   1.841773e-05   0.000000e+00  -6.532617e-07  -0.000000e+00   6.882384e-06   4.529230e-10
   7.780409e-03   2.000000e-02   1.590237e-02   0.000000e+00   2.910318e-04   0.000000e+00   2.784285e-06  -0.000000e+00  -3.232862e-05   3.140127e-09
   5.308973e-03   2.000000e-02   1.524413e-02   0.000000e+00   1.045543e-03   0.000000e+00   2.358900e-04  -0.000000e+00   1.043826e-05   6.586512e-09
   2.280897e-03   2.000000e-02   1.562802e-02   0.000000e+00   8.676886e-04   0.000000e+00   2.239764e-04  -0.000000e+00   3.261079e-05   4.688989e-09
   9.831439e-03   2.000000e-02   1.385929e-02   0.000000e+00   2.936822e-04   0.000000e+00   3.120787e-05  -0.000000e+00  -6.711950e-05   2.163006e-09
   5.357141e-03   2.000000e-02   1.238574e-02   0.000000e+00   3.671341e-05   0.000000e+00  -9.265433e-06  -0.000000e+00   8.323815e-06   5.813183e-10
   1.604213e-03   2.000000e-02   1.137092e-02   0.000000e+00   1.259462e-04   0.000000e+00  -3.575772e-05  -0.000000e+00   3.444459e-05   1.484598e-09
   1.794356e-02   2.000000e-02   5.606311e-03   0.000000e+00   3.759837e-04   0.000000e+00  -6.505272e-05  -0.000000e+00   2.814165e-05   3.228030e-09
   1.939956e-02   2.000000e-02   4.534015e-03   0.000000e+00   8.009628e-04   0.000000e+00   8.765948e-05  -0.000000e+00   6.281995e-05   6.967178e-09
   1.657703e-02   2.000000e-02   8.491271e-03   0.000000e+00   1.148258e-03   0.000000e+00  -3.720073e-04  -0.000000e+00  -1.263537e-05   6.836227e-09
   1.620095e-02   2.000000e-02   3.799025e-03   0.000000e+00   1.501233e-03   0.000000e+00  -3.508244e-04  -0.000000e+00  -1.420069e-04   9.022870e-09
   1.790094e-02   2.000000e-02   1.039853e-02   0.000000e+00   6.648022e-04   0.000000e+00   9.068210e-05  -0.000000e+00  -1.124935e-05   5.449660e-09
   1.775593e-02   2.000000e-02   2.692261e-03   0.000000e+00   3.557495e-03   0.000000e+00   2.988838e-04  -0.000000e+00  -1.453214e-03   1.365144e-08
   1.412030e-02   2.000000e-02   4.115811e-03   0.000000e+00   8.319151e-04   0.000000e+00  -2.728262e-04  -0.000000e+00  -8.052762e-05   5.190071e-09
   1.543239e-02   2.000000e-02   9.592337e-04   0.000000e+00   1.029679e-05   0.000000e+00  -2.485939e-06  -0.000000e+00   1.187730e-06   2.911037e-10
   1.376079e-02   2.000000e-02   1.880983e-03   0.000000e+00   4.816446e-03   0.000000e+00   1.716230e-03  -0.000000e+00   1.054632e-03   1.593712e-08
   1.540903e-02   2.000000e-02   7.189660e-03   0.000000e+00   1.008390e-05   0.000000e+00  -1.816097e-06  -0.000000e+00   2.581105e-06   2.674748e-10
   1.168820e-02   2.000000e-02   2.101239e-03   0.000000e+00   1.157645e-02   0.000000e+00  -1.422040e-03  -0.000000e+00  -4.657886e-04   2.584289e-08
   1.418853e-02   2.000000e-02   5.594733e-03   0.000000e+00   2.900284e-05   0.000000e+00   5.718938e-07  -0.000000e+00   9.141725e-06   6.381238e-10
   1.179758e-02   2.000000e-02   5.311177e-03   0.000000e+00   3.681078e-04   0.000000e+00  -1.074869e-04  -0.000000e+00  -3.308459e-05   2.985263e-09
   1.616469e-02   2.000000e-02   6.053254e-03   0.000000e+00   1.289516e-04   0.000000e+00   1.466719e-05  -0.000000e+00   6.224105e-05   1.977568e-09
   1.404481e-02   2.000000e-02   7.323915e-03   0.000000e+00   4.845580e-05   0.000000e+00   1.447073e-05  -0.000000e+00  -7.646876e-06   1.004958e-09
   1.134424e-02   2.000000e-02   8.926865e-03   0.000000e+00   3.907027e-04   0.000000e+00   8.751399e-05  -0.000000e+00   9.753144e-05   2.909153e-09
   1.456758e-02   2.000000e-02   9.752482e-03   0.000000e+00   1.679790e-04   0.000000e+00   3.753462e-05  -0.000000e+00   5.752788e-05   1.879244e-09
   1.402748e-02   2.000000e-02   1.716031e-02   0.000000e+00   4.822857e-04   0.000000e+00  -1.323521e-04  -0.000000e+00   2.554835e-05   3.497211e-09
   1.140816e-02   2.000000e-02   1.594153e-02   0.000000e+00   6.639805e-05   0.000000e+00  -2.499986e-05  -0.000000e+00  -1.107776e-05   1.149452e-09
   1.763182e-02   2.000000e-02   1.466123e-02   0.000000e+00   2.847216e-04   0.000000e+00  -1.007677e-04  -0.000000e+00  -4.198554e-05   2.585980e-09
   1.255691e-02   2.000000e-02   1.373323e-02   0.000000e+00   4.421937e-04   0.000000e+00  -1.354280e-04  -0.000000e+00   5.343076e-06   3.429417e-09
   1.185804e-02   2.000000e-02   1.123803e-02   0.000000e+00   1.067883e-03   0.000000e+00  -3.378983e-05  -0.000000e+00  -4.837171e-04   5.075059e-09
   1.925359e-02   2.000000e-02   1.131546e-02   0.000000e+00   9.499023e-05   0.000000e+00  -2.886642e-05  -0.000000e+00   1.576525e-05   1.667211e-09
                                                0.000000e+00   4.756494e-02   0.000000e+00   3.450643e-03   0.000000e+00  -1.318315e-03   4.846210e-09

              5
             62
          pos_x          pos_y          pos_z       normal_x       normal_y       normal_z        tangt_x        tangt_y        tangt_z          pentr
   2.176667e-03   1.561531e-03  -0.000000e+00   0.000000e+00   0.000000e+00  -8.413384e-03   2.259037e-04  -1.074533e-03  -0.000000e+00   2.090927e-08
   6.371592e-03   1.429754e-03  -0.000000e+00   0.000000e+00   0.000000e+00  -2.037367e-03   4.555875e-04   3.345160e-04  -0.000000e+00   8.176193e-09
   4.695576e-03   5.495453e-03  -0.000000e+00   0.000000e+00   0.000000e+00  -5.688611e-05   1.205690e-05   2.439152e-05  -0.000000e+00   1.019310e-09
   1.279665e-03   3.459621e-03  -0.000000e+00   0.000000e+00   0.000000e+00  -1.286161e-04   4.953139e-05  -2.466357e-05  -0.000000e+00   1.687551e-09
   6.064867e-03   8.902548e-03  -0.000000e+00   0.000000e+00   0.000000e+00  -2.653205e-04  -4.675237e-05   5.277877e-05  -0.000000e+00   3.004223e-09
   1.188874e-03   9.737834e-03  -0.000000e+00   0.000000e+00   0.000000e+00  -3.399815e-03  -9.182671e-04   7.620393e-04  -0.000000e+00   1.257317e-08
   7.862885e-04   5.629018e-03  -0.000000e+00   0.000000e+00   0.000000e+00  -6.218597e-05  -1.105219e-05   8.447860e-06  -0.000000e+00   9.011109e-10
   2.646378e-03   4.989886e-03  -0.000000e+00   0.000000e+00   0.000000e+00  -1.350273e-04   9.467785e-06   5.227355e-05  -0.000000e+00   1.577670e-09
   2.345021e-03   6.803889e-03  -0.000000e+00   0.000000e+00   0.000000e+00  -1.565534e-04   6.267583e-06   5.228576e-06  -0.000000e+00   1.663499e-09
   3.926050e-03   9.290786e-03  -0.000000e+00   0.000000e+00   0.000000e+00  -6.068451e-04  -2.276508e-04   1.319359e-04  -0.000000e+00   3.496159e-09
   4.292142e-03   1.327909e-03  -0.000000e+00   0.000000e+00   0.000000e+00  -5.340070e-04  -3.020478e-05  -1.319151e-04  -0.000000e+00   3.783531e-09
   3.367302e-03   3.054522e-03  -0.000000e+00   0.000000e+00   0.000000e+00  -2.574112e-05   4.869160e-06  -5.006677e-06  -0.000000e+00   6.252340e-10
   4.410881e-03   6.638505e-03  -0.000000e+00   0.000000e+00   0.000000e+00  -5.237101e-05   9.546315e-08   5.645795e-07  -0.000000e+00   1.003913e-09
   5.115109e-03   3.556048e-03  -0.000000e+00   0.000000e+00   0.000000e+00  -4.427573e-03  -4.326392e-04   6.096526e-04  -0.000000e+00   1.617544e-08
   6.293255e-03   6.672170e-03  -0.000000e+00   0.000000e+00   0.000000e+00  -4.569771e-04  -7.163934e-05  -4.403363e-05  -0.000000e+00   3.631072e-09
   8.492820e-03   5.217157e-03  -0.000000e+00   0.000000e+00   0.000000e+00  -6.451106e-03  -3.042699e-04  -2.729741e-03  -0.000000e+00   1.884850e-08
   8.315126e-03   8.071724e-03  -0.000000e+00   0.000000e+00   0.000000e+00  -6.837429e-03  -1.091664e-03  -2.710955e-03  -0.000000e+00   1.844171e-08
   9.430721e-03   2.211645e-03  -0.000000e+00   0.000000e+00   0.000000e+00  -4.919258e-03  -7.003993e-04  -5.132383e-04  -0.000000e+00   1.325620e-08
   1.044022e-03   1.843453e-02  -0.000000e+00   0.000000e+00   0.000000e+00  -1.138142e-03  -2.065042e-04   2.999302e-04  -0.000000e+00   5.712340e-09
   4.013516e-03   1.872976e-02  -0.000000e+00   0.000000e+00   0.000000e+00  -6.490462e-04   4.653092e-05  -8.599849e-05  -0.000000e+00   4.102027e-09
   2.346650e-03   1.685582e-02  -0.000000e+00   0.000000e+00   0.000000e+00  -2.384573e-04   4.272459e-05  -1.632108e-05  -0.000000e+00   2.535642e-09
   6.292790e-03   1.816644e-02  -0.000000e+00   0.000000e+00   0.000000e+00  -1.917695e-04  -5.259641e-05   6.488338e-05  -0.000000e+00   1.916055e-09
   1.049229e-03   1.581991e-02  -0.000000e+00   0.000000e+00   0.000000e+00  -5.021645e-05   1.130011e-05   3.638087e-06  -0.000000e+00   9.761715e-10
   6.798655e-03   1.511684e-02  -0.000000e+00   0.000000e+00   0.000000e+00  -3.340842e-03  -1.089348e-03  -7.793257e-04  -0.000000e+00   1.286104e-08
   3.259099e-03   1.271949e-02  -0.000000e+00   0.000000e+00   0.000000e+00  -6.940484e-05  -3.352061e-06  -1.712278e-05  -0.000000e+00   9.711662e-10
   5.015953e-03   1.618391e-02  -0.000000e+00   0.000000e+00   0.000000e+00  -6.946764e-04   1.176017e-04  -1.536772e-04  -0.000000e+00   3.939813e-09
   2.472579e-03   1.445448e-02  -0.000000e+00   0.000000e+00   0.000000e+00  -6.318466e-03   9.522752e-04   6.834992e-04  -0.000000e+00   1.936161e-08
   9.657489e-03   1.897414e-02  -0.000000e+00   0.000000e+00   0.000000e+00  -5.526692e-04   1.338974e-04  -1.968780e-05  -0.000000e+00   5.102963e-09
   4.920510e-03   1.166987e-02  -0.000000e+00   0.000000e+00   0.000000e+00  -3.696096e-03   5.710726e-05  -1.200155e-03  -0.000000e+00   1.642583e-08
   8.821344e-03   1.375376e-02  -0.000000e+00   0.000000e+00   0.000000e+00  -2.245263e-03   1.361225e-04  -5.496276e-06  -0.000000e+00   8.832827e-09
   1.007769e-03   1.251725e-02  -0.000000e+00   0.000000e+00   0.000000e+00  -9.587285e-05   5.707242e-06   1.783199e-05  -0.000000e+00   1.202019e-09
   7.200022e-03   1.097916e-02  -0.000000e+00   0.000000e+00   0.000000e+00  -1.087734e-03  -1.711457e-04   3.455974e-05  -0.000000e+00   5.404737e-09
   9.882940e-03   1.596254e-02  -0.000000e+00   0.000000e+00   0.000000e+00  -8.683792e-05   2.329723e-06   2.309744e-06  -0.000000e+00   1.123651e-09
   1.798868e-02   5.656444e-03  -0.000000e+00   0.000000e+00   0.000000e+00  -1.978228e-03   2.835511e-05  -3.956031e-04  -0.000000e+00   8.745215e-09
   1.608445e-02   8.098421e-03  -0.000000e+00   0.000000e+00   0.000000e+00  -3.482895e-03   1.161150e-03   7.779165e-04  -0.000000e+00   1.342799e-08
   1.704384e-02   1.926180e-03  -0.000000e+00   0.000000e+00   0.000000e+00  -5.360198e-03   4.002420e-04  -3.320453e-04  -0.000000e+00   1.678746e-08
   1.252287e-02   4.978215e-03  -0.000000e+00   0.000000e+00   0.000000e+00  -1.465172e-03  -1.624147e-05   2.735103e-04  -0.000000e+00   8.449003e-09
   1.543875e-02   4.871934e-03  -0.000000e+00   0.000000e+00   0.000000e+00  -1.398566e-03  -1.837255e-04  -4.255186e-04  -0.000000e+00   8.265618e-09
   1.833727e-02   3.756971e-03  -0.000000e+00   0.000000e+00   0.000000e+00  -2.475333e-03  -2.375035e-04   2.571165e-04  -0.000000e+00   1.047883e-08
   1.520528e-02   1.249890e-03  -0.000000e+00   0.000000e+00   0.000000e+00  -6.004458e-05  -4.416461e-06   2.866047e-05  -0.000000e+00   9.724447e-10
   1.429692e-02   3.059595e-03  -0.000000e+00   0.000000e+00   0.000000e+00  -1.783111e-04  -1.076483e-05  -2.183794e-05  -0.000000e+00   2.215099e-09
   1.247793e-02   1.712636e-03  -0.000000e+00   0.000000e+00   0.000000e+00  -3.186536e-03   9.207073e-04   2.132926e-04  -0.000000e+00   1.242464e-08
   1.348308e-02   9.140882e-03  -0.000000e+00   0.000000e+00   0.000000e+00  -3.889417e-03  -1.414894e-04   9.442111e-05  -0.000000e+00   1.474656e-08
   1.432920e-02   6.939349e-03  -0.000000e+00   0.000000e+00   0.000000e+00  -2.486015e-04   9.511794e-05   9.971488e-07  -0.000000e+00   2.285704e-09
   1.891589e-02   9.329540e-03  -0.000000e+00   0.000000e+00   0.000000e+00  -3.688077e-03   1.602880e-03  -5.712075e-04  -0.000000e+00   1.213363e-08
   1.092328e-02   6.503684e-03  -0.000000e+00   0.000000e+00   0.000000e+00  -3.528141e-04   1.521865e-05  -1.961719e-05  -0.000000e+00   2.544121e-09
   1.127592e-02   8.324320e-03  -0.000000e+00   0.000000e+00   0.000000e+00  -7.780022e-05  -1.492407e-06  -1.644935e-05  -0.000000e+00   1.262258e-09
   1.820332e-02   1.720650e-02  -0.000000e+00   0.000000e+00   0.000000e+00  -6.470146e-03   4.116256e-04  -6.874961e-04  -0.000000e+00   2.493905e-08
   1.877955e-02   1.890562e-02  -0.000000e+00   0.000000e+00   0.000000e+00  -4.940808e-05  -1.300896e-05  -3.979603e-09  -0.000000e+00   9.356364e-10
   1.681417e-02   1.499848e-02  -0.000000e+00   0.000000e+00   0.000000e+00  -5.208316e-03  -8.887526e-05  -1.110481e-03  -0.000000e+00   1.675214e-08
   1.490433e-02   1.690794e-02  -0.000000e+00   0.000000e+00   0.000000e+00  -1.796227e-03   4.661922e-04  -1.369320e-05  -0.000000e+00   8.367655e-09
   1.909042e-02   1.489127e-02  -0.000000e+00   0.000000e+00   0.000000e+00  -4.972203e-05  -8.676628e-06   7.596111e-06  -0.000000e+00   8.684081e-10
   1.575897e-02   1.918736e-02  -0.000000e+00   0.000000e+00   0.000000e+00  -5.673848e-05   6.617133e-06  -8.953799e-06  -0.000000e+00   1.045648e-09
   1.395596e-02   1.859686e-02  -0.000000e+00   0.000000e+00   0.000000e+00  -3.774261e-03  -1.699519e-04  -8.346642e-04  -0.000000e+00   1.653645e-08
   1.781076e-02   1.287566e-02  -0.000000e+00   0.000000e+00   0.000000e+00  -5.464624e-05   1.030493e-05   2.205062e-06  -0.000000e+00   1.010859e-09
   1.895917e-02   1.207498e-02  -0.000000e+00   0.000000e+00   0.000000e+00  -5.056555e-05  -4.068645e-06  -1.315461e-06  -0.000000e+00   7.860614e-10
   1.167226e-02   1.674333e-02  -0.000000e+00   0.000000e+00   0.000000e+00  -4.831060e-03  -1.239504e-04  -9.776081e-04  -0.000000e+00   1.604408e-08
   1.602096e-02   1.149442e-02  -0.000000e+00   0.000000e+00   0.000000e+00  -6.018441e-04  -6.640686e-05  -9.116062e-05  -0.000000e+00   4.075424e-09
   1.393963e-02   1.271693e-02  -0.000000e+00   0.000000e+00   0.000000e+00  -4.706805e-04  -1.062144e-04   1.123130e-04  -0.000000e+00   3.578276e-09
   1.143509e-02   1.426505e-02  -0.000000e+00   0.000000e+00   0.000000e+00  -3.600372e-03   7.886664e-04  -6.230312e-04  -0.000000e+00   1.508120e-08
   1.486979e-02   1.441518e-02  -0.000000e+00   0.000000e+00   0.000000e+00  -7.406750e-05   2.683342e-05   1.776968e-05  -0.000000e+00   1.012837e-09
   1.122276e-02   1.090281e-02  -0.000000e+00   0.000000e+00   0.000000e+00  -2.128547e-03   5.034053e-04  -4.032348e-04  -0.000000e+00   7.292605e-09
                                                0.000000e+00   0.000000e+00  -1.164805e-01   2.172419e-03  -1.117151e-02   0.000000e+00   7.327525e-09

