     iteration=        2200000       process=              0       (i,j,k)=              0              0              0       (x,y,z)=   5.000000e-03   5.000000e-03   5.253276e-03     particles=             80
fabric=[ ...   
   3.406830e-01   6.659652e-03  -4.544256e-04;
   6.659652e-03   3.072541e-01   5.926018e-04;
  -4.544256e-04   5.926018e-04   3.520629e-01]
sigma=[ ...    
  -3.169322e+02  -2.420107e+01   2.394237e+01;
  -2.420103e+01  -2.445716e+02  -2.606797e+01;
   2.394215e+01  -2.606804e+01  -3.733431e+02]
sigmaDot=[ ... 
  -1.029550e+01  -5.865377e+00   3.786219e+00;
  -7.905700e+00   5.814858e+00  -4.809349e+00;
   3.035270e+00  -4.773179e+00  -5.909007e+00]
intgraE=[ ...  
   4.533703e+01  -1.806207e+01  -6.086422e-02;
  -1.806207e+01   1.188862e+01   8.604209e-03;
  -6.086422e-02   8.604209e-03  -4.998743e-01]
E=[ ...        
   1.866825e+05  -5.241307e+04  -1.987218e+00;
  -5.241307e+04   8.846030e+05   1.429250e+00;
  -1.987218e+00   1.429250e+00  -4.997946e-01]
e=[ ...        
  -4.133652e+01  -4.074320e+00  -2.350833e+02;
  -4.074320e+00   1.032145e-01  -2.289399e+01;
  -2.350833e+02  -2.289399e+01  -1.320455e+03]
intgraF=[ ...  
   6.092713e+00  -3.970914e+00  -3.534621e-03;
  -5.135928e-01   2.636007e+00  -6.446098e-03;
  -7.368117e+00   1.435465e+00   1.404751e-02]
F=[ ...        
   5.032531e+02  -8.528039e+02  -2.714640e-03;
  -3.362902e+02  -1.006627e+03   2.803657e-03;
  -8.373288e+01   1.692152e+02   1.988995e-02]
R=[ ...        
   7.726130e-01  -6.102311e-01   1.751775e-01;
  -6.221053e-01  -7.827476e-01   1.706647e-02;
  -1.267053e-01   1.221646e-01   9.843889e-01]
U=[ ...        
   6.086372e+02  -5.409957e+01  -6.361699e-03;
  -5.409957e+01   1.329015e+03   1.891852e-03;
  -6.361699e-03   1.891852e-03   1.915175e-02]
l=[ ...        
  -1.906967e-02  -2.645056e-03   8.210325e-04;
  -1.748760e-02  -2.425161e-03   7.527583e-04;
  -4.131111e-05  -5.457322e-06   1.506282e-06]
d=[ ...        
  -1.906967e-02  -1.006633e-02   3.898607e-04;
  -1.006633e-02  -2.425161e-03   3.736505e-04;
   3.898607e-04   3.736505e-04   1.506282e-06]
     iteration=        2200000       process=              1       (i,j,k)=              0              0              1       (x,y,z)=   5.000000e-03   5.000000e-03   1.575983e-02     particles=             46
fabric=[ ...   
   3.564787e-01  -1.130126e-02   2.350286e-02;
  -1.130126e-02   3.196542e-01   3.392460e-04;
   2.350286e-02   3.392460e-04   3.238671e-01]
sigma=[ ...    
  -6.729487e+01   8.038493e+00   7.153053e-01;
   8.038478e+00  -7.683676e+01   1.491415e+00;
   7.153636e-01   1.491422e+00  -1.060198e+02]
sigmaDot=[ ... 
   7.682595e+00  -5.905818e+00  -1.431817e+01;
  -1.643158e+01   6.463660e+00   1.268105e+00;
  -1.179787e+01   4.523114e+00   9.691275e+00]
intgraE=[ ...  
   9.541107e-02  -6.456876e-02  -6.784939e-01;
  -6.456876e-02   1.150403e-02   3.409815e-01;
  -6.784939e-01   3.409815e-01   3.604720e+00]
E=[ ...        
   6.649839e+05  -8.275409e+05   3.175634e+00;
  -8.275409e+05   1.803571e+06  -2.435672e+01;
   3.175634e+00  -2.435672e+01  -4.994458e-01]
e=[ ...        
  -1.548284e+05  -7.115772e+04   1.213486e+05;
  -7.115772e+04  -3.270283e+04   5.577053e+04;
   1.213486e+05   5.577053e+04  -9.510758e+04]
intgraF=[ ...  
   9.981293e-01   3.866919e-04  -9.610482e-02;
  -3.448874e-02   9.878713e-01   6.129174e-02;
  -4.397393e-01   2.170674e-01   2.862944e+00]
F=[ ...        
   4.045324e+02  -1.217120e+03   1.976895e-02;
  -1.073970e+03   1.174091e+03  -1.298038e-03;
  -1.136228e+02  -8.644495e+02   2.675489e-02]
R=[ ...        
   6.245661e-03  -6.724524e-01  -7.401141e-01;
  -8.660895e-01   3.663227e-01  -3.401420e-01;
  -4.998499e-01  -6.431294e-01   5.801160e-01]
U=[ ...        
   9.894754e+02  -5.923744e+02  -1.212574e-02;
  -5.923744e+02   1.804504e+03  -3.097603e-02;
  -1.212574e-02  -3.097603e-02   1.331180e-03]
l=[ ...        
   2.215003e-07  -2.902910e-08  -1.451145e-07;
   8.127380e-09   1.142500e-07  -8.836242e-08;
  -6.539756e-08  -6.146292e-08  -9.596256e-08]
d=[ ...        
   2.215003e-07  -1.045086e-08  -1.052560e-07;
  -1.045086e-08   1.142500e-07  -7.491267e-08;
  -1.052560e-07  -7.491267e-08  -9.596256e-08]
     iteration=        2200000       process=              2       (i,j,k)=              0              1              0       (x,y,z)=   5.000000e-03   1.500000e-02   5.253276e-03     particles=             81
fabric=[ ...   
   3.310468e-01  -4.789039e-04   1.568588e-03;
  -4.789039e-04   3.223617e-01   1.543029e-02;
   1.568588e-03   1.543029e-02   3.465915e-01]
sigma=[ ...    
  -2.982598e+02  -7.158622e+00   2.961895e+01;
  -7.158670e+00  -2.536098e+02  -3.486698e+01;
   2.961895e+01  -3.486698e+01  -2.909758e+02]
sigmaDot=[ ... 
  -1.109449e+00  -4.313257e-01  -1.375791e-01;
  -2.902432e-02  -4.230255e-01   2.601625e-01;
  -6.066381e-01   3.308691e-01  -1.024056e+00]
intgraE=[ ...  
   1.494357e+01  -1.573173e+01  -2.006852e-01;
  -1.573173e+01   1.588631e+01   2.068444e-01;
  -2.006852e-01   2.068444e-01  -4.973758e-01]
E=[ ...        
   3.379219e+05   1.169372e+05   6.556383e+02;
   1.169372e+05   1.936425e+05   3.664786e+01;
   6.556383e+02   3.664786e+01   1.010242e+00]
e=[ ...        
  -6.499771e+01   6.364040e+01   1.477004e+01;
   6.364040e+01  -6.133576e+01  -1.435121e+01;
   1.477004e+01  -1.435121e+01  -2.830715e+00]
intgraF=[ ...  
   4.292964e+00  -4.911051e+00  -5.941655e-02;
   1.161860e+00  -9.047812e-01  -1.383005e-02;
   3.332820e+00  -2.799209e+00  -3.907460e-02]
F=[ ...        
  -4.836717e+02   4.883622e+01  -1.250734e+00;
  -3.695414e+02   1.875143e+02  -1.066125e+00;
  -5.525808e+02  -5.913877e+02  -5.652647e-01]
R=[ ...        
  -6.535778e-01   2.625005e-01  -7.098800e-01;
  -5.572258e-01   4.678322e-01   6.860266e-01;
  -5.121870e-01  -8.439352e-01   1.594927e-01]
U=[ ...        
   8.050598e+02   1.664950e+02   1.701046e+00;
   1.664950e+02   5.996376e+02  -3.500392e-01;
   1.701046e+00  -3.500392e-01   6.632569e-02]
l=[ ...        
  -3.549078e-03   7.173398e-04   7.876193e-03;
   1.355150e-02  -5.287838e-04  -5.947097e-04;
   2.680989e-05  -5.025329e-06  -5.457534e-05]
d=[ ...        
  -3.549078e-03   7.134422e-03   3.951501e-03;
   7.134422e-03  -5.287838e-04  -2.998675e-04;
   3.951501e-03  -2.998675e-04  -5.457534e-05]
     iteration=        2200000       process=              3       (i,j,k)=              0              1              1       (x,y,z)=   5.000000e-03   1.500000e-02   1.575983e-02     particles=             39
fabric=[ ...   
   3.401717e-01   1.688588e-02   1.971143e-02;
   1.688588e-02   3.265153e-01   1.258165e-03;
   1.971143e-02   1.258165e-03   3.333130e-01]
sigma=[ ...    
  -1.009582e+02  -1.022797e+01  -9.289473e+00;
  -1.023066e+01  -8.770823e+01  -1.425937e+00;
  -9.285306e+00  -1.426292e+00  -1.334551e+02]
sigmaDot=[ ... 
   5.220512e-01   1.419793e+00  -1.329182e-01;
   1.084872e+00  -1.825379e+00   1.382566e+00;
  -5.925366e-01   1.187694e+00   2.176990e+00]
intgraE=[ ...  
  -4.111339e-02   7.395219e-02  -3.250967e-02;
   7.395219e-02   7.158015e-02  -4.380867e-02;
  -3.250967e-02  -4.380867e-02  -1.447513e-01]
E=[ ...        
   5.583518e+05  -5.815032e+05   7.705120e+00;
  -5.815032e+05   9.206815e+05  -3.618948e-01;
   7.705120e+00  -3.618948e-01  -4.995269e-01]
e=[ ...        
   4.427039e-01   4.165501e+00   7.877033e+00;
   4.165501e+00  -3.023472e+02  -5.726893e+02;
   7.877033e+00  -5.726893e+02  -1.082465e+03]
intgraF=[ ...  
   9.471465e-01  -1.347486e-04  -9.096779e-02;
   1.362075e-01   1.067701e+00  -1.257955e-01;
   4.619818e-02   5.634629e-02   8.284913e-01]
F=[ ...        
  -5.269628e+02  -1.392393e+02  -2.412803e-02;
  -8.113077e+02   1.192817e+03   6.143853e-03;
   4.251995e+02  -6.317936e+02   1.806263e-02]
R=[ ...        
  -8.716515e-01  -4.900834e-01  -6.475777e-03;
  -4.358839e-01   7.690765e-01   4.674682e-01;
   2.241180e-01  -4.102921e-01   8.839862e-01]
U=[ ...        
   9.082587e+02  -5.401581e+02   2.240139e-02;
  -5.401581e+02   1.244827e+03   9.138885e-03;
   2.240139e-02   9.138885e-03   1.899542e-02]
l=[ ...        
   9.797981e-09   8.516824e-09  -6.656959e-09;
   1.552926e-08  -6.086692e-08   8.341060e-08;
   2.454307e-08   1.075207e-08   3.476999e-08]
d=[ ...        
   9.797981e-09   1.202304e-08   8.943055e-09;
   1.202304e-08  -6.086692e-08   4.708133e-08;
   8.943055e-09   4.708133e-08   3.476999e-08]
     iteration=        2200000       process=              4       (i,j,k)=              1              0              0       (x,y,z)=   1.500000e-02   5.000000e-03   5.253276e-03     particles=             77
fabric=[ ...   
   3.321955e-01   4.590968e-03  -1.143786e-02;
   4.590968e-03   3.199124e-01   2.026833e-02;
  -1.143786e-02   2.026833e-02   3.478921e-01]
sigma=[ ...    
  -2.893266e+02   1.823038e+01  -3.837662e+00;
   1.823493e+01  -2.590035e+02  -4.827626e+01;
  -3.825518e+00  -4.826058e+01  -3.698881e+02]
sigmaDot=[ ... 
  -1.784148e+02  -1.157330e+02   6.767930e+02;
  -7.822370e+02  -5.539103e+01  -2.598991e+02;
  -1.169719e+02   3.942468e+02  -2.913810e+01]
intgraE=[ ...  
   1.997166e+01  -1.506997e+00   1.549144e-02;
  -1.506997e+00   2.807008e+00   2.983761e-02;
   1.549144e-02   2.983761e-02  -4.996866e-01]
E=[ ...        
   1.458542e+06  -7.915241e+05   8.648076e+00;
  -7.915241e+05   4.651081e+05  -4.766094e+00;
   8.648076e+00  -4.766094e+00  -4.996759e-01]
e=[ ...        
  -7.131185e+02   2.837070e+02   2.542119e+02;
   2.837070e+02  -1.122909e+02  -1.010648e+02;
   2.542119e+02  -1.010648e+02  -9.005778e+01]
intgraF=[ ...  
   4.235397e+00   9.829266e-01   1.482412e-02;
   8.721459e-01   1.543405e+00   1.753233e-02;
   4.716365e+00  -1.807144e+00  -9.985209e-03]
F=[ ...        
  -7.256730e+00  -1.216478e+02  -2.038530e-02;
  -1.149847e+03   4.503920e+02   1.728053e-03;
   1.262887e+03  -8.441362e+02   1.515196e-02]
R=[ ...        
  -2.039292e-01  -4.244701e-01  -8.821780e-01;
  -8.860358e-01  -3.032141e-01   3.507160e-01;
   4.163573e-01  -8.531625e-01   3.142615e-01]
U=[ ...        
   1.546098e+03  -7.257182e+02   8.934669e-03;
  -7.257182e+02   6.352561e+02  -4.798103e-03;
   8.934669e-03  -4.798103e-03   2.335120e-02]
l=[ ...        
  -5.302949e-07  -4.649155e-04  -3.659887e-04;
   2.272009e-06  -8.886883e-05  -5.542905e-05;
   2.136614e-06  -2.414037e-05  -4.263334e-07]
d=[ ...        
  -5.302949e-07  -2.313217e-04  -1.819260e-04;
  -2.313217e-04  -8.886883e-05  -3.978471e-05;
  -1.819260e-04  -3.978471e-05  -4.263334e-07]
     iteration=        2200000       process=              5       (i,j,k)=              1              0              1       (x,y,z)=   1.500000e-02   5.000000e-03   1.575983e-02     particles=             35
fabric=[ ...   
   3.330019e-01   1.096332e-02   3.956542e-03;
   1.096332e-02   3.613500e-01   2.199390e-03;
   3.956542e-03   2.199390e-03   3.056481e-01]
sigma=[ ...    
  -1.123148e+02  -1.834392e+00   1.055209e+00;
  -1.834554e+00  -1.196967e+02   1.543557e+01;
   1.055256e+00   1.543584e+01  -1.337205e+02]
sigmaDot=[ ... 
  -2.043981e+01   6.420162e+00  -2.798857e+01;
  -1.041393e+01   3.543643e+01   5.430290e+01;
  -3.368627e+01   4.554605e+00   5.448175e+01]
intgraE=[ ...  
  -9.614576e-03   1.044747e-02  -6.499428e-02;
   1.044747e-02   4.347371e-02   1.493198e-01;
  -6.499428e-02   1.493198e-01  -4.027498e-01]
E=[ ...        
   1.446285e+06  -4.948988e+05  -6.632021e+03;
  -4.948988e+05   9.678349e+05   9.123866e+03;
  -6.632021e+03   9.123866e+03   1.197083e+02]
e=[ ...        
   4.994273e-01  -2.034181e-03   3.976825e-04;
  -2.034181e-03   4.927722e-01   1.413318e-03;
   3.976825e-04   1.413318e-03   4.997233e-01]
intgraF=[ ...  
   9.892160e-01   2.952750e-02  -1.144072e-01;
   2.639696e-03   1.015634e+00   2.124687e-01;
  -4.707094e-02   2.335857e-01   3.691454e-01]
F=[ ...        
  -1.124083e+03   1.271325e+03   1.067151e+01;
   5.422837e+02  -2.595663e+02  -1.056540e+01;
   1.155394e+03   5.020247e+02   3.861076e+00]
R=[ ...        
  -5.138166e-01   8.180652e-01  -2.583831e-01;
   3.000325e-01  -1.108089e-01  -9.474713e-01;
   8.037244e-01   5.643498e-01   1.885107e-01]
U=[ ...        
   1.668894e+03  -3.276168e+02  -5.549919e+00;
  -3.276168e+02   1.352107e+03   1.207973e+01;
  -5.549919e+00   1.207973e+01   7.980928e+00]
l=[ ...        
  -2.590980e-07  -8.862160e-07  -1.685260e-06;
   3.354276e-08   1.227802e-06   1.979971e-06;
  -4.522858e-07   7.645054e-07   1.524781e-06]
d=[ ...        
  -2.590980e-07  -4.263366e-07  -1.068773e-06;
  -4.263366e-07   1.227802e-06   1.372238e-06;
  -1.068773e-06   1.372238e-06   1.524781e-06]
     iteration=        2200000       process=              6       (i,j,k)=              1              1              0       (x,y,z)=   1.500000e-02   1.500000e-02   5.253276e-03     particles=             70
fabric=[ ...   
   3.125651e-01  -1.738039e-03   1.039680e-02;
  -1.738039e-03   3.302641e-01   2.070549e-02;
   1.039680e-02   2.070549e-02   3.571708e-01]
sigma=[ ...    
  -3.141312e+02  -4.053940e+01   1.806836e+01;
  -4.053566e+01  -3.487925e+02   2.116313e+01;
   1.807011e+01   2.117356e+01  -3.554037e+02]
sigmaDot=[ ... 
   4.601453e+01   7.298205e+00  -2.727214e+00;
   7.473290e+00   5.124342e+01  -3.170039e+00;
  -2.437797e+00  -4.579699e+00   5.375849e+01]
intgraE=[ ...  
   3.557857e-01  -8.497242e-01  -3.522859e-02;
  -8.497242e-01   3.534579e-01   3.691273e-02;
  -3.522859e-02   3.691273e-02  -4.981662e-01]
E=[ ...        
   1.249026e+06  -1.014389e+06   5.457822e-01;
  -1.014389e+06   8.536953e+05   4.508057e-01;
   5.457822e-01   4.508057e-01  -4.999363e-01]
e=[ ...        
  -4.583030e+02  -1.101759e+03   1.304470e+03;
  -1.101759e+03  -2.645238e+03   3.132524e+03;
   1.304470e+03   3.132524e+03  -3.708374e+03]
intgraF=[ ...  
   4.853316e-01  -6.115872e-01  -4.569200e-02;
  -1.111191e+00   1.055765e+00   3.603523e-02;
  -4.912015e-01   4.671597e-01   1.677392e-02]
F=[ ...        
   5.920252e+02  -2.632589e+02   4.548305e-03;
  -1.215594e+03   1.021938e+03  -4.830655e-03;
  -8.184689e+02   7.705387e+02   9.130782e-03]
R=[ ...        
   8.184969e-01   5.125848e-01  -2.594604e-01;
  -5.473778e-01   5.586308e-01  -6.231445e-01;
  -1.744718e-01   6.520647e-01   7.378151e-01]
U=[ ...        
   1.292760e+03  -9.092998e+02   4.773903e-03;
  -9.092998e+02   9.383845e+02   5.586700e-03;
   4.773903e-03   5.586700e-03   8.566921e-03]
l=[ ...        
   4.704860e-02   2.275849e-03  -3.931364e-02;
  -1.431512e-01   7.820128e-02  -6.440834e-02;
  -5.530955e-02  -4.880028e-03   2.051517e-02]
d=[ ...        
   4.704860e-02  -7.043766e-02  -4.731159e-02;
  -7.043766e-02   7.820128e-02  -3.464418e-02;
  -4.731159e-02  -3.464418e-02   2.051517e-02]
     iteration=        2200000       process=              7       (i,j,k)=              1              1              1       (x,y,z)=   1.500000e-02   1.500000e-02   1.575983e-02     particles=             48
fabric=[ ...   
   3.295687e-01  -1.015338e-02  -9.363665e-03;
  -1.015338e-02   3.120910e-01  -6.333302e-03;
  -9.363665e-03  -6.333302e-03   3.583403e-01]
sigma=[ ...    
  -7.720048e+01   4.764312e-01   1.207664e+01;
   4.764256e-01  -7.534868e+01   4.103020e+00;
   1.207663e+01   4.103005e+00  -1.001878e+02]
sigmaDot=[ ... 
   2.224406e+00   7.372911e-01  -1.270381e+00;
   9.068275e-01  -4.939781e+00  -2.307138e+00;
  -1.045635e+00  -2.827028e+00  -6.529947e-01]
intgraE=[ ...  
   1.740593e-02   7.398291e-02  -9.779643e-02;
   7.398291e-02   1.064827e-02  -3.851895e-02;
  -9.779643e-02  -3.851895e-02  -4.664300e-01]
E=[ ...        
   6.940563e+05  -5.277906e+05   1.521941e+01;
  -5.277906e+05   4.208986e+05  -1.237949e+01;
   1.521941e+01  -1.237949e+01  -4.996319e-01]
e=[ ...        
  -2.902746e+04  -1.319443e+04  -7.424615e+04;
  -1.319443e+04  -5.996923e+03  -3.374800e+04;
  -7.424615e+04  -3.374800e+04  -1.899023e+05]
intgraF=[ ...  
   1.008011e+00   2.683120e-02  -1.737981e-01;
   1.045809e-01   9.911030e-01  -3.574203e-02;
  -8.825153e-02  -1.956823e-01   1.888298e-01]
F=[ ...        
  -6.868624e+02   6.663999e+02  -2.046772e-02;
  -8.595599e+02   5.223412e+02  -1.319020e-02;
   4.212961e+02  -3.533681e+02   1.196912e-02]
R=[ ...        
  -9.087297e-02   9.288243e-01   3.592039e-01;
  -9.737723e-01  -1.584258e-01   1.633060e-01;
   2.085898e-01  -3.349427e-01   9.188600e-01]
U=[ ...        
   9.873109e+02  -6.429081e+02   1.720085e-02;
  -6.429081e+02   6.545742e+02  -2.093021e-02;
   1.720085e-02  -2.093021e-02   1.491819e-03]
l=[ ...        
  -3.856702e-08   1.859258e-07  -1.482361e-08;
  -5.112658e-08  -2.884540e-07  -1.394892e-07;
  -3.076762e-08  -1.650625e-07   1.232038e-07]
d=[ ...        
  -3.856702e-08   6.739960e-08  -2.279562e-08;
   6.739960e-08  -2.884540e-07  -1.522759e-07;
  -2.279562e-08  -1.522759e-07   1.232038e-07]
