              5

              1
             48
          pos_x          pos_y          pos_z       normal_x       normal_y       normal_z        tangt_x        tangt_y        tangt_z          pentr
  -0.000000e+00   3.389204e-03   1.089351e-03  -1.276821e-04   0.000000e+00   0.000000e+00  -0.000000e+00  -5.533373e-05  -5.926451e-06   1.876833e-09
  -0.000000e+00   8.972267e-03   1.335549e-03  -2.710835e-03   0.000000e+00   0.000000e+00  -0.000000e+00  -8.306172e-04  -2.824141e-04   9.719368e-09
  -0.000000e+00   9.864867e-04   1.999696e-03  -1.565141e-04   0.000000e+00   0.000000e+00  -0.000000e+00  -2.987288e-05   7.058039e-05   1.668151e-09
  -0.000000e+00   4.147666e-03   1.888429e-03  -3.877028e-05   0.000000e+00   0.000000e+00  -0.000000e+00  -1.077057e-05  -1.042598e-05   7.110033e-10
  -0.000000e+00   5.958364e-03   2.683985e-03  -8.294451e-04   0.000000e+00   0.000000e+00  -0.000000e+00  -1.673377e-04  -3.280615e-04   5.319386e-09
  -0.000000e+00   2.729670e-03   4.725070e-03  -2.405581e-03   0.000000e+00   0.000000e+00  -0.000000e+00  -1.925274e-04   4.881841e-04   1.065111e-08
  -0.000000e+00   8.787596e-03   5.169175e-03  -2.564361e-03   0.000000e+00   0.000000e+00  -0.000000e+00  -5.659879e-04   5.146749e-04   8.608279e-09
  -0.000000e+00   5.528758e-03   4.971048e-03  -4.416184e-04   0.000000e+00   0.000000e+00  -0.000000e+00   6.014149e-05  -7.420226e-05   3.025289e-09
  -0.000000e+00   1.112096e-03   8.998159e-03  -4.021080e-04   0.000000e+00   0.000000e+00  -0.000000e+00  -1.164844e-04  -7.474692e-05   3.434999e-09
  -0.000000e+00   9.141543e-04   4.272295e-03  -8.732325e-04   0.000000e+00   0.000000e+00  -0.000000e+00   2.048652e-04   3.350843e-04   5.904680e-09
  -0.000000e+00   3.843203e-03   6.607964e-03  -7.845783e-03   0.000000e+00   0.000000e+00  -0.000000e+00   1.386190e-03   1.407066e-03   3.104436e-08
  -0.000000e+00   7.008949e-03   6.723373e-03  -1.391535e-04   0.000000e+00   0.000000e+00  -0.000000e+00  -2.059047e-05  -1.537724e-05   1.653726e-09
  -0.000000e+00   6.705018e-03   1.031473e-02  -3.696591e-04   0.000000e+00   0.000000e+00  -0.000000e+00   4.422936e-05  -5.964427e-05   2.919393e-09
  -0.000000e+00   8.446680e-03   8.480347e-03  -6.177821e-05   0.000000e+00   0.000000e+00  -0.000000e+00   6.349004e-06   9.521167e-07   9.250417e-10
  -0.000000e+00   5.002150e-03   7.069229e-03  -7.530876e-06   0.000000e+00   0.000000e+00  -0.000000e+00  -2.165641e-06   1.378106e-06   2.260929e-10
  -0.000000e+00   3.406027e-03   9.524755e-03  -1.174505e-04   0.000000e+00   0.000000e+00  -0.000000e+00  -2.213137e-05   2.759433e-05   1.523813e-09
  -0.000000e+00   6.006485e-03   1.485425e-02  -8.267484e-04   0.000000e+00   0.000000e+00  -0.000000e+00  -4.939640e-05  -1.451358e-04   4.237846e-09
  -0.000000e+00   8.364931e-03   1.530904e-02  -2.071300e-04   0.000000e+00   0.000000e+00  -0.000000e+00  -1.740494e-05  -5.328144e-05   2.291302e-09
  -0.000000e+00   2.024089e-03   1.457444e-02  -5.234410e-05   0.000000e+00   0.000000e+00  -0.000000e+00   1.844087e-05  -1.623690e-05   8.099116e-10
  -0.000000e+00   8.933956e-03   1.338711e-02  -1.135887e-04   0.000000e+00   0.000000e+00  -0.000000e+00  -2.606237e-06   2.378808e-05   1.682242e-09
  -0.000000e+00   7.621406e-03   1.249689e-02  -1.667846e-05   0.000000e+00   0.000000e+00  -0.000000e+00   3.190169e-06  -3.113945e-06   4.653473e-10
  -0.000000e+00   4.276401e-03   1.272279e-02  -5.484027e-04   0.000000e+00   0.000000e+00  -0.000000e+00   1.580796e-04  -1.689529e-04   3.591011e-09
  -0.000000e+00   1.125603e-03   1.224949e-02  -3.356298e-04   0.000000e+00   0.000000e+00  -0.000000e+00   5.713818e-05  -8.891913e-05   3.551059e-09
  -0.000000e+00   2.294348e-03   1.064507e-02  -1.891775e-05   0.000000e+00   0.000000e+00  -0.000000e+00  -1.886460e-06  -4.227641e-06   4.555252e-10
  -0.000000e+00   1.434121e-02   4.756044e-03  -1.388848e-06   0.000000e+00   0.000000e+00  -0.000000e+00   3.478062e-07  -1.884421e-07   9.291238e-11
  -0.000000e+00   1.818714e-02   4.838487e-03  -1.210324e-04   0.000000e+00   0.000000e+00  -0.000000e+00  -5.652087e-05   1.962792e-05   1.512997e-09
  -0.000000e+00   1.829751e-02   7.061970e-03  -1.017219e-06   0.000000e+00   0.000000e+00   0.000000e+00   2.727666e-08  -5.078775e-07   6.536935e-11
  -0.000000e+00   1.728989e-02   2.753700e-03  -1.627399e-03   0.000000e+00   0.000000e+00  -0.000000e+00   2.392423e-04  -4.977670e-04   7.846104e-09
  -0.000000e+00   1.549729e-02   1.145027e-03  -1.227299e-05   0.000000e+00   0.000000e+00  -0.000000e+00  -3.918688e-06  -1.054062e-06   3.539487e-10
  -0.000000e+00   1.393083e-02   2.762652e-03  -4.931657e-03   0.000000e+00   0.000000e+00  -0.000000e+00   4.906820e-04   5.513153e-04   1.506646e-08
  -0.000000e+00   1.515318e-02   7.319853e-03  -2.558829e-03   0.000000e+00   0.000000e+00  -0.000000e+00   1.906964e-04  -6.200173e-05   1.076307e-08
  -0.000000e+00   1.146930e-02   1.630415e-03  -1.270253e-05   0.000000e+00   0.000000e+00  -0.000000e+00  -6.059569e-06  -4.858407e-07   3.988295e-10
  -0.000000e+00   1.603986e-02   4.433541e-03  -7.802555e-04   0.000000e+00   0.000000e+00  -0.000000e+00   8.419216e-05  -1.494026e-04   6.079723e-09
  -0.000000e+00   1.615210e-02   8.432897e-03  -5.153064e-03   0.000000e+00   0.000000e+00  -0.000000e+00  -9.461807e-04  -1.613211e-03   1.710927e-08
  -0.000000e+00   1.154591e-02   7.540391e-03  -2.712338e-03   0.000000e+00   0.000000e+00  -0.000000e+00  -7.885865e-04  -3.096423e-04   1.251223e-08
  -0.000000e+00   1.372469e-02   6.252964e-03  -2.290730e-04   0.000000e+00   0.000000e+00  -0.000000e+00  -3.825266e-05  -2.574324e-05   2.314409e-09
  -0.000000e+00   1.010318e-02   8.168590e-03  -1.104136e-04   0.000000e+00   0.000000e+00  -0.000000e+00  -3.380451e-05   1.435029e-06   1.650680e-09
  -0.000000e+00   1.907186e-02   9.383466e-03  -1.328984e-03   0.000000e+00   0.000000e+00  -0.000000e+00   1.496288e-04   9.635238e-05   7.189362e-09
  -0.000000e+00   1.196793e-02   9.114575e-03  -3.616541e-04   0.000000e+00   0.000000e+00  -0.000000e+00  -1.413979e-05   4.290201e-05   3.922832e-09
  -0.000000e+00   1.021946e-02   9.473485e-03  -1.278214e-04   0.000000e+00   0.000000e+00  -0.000000e+00  -2.588224e-07  -4.584476e-05   1.489223e-09
  -0.000000e+00   1.203456e-02   1.782240e-02  -4.877955e-05   0.000000e+00   0.000000e+00  -0.000000e+00  -3.315962e-06  -1.416876e-05   7.397801e-10
  -0.000000e+00   1.841461e-02   1.786788e-02  -1.660768e-04   0.000000e+00   0.000000e+00  -0.000000e+00  -2.280061e-05   7.030694e-05   2.030672e-09
  -0.000000e+00   1.230647e-02   1.489489e-02  -1.652290e-05   0.000000e+00   0.000000e+00  -0.000000e+00   5.611656e-06  -4.752618e-06   3.909189e-10
  -0.000000e+00   1.454287e-02   1.470068e-02  -9.590322e-05   0.000000e+00   0.000000e+00  -0.000000e+00   1.337511e-05   7.156952e-06   1.161641e-09
  -0.000000e+00   1.039893e-02   1.450414e-02  -3.016422e-04   0.000000e+00   0.000000e+00  -0.000000e+00   5.686247e-05  -8.443832e-05   2.846449e-09
  -0.000000e+00   1.181129e-02   1.273765e-02  -1.991742e-03   0.000000e+00   0.000000e+00  -0.000000e+00   1.752365e-04   1.431797e-04   8.280912e-09
  -0.000000e+00   1.651804e-02   1.218897e-02  -2.477388e-03   0.000000e+00   0.000000e+00  -0.000000e+00  -7.208144e-04   5.013520e-04   1.066454e-08
  -0.000000e+00   1.844904e-02   1.190988e-02  -2.705162e-04   0.000000e+00   0.000000e+00  -0.000000e+00  -6.736946e-05   7.816826e-05   2.587379e-09
                                               -4.664942e-02   0.000000e+00   0.000000e+00   0.000000e+00  -1.442609e-03   2.412240e-04   4.653448e-09

              2
             36
          pos_x          pos_y          pos_z       normal_x       normal_y       normal_z        tangt_x        tangt_y        tangt_z          pentr
   2.000000e-02   3.222638e-03   3.315080e-03   2.940556e-03   0.000000e+00   0.000000e+00  -0.000000e+00  -3.034276e-04   1.035780e-03   9.602592e-09
   2.000000e-02   1.866124e-03   6.320289e-03   3.593780e-03   0.000000e+00   0.000000e+00  -0.000000e+00   8.035453e-04   1.189294e-03   1.070880e-08
   2.000000e-02   5.555356e-03   5.159242e-03   1.229029e-03   0.000000e+00   0.000000e+00  -0.000000e+00   4.079633e-04  -6.527680e-05   6.502279e-09
   2.000000e-02   8.661529e-03   6.008113e-03   4.677625e-03   0.000000e+00   0.000000e+00  -0.000000e+00  -1.131327e-03   6.827329e-04   1.492030e-08
   2.000000e-02   3.712168e-03   9.332927e-03   1.030006e-04   0.000000e+00   0.000000e+00  -0.000000e+00  -2.232254e-05   2.172062e-05   1.484920e-09
   2.000000e-02   1.106289e-03   9.341855e-03   5.738418e-04   0.000000e+00   0.000000e+00  -0.000000e+00  -1.665767e-04  -1.693593e-04   4.240151e-09
   2.000000e-02   8.864707e-03   2.764458e-03   1.100540e-04   0.000000e+00   0.000000e+00  -0.000000e+00   3.315576e-05   2.737585e-05   1.601148e-09
   2.000000e-02   7.551098e-03   1.748077e-02   3.840724e-04   0.000000e+00   0.000000e+00  -0.000000e+00   1.161063e-04  -9.428225e-06   3.555008e-09
   2.000000e-02   9.020970e-03   1.561653e-02   2.415560e-04   0.000000e+00   0.000000e+00  -0.000000e+00  -2.370532e-05  -3.185839e-05   2.197464e-09
   2.000000e-02   2.152293e-03   1.512360e-02   8.011072e-04   0.000000e+00   0.000000e+00  -0.000000e+00  -9.901456e-05   1.065487e-04   5.141685e-09
   2.000000e-02   5.299897e-03   1.545100e-02   5.977034e-04   0.000000e+00   0.000000e+00  -0.000000e+00   4.975443e-05   1.266483e-04   3.862293e-09
   2.000000e-02   4.827075e-03   1.250656e-02   2.194300e-05   0.000000e+00   0.000000e+00  -0.000000e+00   2.692667e-06   1.689189e-06   5.430655e-10
   2.000000e-02   3.386811e-03   1.085546e-02   5.568012e-04   0.000000e+00   0.000000e+00  -0.000000e+00   3.210246e-05  -3.863911e-06   3.945827e-09
   2.000000e-02   6.664455e-03   1.059064e-02   2.192069e-03   0.000000e+00   0.000000e+00  -0.000000e+00  -7.866137e-05  -1.687988e-04   7.491583e-09
   2.000000e-02   1.887270e-02   1.176836e-03   1.331217e-05   0.000000e+00   0.000000e+00  -0.000000e+00  -1.108880e-06  -4.877150e-06   3.990058e-10
   2.000000e-02   1.635300e-02   4.832030e-03   4.284062e-03   0.000000e+00   0.000000e+00  -0.000000e+00  -1.232887e-03  -5.863289e-04   1.516601e-08
   2.000000e-02   1.531120e-02   3.065639e-03   6.087732e-03   0.000000e+00   0.000000e+00  -0.000000e+00   6.603748e-04   2.020017e-03   1.697119e-08
   2.000000e-02   1.900224e-02   4.584862e-03   3.763398e-04   0.000000e+00   0.000000e+00  -0.000000e+00   8.237286e-06  -4.094534e-05   2.984540e-09
   2.000000e-02   1.861629e-02   9.407823e-03   3.136193e-03   0.000000e+00   0.000000e+00  -0.000000e+00   9.468740e-04   8.618578e-05   1.080347e-08
   2.000000e-02   1.790055e-02   3.063179e-03   2.802387e-03   0.000000e+00   0.000000e+00  -0.000000e+00   8.718976e-04   2.112795e-04   1.197058e-08
   2.000000e-02   1.434510e-02   8.529539e-04   6.473185e-06   0.000000e+00   0.000000e+00  -0.000000e+00   2.261065e-06  -1.673537e-06   2.343477e-10
   2.000000e-02   1.144998e-02   8.864984e-03   1.442045e-03   0.000000e+00   0.000000e+00  -0.000000e+00  -2.354896e-04   9.906131e-06   8.071834e-09
   2.000000e-02   1.284664e-02   3.556921e-03   1.637423e-03   0.000000e+00   0.000000e+00  -0.000000e+00  -6.249043e-04  -2.826621e-04   7.299276e-09
   2.000000e-02   1.223774e-02   6.604751e-04   7.946433e-06   0.000000e+00   0.000000e+00  -0.000000e+00   1.990326e-06   4.788391e-07   3.132094e-10
   2.000000e-02   1.361544e-02   8.207518e-03   4.325641e-04   0.000000e+00   0.000000e+00  -0.000000e+00  -1.540342e-06   5.509876e-05   3.114969e-09
   2.000000e-02   1.023459e-02   7.289815e-03   4.115450e-05   0.000000e+00   0.000000e+00  -0.000000e+00   9.532556e-06   1.416278e-05   7.136042e-10
   2.000000e-02   1.386376e-02   1.770667e-02   2.309791e-05   0.000000e+00   0.000000e+00  -0.000000e+00   9.585319e-06   8.303320e-07   6.159206e-10
   2.000000e-02   1.703430e-02   1.811194e-02   2.700625e-04   0.000000e+00   0.000000e+00  -0.000000e+00   2.289403e-05  -3.699851e-06   2.236403e-09
   2.000000e-02   1.297329e-02   1.620128e-02   1.143949e-04   0.000000e+00   0.000000e+00  -0.000000e+00   1.735452e-05   1.069631e-05   1.226622e-09
   2.000000e-02   1.090538e-02   1.525383e-02   3.489881e-05   0.000000e+00   0.000000e+00  -0.000000e+00  -3.051747e-06  -1.345607e-05   6.771803e-10
   2.000000e-02   1.361765e-02   1.416528e-02   1.365629e-04   0.000000e+00   0.000000e+00  -0.000000e+00   2.094455e-06   4.084634e-05   2.011250e-09
   2.000000e-02   1.082102e-02   1.314851e-02   3.759626e-04   0.000000e+00   0.000000e+00  -0.000000e+00   4.999355e-05   6.350986e-05   3.410378e-09
   2.000000e-02   1.822694e-02   1.281210e-02   2.648079e-04   0.000000e+00   0.000000e+00  -0.000000e+00  -7.931993e-05   5.633866e-05   2.229644e-09
   2.000000e-02   1.280268e-02   1.235932e-02   3.209640e-04   0.000000e+00   0.000000e+00  -0.000000e+00   3.997695e-06   2.024020e-05   2.886767e-09
   2.000000e-02   1.908679e-02   1.136558e-02   1.748895e-04   0.000000e+00   0.000000e+00  -0.000000e+00   7.059734e-05  -4.524516e-05   2.246977e-09
   2.000000e-02   9.687539e-03   1.069942e-02   7.388007e-04   0.000000e+00   0.000000e+00  -0.000000e+00   5.359528e-05  -2.083992e-04   4.716476e-09
                                                4.074521e-02   0.000000e+00   0.000000e+00   0.000000e+00   1.732635e-04   4.145507e-03   4.891577e-09

              3
             43
          pos_x          pos_y          pos_z       normal_x       normal_y       normal_z        tangt_x        tangt_y        tangt_z          pentr
   6.189405e-03  -0.000000e+00   9.887066e-04   0.000000e+00  -1.292265e-03   0.000000e+00   1.177860e-04  -0.000000e+00  -2.683784e-04   7.835744e-09
   6.085190e-04  -0.000000e+00   1.824513e-03   0.000000e+00  -1.759124e-05   0.000000e+00  -3.887496e-06  -0.000000e+00  -1.446221e-06   5.401086e-10
   3.902462e-03  -0.000000e+00   1.935890e-03   0.000000e+00  -1.751241e-05   0.000000e+00   3.765345e-06  -0.000000e+00   1.804956e-06   3.966597e-10
   2.128823e-03  -0.000000e+00   3.459437e-03   0.000000e+00  -4.337289e-03   0.000000e+00  -7.913580e-04  -0.000000e+00   1.287616e-03   1.565893e-08
   1.679352e-03  -0.000000e+00   6.310449e-03   0.000000e+00  -6.042096e-04   0.000000e+00   6.238459e-05  -0.000000e+00   1.037886e-04   4.206893e-09
   1.376201e-03  -0.000000e+00   8.431840e-03   0.000000e+00  -6.540171e-04   0.000000e+00  -2.412865e-05  -0.000000e+00  -3.078124e-04   3.980157e-09
   2.400778e-03  -0.000000e+00   4.878730e-03   0.000000e+00  -1.679392e-05   0.000000e+00   2.332101e-06  -0.000000e+00   2.965741e-06   4.694394e-10
   8.821013e-04  -0.000000e+00   4.208784e-03   0.000000e+00  -1.100153e-04   0.000000e+00   3.727773e-05  -0.000000e+00   1.105258e-05   1.520531e-09
   3.936850e-03  -0.000000e+00   6.365419e-03   0.000000e+00  -2.743296e-04   0.000000e+00   2.716145e-05  -0.000000e+00   9.717883e-05   2.823249e-09
   8.081121e-03  -0.000000e+00   6.138991e-03   0.000000e+00  -5.778117e-04   0.000000e+00   2.340143e-04  -0.000000e+00  -6.999580e-05   3.778202e-09
   3.673904e-03  -0.000000e+00   7.664707e-03   0.000000e+00  -1.342077e-03   0.000000e+00   1.526720e-04  -0.000000e+00  -2.754712e-04   7.409045e-09
   5.729122e-03  -0.000000e+00   6.170219e-03   0.000000e+00  -3.290827e-05   0.000000e+00   3.062679e-06  -0.000000e+00  -3.194997e-06   7.362132e-10
   5.631725e-03  -0.000000e+00   7.783843e-03   0.000000e+00  -6.204699e-05   0.000000e+00  -2.853077e-05  -0.000000e+00   6.978432e-06   1.119745e-09
   9.704071e-03  -0.000000e+00   1.377361e-03   0.000000e+00  -3.515348e-03   0.000000e+00  -7.753256e-06  -0.000000e+00   5.799753e-04   1.463972e-08
   7.735751e-03  -0.000000e+00   8.337066e-03   0.000000e+00  -2.182826e-04   0.000000e+00  -8.623886e-05  -0.000000e+00   2.357143e-05   2.146068e-09
   5.617215e-03  -0.000000e+00   1.872187e-02   0.000000e+00  -1.128153e-04   0.000000e+00  -1.034576e-05  -0.000000e+00   2.746987e-06   1.408318e-09
   6.448911e-03  -0.000000e+00   1.442473e-02   0.000000e+00  -7.473518e-04   0.000000e+00   1.563892e-04  -0.000000e+00  -6.895113e-05   4.593591e-09
   4.049994e-03  -0.000000e+00   1.537509e-02   0.000000e+00  -3.821317e-05   0.000000e+00  -7.802621e-06  -0.000000e+00   1.244605e-05   7.103439e-10
   1.771063e-03  -0.000000e+00   1.395459e-02   0.000000e+00  -2.681362e-04   0.000000e+00   1.012571e-05  -0.000000e+00   6.897951e-05   2.080707e-09
   8.303123e-03  -0.000000e+00   1.204477e-02   0.000000e+00  -4.911668e-04   0.000000e+00  -7.461457e-05  -0.000000e+00  -4.503263e-05   3.358836e-09
   2.525841e-03  -0.000000e+00   1.242621e-02   0.000000e+00  -1.385744e-05   0.000000e+00   5.289294e-06  -0.000000e+00   1.926327e-06   3.996731e-10
   1.397859e-03  -0.000000e+00   1.057243e-02   0.000000e+00  -5.254102e-04   0.000000e+00  -1.115083e-04  -0.000000e+00   8.747405e-05   4.084292e-09
   3.201011e-03  -0.000000e+00   1.039005e-02   0.000000e+00  -7.851444e-05   0.000000e+00  -1.203162e-06  -0.000000e+00   2.511406e-05   1.188197e-09
   5.741815e-03  -0.000000e+00   1.068617e-02   0.000000e+00  -2.185377e-03   0.000000e+00   4.244652e-04  -0.000000e+00   1.647691e-04   1.171077e-08
   1.763547e-02  -0.000000e+00   1.815856e-03   0.000000e+00  -1.658569e-03   0.000000e+00   5.460444e-04  -0.000000e+00   1.375679e-05   7.756876e-09
   1.736252e-02  -0.000000e+00   4.645213e-03   0.000000e+00  -4.434003e-03   0.000000e+00   1.351090e-03  -0.000000e+00  -9.878481e-04   1.436400e-08
   1.861943e-02  -0.000000e+00   9.378433e-03   0.000000e+00  -8.395640e-04   0.000000e+00   2.273473e-04  -0.000000e+00  -2.375262e-04   4.591152e-09
   1.511508e-02  -0.000000e+00   2.857672e-03   0.000000e+00  -1.072466e-03   0.000000e+00  -2.188771e-04  -0.000000e+00   4.353448e-04   5.619352e-09
   1.539801e-02  -0.000000e+00   9.754734e-04   0.000000e+00  -2.866266e-05   0.000000e+00   4.424692e-06  -0.000000e+00   7.830495e-06   7.041464e-10
   1.277935e-02  -0.000000e+00   1.469756e-03   0.000000e+00  -3.993865e-03   0.000000e+00   5.185166e-04  -0.000000e+00  -1.755447e-03   1.556501e-08
   1.090348e-02  -0.000000e+00   6.253154e-03   0.000000e+00  -1.134068e-04   0.000000e+00   1.522485e-05  -0.000000e+00  -3.962690e-05   1.417552e-09
   1.449431e-02  -0.000000e+00   8.968428e-03   0.000000e+00  -8.701271e-05   0.000000e+00  -1.321706e-05  -0.000000e+00  -3.758433e-05   1.034022e-09
   1.044018e-02  -0.000000e+00   3.207738e-03   0.000000e+00  -2.499726e-04   0.000000e+00  -4.748814e-05  -0.000000e+00   3.914814e-05   2.024242e-09
   1.706007e-02  -0.000000e+00   9.279197e-03   0.000000e+00  -2.267599e-05   0.000000e+00   3.192235e-06  -0.000000e+00   8.662967e-06   5.743604e-10
   1.272198e-02  -0.000000e+00   8.249188e-03   0.000000e+00  -3.204902e-04   0.000000e+00  -1.027486e-04  -0.000000e+00  -6.847920e-05   3.364925e-09
   1.222958e-02  -0.000000e+00   6.596719e-03   0.000000e+00  -4.488900e-06   0.000000e+00   1.739085e-06  -0.000000e+00  -6.238609e-07   1.602942e-10
   1.023575e-02  -0.000000e+00   1.038877e-02   0.000000e+00  -3.865981e-03   0.000000e+00  -4.307521e-04  -0.000000e+00   4.186845e-04   1.470589e-08
   1.310884e-02  -0.000000e+00   1.664776e-02   0.000000e+00  -3.048967e-05   0.000000e+00  -9.804162e-06  -0.000000e+00   1.866326e-06   6.083242e-10
   1.748307e-02  -0.000000e+00   1.499676e-02   0.000000e+00  -5.841051e-04   0.000000e+00  -1.138565e-04  -0.000000e+00  -8.035976e-05   3.741019e-09
   1.097432e-02  -0.000000e+00   1.514725e-02   0.000000e+00  -2.027939e-03   0.000000e+00  -7.353328e-04  -0.000000e+00   2.743254e-04   8.673488e-09
   1.460125e-02  -0.000000e+00   1.436114e-02   0.000000e+00  -3.180549e-04   0.000000e+00  -2.576695e-05  -0.000000e+00  -1.460993e-04   2.659563e-09
   1.586931e-02  -0.000000e+00   1.253239e-02   0.000000e+00  -2.162539e-04   0.000000e+00  -1.322898e-05  -0.000000e+00  -4.706305e-05   1.946219e-09
   1.308506e-02  -0.000000e+00   1.213464e-02   0.000000e+00  -4.839177e-04   0.000000e+00   2.350526e-05  -0.000000e+00   6.796784e-05   4.341623e-09
                                                0.000000e+00  -3.788526e-02   0.000000e+00   1.069366e-03   0.000000e+00  -6.949644e-04   4.433662e-09

              4
             41
          pos_x          pos_y          pos_z       normal_x       normal_y       normal_z        tangt_x        tangt_y        tangt_z          pentr
   1.651390e-03   2.000000e-02   2.474527e-03   0.000000e+00   2.513705e-04   0.000000e+00   5.436231e-05  -0.000000e+00  -2.365626e-05   2.104800e-09
   6.535049e-03   2.000000e-02   6.124091e-03   0.000000e+00   2.856805e-04   0.000000e+00  -3.475194e-05  -0.000000e+00  -1.013051e-05   2.476926e-09
   3.888272e-03   2.000000e-02   4.056285e-03   0.000000e+00   1.527560e-03   0.000000e+00   6.679569e-04  -0.000000e+00  -9.962653e-05   6.683020e-09
   7.878808e-03   2.000000e-02   2.668072e-03   0.000000e+00   1.564142e-03   0.000000e+00  -5.375153e-04  -0.000000e+00  -3.237300e-04   7.795615e-09
   9.664196e-03   2.000000e-02   7.010247e-03   0.000000e+00   1.804488e-03   0.000000e+00   5.443040e-04  -0.000000e+00   3.668724e-04   8.670433e-09
   1.512417e-03   2.000000e-02   6.981725e-03   0.000000e+00   3.764765e-10   0.000000e+00  -4.680063e-12   0.000000e+00  -1.881801e-10   3.594312e-13
   4.818050e-03   2.000000e-02   1.240077e-03   0.000000e+00   5.058350e-04   0.000000e+00   7.977939e-05  -0.000000e+00  -2.617620e-05   3.430328e-09
   3.651099e-03   2.000000e-02   9.568502e-03   0.000000e+00   6.482246e-03   0.000000e+00   1.722900e-03  -0.000000e+00  -1.749023e-04   1.482330e-08
   8.268313e-03   2.000000e-02   9.471401e-03   0.000000e+00   2.333909e-04   0.000000e+00   4.324805e-05  -0.000000e+00  -5.469388e-05   1.965409e-09
   9.657555e-03   2.000000e-02   1.299642e-03   0.000000e+00   3.777452e-04   0.000000e+00  -8.077545e-06  -0.000000e+00   3.312242e-05   3.361024e-09
   7.850005e-03   2.000000e-02   6.593584e-03   0.000000e+00   5.600536e-04   0.000000e+00   5.900127e-05  -0.000000e+00  -5.105020e-05   4.436084e-09
   7.538758e-04   2.000000e-02   9.396618e-03   0.000000e+00   1.143300e-03   0.000000e+00  -2.553453e-04  -0.000000e+00   9.481072e-05   7.654857e-09
   1.700221e-03   2.000000e-02   1.803354e-02   0.000000e+00   3.189971e-05   0.000000e+00  -5.151889e-07  -0.000000e+00   7.123393e-06   6.532298e-10
   7.779010e-03   2.000000e-02   1.590302e-02   0.000000e+00   2.572086e-04   0.000000e+00   4.327672e-05  -0.000000e+00  -7.458673e-05   2.892146e-09
   5.308921e-03   2.000000e-02   1.524522e-02   0.000000e+00   1.215939e-03   0.000000e+00   3.416556e-04  -0.000000e+00   1.227318e-04   7.285283e-09
   2.281158e-03   2.000000e-02   1.562814e-02   0.000000e+00   1.200873e-03   0.000000e+00   1.965419e-04  -0.000000e+00   1.170917e-04   5.823838e-09
   9.831118e-03   2.000000e-02   1.386018e-02   0.000000e+00   2.603122e-04   0.000000e+00   3.324263e-05  -0.000000e+00   1.402326e-05   1.995594e-09
   1.604286e-03   2.000000e-02   1.137110e-02   0.000000e+00   1.231929e-04   0.000000e+00  -1.676353e-05  -0.000000e+00   2.268601e-05   1.462837e-09
   1.794355e-02   2.000000e-02   5.606337e-03   0.000000e+00   3.532153e-04   0.000000e+00  -2.531796e-05  -0.000000e+00   4.566808e-06   3.096350e-09
   1.939956e-02   2.000000e-02   4.534020e-03   0.000000e+00   7.386448e-04   0.000000e+00   1.071958e-04  -0.000000e+00   4.299137e-05   6.600939e-09
   1.657706e-02   2.000000e-02   8.491227e-03   0.000000e+00   1.496461e-03   0.000000e+00  -3.469270e-04  -0.000000e+00   6.511398e-05   8.156467e-09
   1.620096e-02   2.000000e-02   3.799038e-03   0.000000e+00   1.403470e-03   0.000000e+00  -3.237686e-04  -0.000000e+00  -4.808484e-05   8.626774e-09
   1.790090e-02   2.000000e-02   1.039844e-02   0.000000e+00   6.374008e-04   0.000000e+00  -4.842468e-05  -0.000000e+00  -4.613256e-05   5.298858e-09
   1.775592e-02   2.000000e-02   2.692270e-03   0.000000e+00   3.293515e-03   0.000000e+00   2.642885e-04  -0.000000e+00  -1.162575e-03   1.296747e-08
   1.412030e-02   2.000000e-02   4.115814e-03   0.000000e+00   4.981579e-04   0.000000e+00  -6.926347e-06  -0.000000e+00   3.954020e-05   3.687211e-09
   1.543244e-02   2.000000e-02   9.592478e-04   0.000000e+00   2.240907e-05   0.000000e+00   2.513125e-06  -0.000000e+00   4.174306e-06   4.888690e-10
   1.376079e-02   2.000000e-02   1.880982e-03   0.000000e+00   5.152474e-03   0.000000e+00   1.558374e-03  -0.000000e+00   9.417344e-04   1.667001e-08
   1.540891e-02   2.000000e-02   7.189632e-03   0.000000e+00   1.032457e-05   0.000000e+00  -1.535850e-06  -0.000000e+00   2.802831e-06   2.717145e-10
   1.168820e-02   2.000000e-02   2.101235e-03   0.000000e+00   1.216639e-02   0.000000e+00  -1.297017e-03  -0.000000e+00  -9.725374e-04   2.671357e-08
   1.418841e-02   2.000000e-02   5.594724e-03   0.000000e+00   8.587694e-05   0.000000e+00  -1.827743e-05  -0.000000e+00   3.539140e-05   1.315793e-09
   1.179763e-02   2.000000e-02   5.311074e-03   0.000000e+00   4.600460e-05   0.000000e+00  -1.422177e-05  -0.000000e+00  -1.042583e-05   7.462290e-10
   1.616469e-02   2.000000e-02   6.053244e-03   0.000000e+00   9.962270e-05   0.000000e+00   1.679053e-05  -0.000000e+00   4.402294e-05   1.665026e-09
   1.404475e-02   2.000000e-02   7.323915e-03   0.000000e+00   4.420598e-05   0.000000e+00   1.845165e-05  -0.000000e+00  -3.241361e-06   9.453136e-10
   1.134420e-02   2.000000e-02   8.926886e-03   0.000000e+00   3.103378e-04   0.000000e+00   4.434249e-05  -0.000000e+00   5.452079e-05   2.495138e-09
   1.456743e-02   2.000000e-02   9.752582e-03   0.000000e+00   1.799191e-04   0.000000e+00   2.896483e-05  -0.000000e+00   6.654974e-05   1.967260e-09
   1.402801e-02   2.000000e-02   1.716074e-02   0.000000e+00   3.937341e-04   0.000000e+00  -1.175961e-04  -0.000000e+00   9.670471e-06   3.054795e-09
   1.140838e-02   2.000000e-02   1.594202e-02   0.000000e+00   1.343324e-04   0.000000e+00  -4.354036e-05  -0.000000e+00  -4.069440e-05   1.838711e-09
   1.763219e-02   2.000000e-02   1.466160e-02   0.000000e+00   3.004213e-04   0.000000e+00  -1.124283e-04  -0.000000e+00  -2.815569e-05   2.680082e-09
   1.255708e-02   2.000000e-02   1.373386e-02   0.000000e+00   3.445502e-04   0.000000e+00  -7.242880e-05  -0.000000e+00   4.161124e-05   2.903490e-09
   1.185800e-02   2.000000e-02   1.123882e-02   0.000000e+00   1.532805e-03   0.000000e+00  -1.060663e-06  -0.000000e+00  -6.699368e-04   6.458348e-09
   1.925378e-02   2.000000e-02   1.131557e-02   0.000000e+00   3.864800e-05   0.000000e+00  -1.168170e-05  -0.000000e+00   1.084143e-05   9.154062e-10
                                                0.000000e+00   4.710816e-02   0.000000e+00   2.533068e-03   0.000000e+00  -1.678343e-03   4.953144e-09

              5
             62
          pos_x          pos_y          pos_z       normal_x       normal_y       normal_z        tangt_x        tangt_y        tangt_z          pentr
   2.176687e-03   1.561557e-03  -0.000000e+00   0.000000e+00   0.000000e+00  -7.028380e-03   1.651311e-04  -9.260575e-04  -0.000000e+00   1.854653e-08
   6.371603e-03   1.429755e-03  -0.000000e+00   0.000000e+00   0.000000e+00  -2.145149e-03   5.202102e-04   2.964804e-04  -0.000000e+00   8.462065e-09
   4.695563e-03   5.495454e-03  -0.000000e+00   0.000000e+00   0.000000e+00  -5.230580e-05   9.136071e-06   2.025331e-05  -0.000000e+00   9.638410e-10
   1.279663e-03   3.459637e-03  -0.000000e+00   0.000000e+00   0.000000e+00  -1.731535e-04   7.558220e-05  -3.227302e-05  -0.000000e+00   2.057541e-09
   6.064878e-03   8.902562e-03  -0.000000e+00   0.000000e+00   0.000000e+00  -1.144597e-04   1.784585e-05   2.753936e-05  -0.000000e+00   1.715226e-09
   1.188881e-03   9.737859e-03  -0.000000e+00   0.000000e+00   0.000000e+00  -3.151858e-03  -4.755683e-04   6.020127e-04  -0.000000e+00   1.195417e-08
   7.959433e-04   5.643006e-03  -0.000000e+00   0.000000e+00   0.000000e+00  -7.175331e-05  -1.854671e-05   1.560041e-05  -0.000000e+00   9.912441e-10
   2.646378e-03   4.989888e-03  -0.000000e+00   0.000000e+00   0.000000e+00  -1.152261e-04   1.825712e-06   4.399297e-05  -0.000000e+00   1.419396e-09
   2.320970e-03   6.820487e-03  -0.000000e+00   0.000000e+00   0.000000e+00  -2.107937e-04   3.438650e-06   1.028846e-05  -0.000000e+00   2.028642e-09
   3.925806e-03   9.289642e-03  -0.000000e+00   0.000000e+00   0.000000e+00  -6.356592e-04  -1.328886e-04   8.029422e-05  -0.000000e+00   3.606024e-09
   4.292173e-03   1.327923e-03  -0.000000e+00   0.000000e+00   0.000000e+00  -7.680252e-04  -5.234533e-05  -2.126891e-04  -0.000000e+00   4.820779e-09
   3.367293e-03   3.054572e-03  -0.000000e+00   0.000000e+00   0.000000e+00  -4.117488e-05   2.536477e-06  -8.390409e-06  -0.000000e+00   8.551590e-10
   4.410990e-03   6.638526e-03  -0.000000e+00   0.000000e+00   0.000000e+00  -5.231508e-05  -4.588199e-09   3.524705e-07  -0.000000e+00   1.003198e-09
   5.115142e-03   3.556031e-03  -0.000000e+00   0.000000e+00   0.000000e+00  -4.772557e-03  -5.363657e-04   6.135027e-04  -0.000000e+00   1.700524e-08
   6.293229e-03   6.672229e-03  -0.000000e+00   0.000000e+00   0.000000e+00  -5.659395e-04  -1.367001e-04  -8.679254e-05  -0.000000e+00   4.187476e-09
   8.492815e-03   5.217167e-03  -0.000000e+00   0.000000e+00   0.000000e+00  -6.492866e-03  -2.262915e-04  -1.982133e-03  -0.000000e+00   1.892973e-08
   8.315140e-03   8.071729e-03  -0.000000e+00   0.000000e+00   0.000000e+00  -6.396279e-03  -1.173584e-03  -2.002164e-03  -0.000000e+00   1.763974e-08
   9.430744e-03   2.211643e-03  -0.000000e+00   0.000000e+00   0.000000e+00  -5.622727e-03  -1.031537e-03  -7.945430e-04  -0.000000e+00   1.449163e-08
   1.044016e-03   1.843455e-02  -0.000000e+00   0.000000e+00   0.000000e+00  -9.476238e-04  -2.077446e-04   1.549377e-04  -0.000000e+00   5.055624e-09
   4.013508e-03   1.872975e-02  -0.000000e+00   0.000000e+00   0.000000e+00  -7.948084e-04   2.530776e-05  -2.611142e-05  -0.000000e+00   4.695224e-09
   2.346662e-03   1.685583e-02  -0.000000e+00   0.000000e+00   0.000000e+00  -2.361821e-04  -1.846298e-05  -2.230877e-05  -0.000000e+00   2.519489e-09
   6.292879e-03   1.816670e-02  -0.000000e+00   0.000000e+00   0.000000e+00  -1.295172e-04  -4.902771e-05   2.333171e-05  -0.000000e+00   1.474953e-09
   1.049187e-03   1.583059e-02  -0.000000e+00   0.000000e+00   0.000000e+00  -5.116038e-05   1.222529e-05   4.073440e-06  -0.000000e+00   9.878684e-10
   6.798656e-03   1.511682e-02  -0.000000e+00   0.000000e+00   0.000000e+00  -3.906623e-03  -1.136559e-03  -7.024454e-04  -0.000000e+00   1.427495e-08
   3.259022e-03   1.271943e-02  -0.000000e+00   0.000000e+00   0.000000e+00  -7.501947e-05  -5.938131e-06  -2.113786e-05  -0.000000e+00   1.022862e-09
   5.016098e-03   1.618397e-02  -0.000000e+00   0.000000e+00   0.000000e+00  -5.629170e-04   7.927072e-05  -8.853130e-05  -0.000000e+00   3.424382e-09
   2.472579e-03   1.445448e-02  -0.000000e+00   0.000000e+00   0.000000e+00  -6.218709e-03   8.081436e-04   1.133807e-03  -0.000000e+00   1.915728e-08
   9.657491e-03   1.897414e-02  -0.000000e+00   0.000000e+00   0.000000e+00  -8.598530e-04   1.285797e-04  -1.120618e-04  -0.000000e+00   6.851643e-09
   4.920522e-03   1.166989e-02  -0.000000e+00   0.000000e+00   0.000000e+00  -3.182288e-03   6.030678e-04  -9.215688e-04  -0.000000e+00   1.486584e-08
   8.821337e-03   1.375373e-02  -0.000000e+00   0.000000e+00   0.000000e+00  -2.332510e-03   2.600209e-04   6.378022e-05  -0.000000e+00   9.060224e-09
   1.020779e-03   1.251093e-02  -0.000000e+00   0.000000e+00   0.000000e+00  -9.554585e-05   6.575722e-06   1.727301e-05  -0.000000e+00   1.199405e-09
   7.200012e-03   1.097915e-02  -0.000000e+00   0.000000e+00   0.000000e+00  -1.313348e-03  -3.604810e-04  -3.609438e-04  -0.000000e+00   6.128388e-09
   9.882241e-03   1.596145e-02  -0.000000e+00   0.000000e+00   0.000000e+00  -8.722119e-05   2.191377e-06   2.383101e-06  -0.000000e+00   1.126974e-09
   1.798866e-02   5.656420e-03  -0.000000e+00   0.000000e+00   0.000000e+00  -1.591046e-03   1.609384e-04  -3.996223e-04  -0.000000e+00   7.563261e-09
   1.608445e-02   8.098421e-03  -0.000000e+00   0.000000e+00   0.000000e+00  -3.626468e-03   9.174001e-04   5.539763e-04  -0.000000e+00   1.379452e-08
   1.704384e-02   1.926179e-03  -0.000000e+00   0.000000e+00   0.000000e+00  -5.390298e-03   5.443872e-04  -4.522846e-04  -0.000000e+00   1.685025e-08
   1.252287e-02   4.978208e-03  -0.000000e+00   0.000000e+00   0.000000e+00  -1.431920e-03   1.818001e-04   2.633819e-04  -0.000000e+00   8.320668e-09
   1.543875e-02   4.871930e-03  -0.000000e+00   0.000000e+00   0.000000e+00  -2.424006e-03  -2.345168e-04  -5.515608e-04  -0.000000e+00   1.192640e-08
   1.833727e-02   3.756981e-03  -0.000000e+00   0.000000e+00   0.000000e+00  -2.023724e-03  -1.929090e-04   2.085059e-04  -0.000000e+00   9.162025e-09
   1.520506e-02   1.249890e-03  -0.000000e+00   0.000000e+00   0.000000e+00  -6.004629e-05  -4.423065e-06   2.866291e-05  -0.000000e+00   9.724576e-10
   1.429692e-02   3.059592e-03  -0.000000e+00   0.000000e+00   0.000000e+00  -1.758290e-04  -8.121860e-06  -1.964785e-05  -0.000000e+00   2.194496e-09
   1.247793e-02   1.712636e-03  -0.000000e+00   0.000000e+00   0.000000e+00  -2.493232e-03   7.596384e-04   3.125073e-04  -0.000000e+00   1.054985e-08
   1.348308e-02   9.140890e-03  -0.000000e+00   0.000000e+00   0.000000e+00  -3.853813e-03  -3.754751e-05   1.527123e-04  -0.000000e+00   1.465642e-08
   1.432981e-02   6.940669e-03  -0.000000e+00   0.000000e+00   0.000000e+00  -2.267815e-04   1.077380e-04   5.883697e-06  -0.000000e+00   2.150121e-09
   1.891590e-02   9.329532e-03  -0.000000e+00   0.000000e+00   0.000000e+00  -3.365652e-03   1.518590e-03  -3.198869e-04  -0.000000e+00   1.141578e-08
   1.092393e-02   6.503517e-03  -0.000000e+00   0.000000e+00   0.000000e+00  -4.261962e-04   6.116309e-06  -3.300209e-06  -0.000000e+00   2.885773e-09
   1.127605e-02   8.324315e-03  -0.000000e+00   0.000000e+00   0.000000e+00  -1.774687e-04  -1.365306e-05  -5.621902e-05  -0.000000e+00   2.187302e-09
   1.820331e-02   1.720650e-02  -0.000000e+00   0.000000e+00   0.000000e+00  -6.048052e-03   3.792055e-04  -6.505693e-04  -0.000000e+00   2.384227e-08
   1.877692e-02   1.899005e-02  -0.000000e+00   0.000000e+00   0.000000e+00  -4.865574e-05  -1.207949e-05   1.300385e-06  -0.000000e+00   9.227711e-10
   1.681417e-02   1.499849e-02  -0.000000e+00   0.000000e+00   0.000000e+00  -5.120466e-03  -4.396640e-04  -8.280489e-04  -0.000000e+00   1.656322e-08
   1.490433e-02   1.690794e-02  -0.000000e+00   0.000000e+00   0.000000e+00  -1.715286e-03   6.056032e-04   1.473008e-04  -0.000000e+00   8.114354e-09
   1.909631e-02   1.435810e-02  -0.000000e+00   0.000000e+00   0.000000e+00  -4.931317e-05  -7.769427e-06  -7.734749e-06  -0.000000e+00   8.691572e-10
   1.575901e-02   1.918736e-02  -0.000000e+00   0.000000e+00   0.000000e+00  -8.144829e-05   2.561952e-05  -1.301701e-05  -0.000000e+00   1.330622e-09
   1.395596e-02   1.859686e-02  -0.000000e+00   0.000000e+00   0.000000e+00  -3.790200e-03  -2.667966e-04  -8.664965e-04  -0.000000e+00   1.658298e-08
   1.781076e-02   1.287567e-02  -0.000000e+00   0.000000e+00   0.000000e+00  -5.879555e-05   1.270029e-05   2.079998e-06  -0.000000e+00   1.061406e-09
   1.896077e-02   1.202576e-02  -0.000000e+00   0.000000e+00   0.000000e+00  -5.261871e-05  -7.701822e-06  -3.473038e-06  -0.000000e+00   8.078698e-10
   1.167226e-02   1.674333e-02  -0.000000e+00   0.000000e+00   0.000000e+00  -5.348822e-03  -2.505716e-04  -1.004655e-03  -0.000000e+00   1.717088e-08
   1.602097e-02   1.149442e-02  -0.000000e+00   0.000000e+00   0.000000e+00  -8.523971e-04  -1.248617e-04  -4.648312e-05  -0.000000e+00   5.139784e-09
   1.393965e-02   1.271692e-02  -0.000000e+00   0.000000e+00   0.000000e+00  -3.440069e-04  -1.185020e-04   2.916831e-05  -0.000000e+00   2.903364e-09
   1.143511e-02   1.426505e-02  -0.000000e+00   0.000000e+00   0.000000e+00  -3.212943e-03   7.932355e-04  -4.648202e-04  -0.000000e+00   1.397892e-08
   1.486980e-02   1.441519e-02  -0.000000e+00   0.000000e+00   0.000000e+00  -8.294674e-05   2.416611e-05   2.974401e-06  -0.000000e+00   1.092247e-09
   1.122278e-02   1.090280e-02  -0.000000e+00   0.000000e+00   0.000000e+00  -2.355566e-03   3.231195e-04  -2.277675e-04  -0.000000e+00   7.802330e-09
                                                0.000000e+00   0.000000e+00  -1.156319e-01   1.800184e-03  -9.397382e-03   0.000000e+00   7.344100e-09

