              5

              1
             48
          pos_x          pos_y          pos_z       normal_x       normal_y       normal_z        tangt_x        tangt_y        tangt_z          pentr
  -0.000000e+00   3.389218e-03   1.089355e-03  -1.123656e-04   0.000000e+00   0.000000e+00  -0.000000e+00  -4.930189e-05  -8.618116e-06   1.723564e-09
  -0.000000e+00   8.972258e-03   1.335544e-03  -2.800400e-03   0.000000e+00   0.000000e+00  -0.000000e+00  -8.203081e-04  -4.887573e-04   9.932315e-09
  -0.000000e+00   9.865670e-04   1.999752e-03  -1.741252e-04   0.000000e+00   0.000000e+00  -0.000000e+00  -3.485202e-05   7.880273e-05   1.791056e-09
  -0.000000e+00   4.147694e-03   1.888427e-03  -2.615328e-05   0.000000e+00   0.000000e+00  -0.000000e+00   1.606714e-06  -7.773896e-06   5.468793e-10
  -0.000000e+00   5.958377e-03   2.683992e-03  -9.121191e-04   0.000000e+00   0.000000e+00  -0.000000e+00  -1.880636e-04  -2.309566e-04   5.667237e-09
  -0.000000e+00   2.729666e-03   4.725066e-03  -3.559671e-03   0.000000e+00   0.000000e+00  -0.000000e+00  -5.123081e-04  -5.580850e-04   1.383103e-08
  -0.000000e+00   8.787736e-03   5.169296e-03  -1.832633e-03   0.000000e+00   0.000000e+00  -0.000000e+00  -4.752881e-04   4.179170e-04   6.880862e-09
  -0.000000e+00   1.304650e-03   6.232766e-03  -2.537500e-04   0.000000e+00   0.000000e+00  -0.000000e+00  -5.014822e-05  -5.262422e-05   2.742445e-09
  -0.000000e+00   5.528764e-03   4.971072e-03  -4.193792e-04   0.000000e+00   0.000000e+00  -0.000000e+00   4.476163e-05  -1.058031e-04   2.922847e-09
  -0.000000e+00   1.112104e-03   8.998120e-03  -4.437030e-04   0.000000e+00   0.000000e+00  -0.000000e+00  -4.176156e-05  -9.407090e-05   3.667975e-09
  -0.000000e+00   9.141542e-04   4.272292e-03  -9.058934e-04   0.000000e+00   0.000000e+00  -0.000000e+00   1.637483e-04   3.661981e-04   6.051012e-09
  -0.000000e+00   3.843193e-03   6.607967e-03  -7.560975e-03   0.000000e+00   0.000000e+00  -0.000000e+00   1.471465e-03   1.651598e-03   3.028840e-08
  -0.000000e+00   7.009078e-03   6.723343e-03  -1.661966e-04   0.000000e+00   0.000000e+00  -0.000000e+00  -6.069849e-05  -5.575889e-06   1.861621e-09
  -0.000000e+00   6.705020e-03   1.031465e-02  -8.414474e-04   0.000000e+00   0.000000e+00  -0.000000e+00   3.281452e-04  -5.825880e-05   5.051772e-09
  -0.000000e+00   8.446668e-03   8.480388e-03  -8.642425e-06   0.000000e+00   0.000000e+00  -0.000000e+00  -6.143826e-07  -1.798479e-06   2.492908e-10
  -0.000000e+00   5.002142e-03   7.069256e-03  -7.383331e-05   0.000000e+00   0.000000e+00  -0.000000e+00   3.456048e-05   1.057312e-05   1.035672e-09
  -0.000000e+00   3.406084e-03   9.524695e-03  -5.309866e-04   0.000000e+00   0.000000e+00  -0.000000e+00  -1.967587e-04   9.789759e-05   4.166285e-09
  -0.000000e+00   2.294386e-03   1.064497e-02  -6.218934e-05   0.000000e+00   0.000000e+00  -0.000000e+00  -1.094285e-05   1.537593e-05   1.007101e-09
  -0.000000e+00   6.005213e-03   1.485251e-02  -5.127881e-04   0.000000e+00   0.000000e+00  -0.000000e+00  -2.672780e-05  -1.904027e-04   3.082793e-09
  -0.000000e+00   8.365332e-03   1.532823e-02  -1.484573e-04   0.000000e+00   0.000000e+00  -0.000000e+00  -1.797598e-05  -4.702773e-05   1.837370e-09
  -0.000000e+00   2.007888e-03   1.461683e-02  -1.224166e-04   0.000000e+00   0.000000e+00  -0.000000e+00   4.779839e-05   7.392155e-06   1.424725e-09
  -0.000000e+00   8.934014e-03   1.339039e-02  -3.100477e-06   0.000000e+00   0.000000e+00  -0.000000e+00   3.347618e-08  -4.759992e-07   1.525041e-10
  -0.000000e+00   7.216730e-03   1.297495e-02  -2.573387e-05   0.000000e+00   0.000000e+00  -0.000000e+00   7.308187e-06  -5.934992e-07   5.437186e-10
  -0.000000e+00   4.276481e-03   1.272286e-02  -5.846759e-04   0.000000e+00   0.000000e+00  -0.000000e+00   2.148379e-04  -1.368975e-04   3.747674e-09
  -0.000000e+00   1.125668e-03   1.224953e-02  -4.816453e-04   0.000000e+00   0.000000e+00  -0.000000e+00   7.874060e-05  -1.793230e-04   4.517847e-09
  -0.000000e+00   1.434109e-02   4.756174e-03  -2.028758e-05   0.000000e+00   0.000000e+00  -0.000000e+00  -1.329971e-06   7.588138e-06   5.551214e-10
  -0.000000e+00   1.818726e-02   4.839239e-03  -1.591993e-04   0.000000e+00   0.000000e+00  -0.000000e+00  -7.204300e-05   1.796441e-05   1.816723e-09
  -0.000000e+00   1.829745e-02   7.063085e-03  -1.178400e-05   0.000000e+00   0.000000e+00  -0.000000e+00   4.739598e-06   7.770929e-07   3.346705e-10
  -0.000000e+00   1.728990e-02   2.753542e-03  -1.351065e-03   0.000000e+00   0.000000e+00  -0.000000e+00  -9.075711e-05  -6.345421e-04   6.930888e-09
  -0.000000e+00   1.546763e-02   1.137368e-03  -1.562107e-05   0.000000e+00   0.000000e+00  -0.000000e+00  -5.012136e-06   2.831703e-06   4.174311e-10
  -0.000000e+00   1.393083e-02   2.762653e-03  -5.172293e-03   0.000000e+00   0.000000e+00  -0.000000e+00   5.348089e-04   2.175157e-04   1.555267e-08
  -0.000000e+00   1.515315e-02   7.320219e-03  -3.242982e-04   0.000000e+00   0.000000e+00  -0.000000e+00   3.511212e-05  -4.968585e-05   2.715666e-09
  -0.000000e+00   1.146923e-02   1.630505e-03  -3.624322e-05   0.000000e+00   0.000000e+00  -0.000000e+00   9.721041e-07  -2.970081e-06   8.023414e-10
  -0.000000e+00   1.604021e-02   4.433713e-03  -3.202997e-04   0.000000e+00   0.000000e+00  -0.000000e+00  -8.997753e-05   4.868579e-05   3.358291e-09
  -0.000000e+00   1.615187e-02   8.433356e-03  -5.417788e-03   0.000000e+00   0.000000e+00  -0.000000e+00  -5.913479e-04  -1.174585e-03   1.768983e-08
  -0.000000e+00   1.603495e-02   5.656316e-03  -1.271197e-03   0.000000e+00   0.000000e+00  -0.000000e+00   9.052097e-05  -1.107380e-05   8.134429e-09
  -0.000000e+00   1.154610e-02   7.540451e-03  -1.688184e-03   0.000000e+00   0.000000e+00  -0.000000e+00  -4.489516e-04  -4.991421e-04   9.121055e-09
  -0.000000e+00   1.907187e-02   9.383554e-03  -3.353555e-03   0.000000e+00   0.000000e+00  -0.000000e+00   5.320467e-04   2.876653e-04   1.332544e-08
  -0.000000e+00   1.021224e-02   9.479962e-03  -3.349235e-04   0.000000e+00   0.000000e+00  -0.000000e+00  -1.065095e-04  -3.255533e-05   2.828491e-09
  -0.000000e+00   1.485114e-02   1.853203e-02  -2.203270e-04   0.000000e+00   0.000000e+00  -0.000000e+00  -1.204809e-05   4.281259e-05   1.933397e-09
  -0.000000e+00   1.841471e-02   1.786926e-02  -8.732585e-04   0.000000e+00   0.000000e+00  -0.000000e+00  -1.222110e-04   3.634076e-04   6.141425e-09
  -0.000000e+00   1.234490e-02   1.492037e-02  -5.185941e-05   0.000000e+00   0.000000e+00  -0.000000e+00  -1.475268e-06  -8.164853e-06   8.349755e-10
  -0.000000e+00   1.457058e-02   1.474638e-02  -5.643403e-04   0.000000e+00   0.000000e+00  -0.000000e+00   2.464396e-05   1.467517e-04   3.755559e-09
  -0.000000e+00   1.038830e-02   1.450160e-02  -1.665111e-04   0.000000e+00   0.000000e+00  -0.000000e+00  -3.904016e-05  -3.283371e-05   1.916844e-09
  -0.000000e+00   1.181118e-02   1.273937e-02  -1.530478e-03   0.000000e+00   0.000000e+00  -0.000000e+00   3.119881e-04  -1.889282e-05   6.946306e-09
  -0.000000e+00   1.450554e-02   1.209729e-02  -3.933278e-04   0.000000e+00   0.000000e+00  -0.000000e+00  -5.763240e-05  -1.562168e-05   3.056162e-09
  -0.000000e+00   1.651740e-02   1.218925e-02  -7.592848e-03   0.000000e+00   0.000000e+00  -0.000000e+00  -1.666096e-03  -1.770307e-03   2.250411e-08
  -0.000000e+00   1.844900e-02   1.191025e-02  -5.396577e-05   0.000000e+00   0.000000e+00  -0.000000e+00  -6.130491e-06  -1.768822e-05   8.833682e-10
                                               -5.348693e-02   0.000000e+00   0.000000e+00   0.000000e+00  -1.868474e-03  -2.653350e-03   5.130816e-09

              2
             36
          pos_x          pos_y          pos_z       normal_x       normal_y       normal_z        tangt_x        tangt_y        tangt_z          pentr
   2.000000e-02   3.222646e-03   3.315088e-03   2.081726e-03   0.000000e+00   0.000000e+00  -0.000000e+00  -1.988117e-04   7.869547e-04   7.627548e-09
   2.000000e-02   1.829824e-03   6.332260e-03   4.780502e-03   0.000000e+00   0.000000e+00  -0.000000e+00   1.275284e-03   1.813861e-03   1.295522e-08
   2.000000e-02   5.555344e-03   5.159247e-03   7.728133e-04   0.000000e+00   0.000000e+00  -0.000000e+00   2.127249e-04   8.033367e-05   4.772443e-09
   2.000000e-02   8.661504e-03   6.008100e-03   8.725225e-03   0.000000e+00   0.000000e+00  -0.000000e+00  -1.718246e-03   6.723117e-04   2.260881e-08
   2.000000e-02   3.712214e-03   9.332965e-03   3.332288e-04   0.000000e+00   0.000000e+00  -0.000000e+00  -2.282544e-05   3.676079e-05   3.248204e-09
   2.000000e-02   6.024951e-03   7.540334e-03   1.267258e-04   0.000000e+00   0.000000e+00  -0.000000e+00   9.756537e-06  -4.131053e-05   1.418182e-09
   2.000000e-02   1.106289e-03   9.341910e-03   4.760717e-04   0.000000e+00   0.000000e+00  -0.000000e+00  -1.353919e-04  -1.455613e-04   3.743704e-09
   2.000000e-02   8.864677e-03   2.764432e-03   1.353186e-04   0.000000e+00   0.000000e+00  -0.000000e+00   5.297273e-05   3.278274e-05   1.837667e-09
   2.000000e-02   6.664447e-03   1.059070e-02   3.167130e-03   0.000000e+00   0.000000e+00  -0.000000e+00  -1.067695e-03   3.193563e-04   9.574475e-09
   2.000000e-02   7.551167e-03   1.748080e-02   7.189041e-04   0.000000e+00   0.000000e+00  -0.000000e+00   1.994401e-04  -3.442793e-06   5.399461e-09
   2.000000e-02   9.021011e-03   1.561651e-02   6.141674e-04   0.000000e+00   0.000000e+00  -0.000000e+00  -9.462587e-05   7.638171e-05   4.093549e-09
   2.000000e-02   2.152297e-03   1.512363e-02   8.345964e-04   0.000000e+00   0.000000e+00  -0.000000e+00  -1.898212e-04   1.223778e-04   5.283988e-09
   2.000000e-02   5.299881e-03   1.545103e-02   2.069676e-04   0.000000e+00   0.000000e+00  -0.000000e+00  -3.242626e-05  -7.015844e-05   1.904542e-09
   2.000000e-02   4.827016e-03   1.250662e-02   8.371902e-05   0.000000e+00   0.000000e+00  -0.000000e+00  -1.459804e-05   8.177591e-06   1.326035e-09
   2.000000e-02   3.386786e-03   1.085544e-02   1.307593e-03   0.000000e+00   0.000000e+00  -0.000000e+00   7.164622e-05   1.535721e-05   6.971419e-09
   2.000000e-02   1.912932e-02   1.170330e-03   1.102861e-05   0.000000e+00   0.000000e+00  -0.000000e+00  -1.534104e-06  -3.919090e-06   3.557388e-10
   2.000000e-02   1.635291e-02   4.832016e-03   4.258035e-03   0.000000e+00   0.000000e+00  -0.000000e+00  -1.096482e-03  -4.479505e-04   1.510453e-08
   2.000000e-02   1.531121e-02   3.065633e-03   6.215533e-03   0.000000e+00   0.000000e+00  -0.000000e+00   7.048050e-04   2.063607e-03   1.720790e-08
   2.000000e-02   1.900225e-02   4.584858e-03   2.723816e-04   0.000000e+00   0.000000e+00  -0.000000e+00  -6.243787e-06  -4.219614e-05   2.405890e-09
   2.000000e-02   1.861629e-02   9.407865e-03   1.797165e-03   0.000000e+00   0.000000e+00  -0.000000e+00   5.410426e-04  -1.344573e-04   7.453380e-09
   2.000000e-02   1.790055e-02   3.063179e-03   3.138957e-03   0.000000e+00   0.000000e+00  -0.000000e+00   8.966440e-04   1.193701e-04   1.291081e-08
   2.000000e-02   1.466724e-02   8.772773e-04   9.950563e-06   0.000000e+00   0.000000e+00  -0.000000e+00  -1.176654e-06  -4.110567e-06   3.070852e-10
   2.000000e-02   1.144996e-02   8.864953e-03   2.434648e-03   0.000000e+00   0.000000e+00  -0.000000e+00   3.758278e-04   1.218652e-06   1.144488e-08
   2.000000e-02   1.284665e-02   3.556917e-03   2.321430e-03   0.000000e+00   0.000000e+00  -0.000000e+00  -2.144129e-04  -2.882480e-04   9.211767e-09
   2.000000e-02   1.224507e-02   6.594800e-04   9.290044e-06   0.000000e+00   0.000000e+00  -0.000000e+00   2.071377e-06   1.411235e-06   3.478685e-10
   2.000000e-02   1.361542e-02   8.207527e-03   7.957295e-04   0.000000e+00   0.000000e+00  -0.000000e+00   3.596723e-05   2.006916e-04   4.676604e-09
   2.000000e-02   1.023456e-02   7.289846e-03   9.613670e-04   0.000000e+00   0.000000e+00  -0.000000e+00  -1.588854e-04   1.463354e-04   5.831319e-09
   2.000000e-02   1.386212e-02   1.771055e-02   2.120700e-05   0.000000e+00   0.000000e+00  -0.000000e+00   4.515753e-06  -2.670363e-06   5.819153e-10
   2.000000e-02   1.704265e-02   1.811578e-02   3.738278e-05   0.000000e+00   0.000000e+00  -0.000000e+00   2.051259e-06  -3.751642e-06   5.983029e-10
   2.000000e-02   1.297332e-02   1.620170e-02   7.481741e-05   0.000000e+00   0.000000e+00  -0.000000e+00   1.055844e-06  -2.683369e-05   9.241912e-10
   2.000000e-02   1.361782e-02   1.416528e-02   1.053217e-04   0.000000e+00   0.000000e+00  -0.000000e+00   8.048097e-06   9.652611e-06   1.691493e-09
   2.000000e-02   1.082104e-02   1.314849e-02   6.788060e-04   0.000000e+00   0.000000e+00  -0.000000e+00   1.065289e-04   1.399852e-04   5.056748e-09
   2.000000e-02   1.822639e-02   1.281223e-02   2.835463e-04   0.000000e+00   0.000000e+00  -0.000000e+00  -7.653502e-05   8.645882e-05   2.333453e-09
   2.000000e-02   1.280258e-02   1.235938e-02   1.129332e-04   0.000000e+00   0.000000e+00  -0.000000e+00   2.670739e-05  -1.564454e-05   1.438754e-09
   2.000000e-02   1.908695e-02   1.136565e-02   1.339402e-04   0.000000e+00   0.000000e+00  -0.000000e+00   2.524382e-05  -2.199278e-05   1.880940e-09
   2.000000e-02   9.687502e-03   1.069941e-02   6.507865e-04   0.000000e+00   0.000000e+00  -0.000000e+00   1.994694e-05   9.188482e-05   4.334030e-09
                                                4.868894e-02   0.000000e+00   0.000000e+00   0.000000e+00  -4.574315e-04   5.573022e-03   5.523968e-09

              3
             39
          pos_x          pos_y          pos_z       normal_x       normal_y       normal_z        tangt_x        tangt_y        tangt_z          pentr
   6.189405e-03  -0.000000e+00   9.887066e-04   0.000000e+00  -1.257767e-03   0.000000e+00   1.507450e-04  -0.000000e+00  -2.579272e-04   7.695660e-09
   3.902511e-03  -0.000000e+00   1.935895e-03   0.000000e+00  -1.154369e-05   0.000000e+00   3.018160e-08  -0.000000e+00  -7.717071e-08   3.004368e-10
   2.128821e-03  -0.000000e+00   3.459436e-03   0.000000e+00  -5.047510e-03   0.000000e+00  -1.124348e-03  -0.000000e+00   1.484759e-03   1.732478e-08
   1.679341e-03  -0.000000e+00   6.310442e-03   0.000000e+00  -1.461524e-03   0.000000e+00   2.055214e-04  -0.000000e+00   1.294460e-04   7.580661e-09
   1.376183e-03  -0.000000e+00   8.431768e-03   0.000000e+00  -1.838015e-04   0.000000e+00   2.584305e-05  -0.000000e+00  -4.155834e-05   1.707700e-09
   2.400780e-03  -0.000000e+00   4.878734e-03   0.000000e+00  -4.707903e-05   0.000000e+00  -8.696533e-06  -0.000000e+00  -1.033500e-06   9.333199e-10
   8.821010e-04  -0.000000e+00   4.208781e-03   0.000000e+00  -7.728247e-05   0.000000e+00  -2.943666e-05  -0.000000e+00   1.789722e-05   1.201565e-09
   3.936845e-03  -0.000000e+00   6.365424e-03   0.000000e+00  -1.671536e-04   0.000000e+00   3.329847e-05  -0.000000e+00  -6.790827e-05   2.029135e-09
   8.081133e-03  -0.000000e+00   6.138963e-03   0.000000e+00  -8.920182e-04   0.000000e+00   1.857408e-04  -0.000000e+00  -2.948558e-04   5.046753e-09
   1.397719e-03  -0.000000e+00   1.057237e-02   0.000000e+00  -6.545899e-04   0.000000e+00   8.845903e-06  -0.000000e+00   4.378083e-05   4.729066e-09
   3.673920e-03  -0.000000e+00   7.664712e-03   0.000000e+00  -1.386235e-03   0.000000e+00   9.807823e-05  -0.000000e+00  -1.375588e-04   7.570692e-09
   5.729122e-03  -0.000000e+00   6.170225e-03   0.000000e+00  -3.802892e-05   0.000000e+00  -3.605250e-06  -0.000000e+00   3.163778e-06   8.107295e-10
   5.631768e-03  -0.000000e+00   7.783883e-03   0.000000e+00  -5.692780e-06   0.000000e+00  -6.218361e-07  -0.000000e+00  -9.957709e-07   2.277814e-10
   3.200939e-03  -0.000000e+00   1.039005e-02   0.000000e+00  -1.045028e-04   0.000000e+00   2.575374e-05  -0.000000e+00  -7.393268e-06   1.437707e-09
   9.704075e-03  -0.000000e+00   1.377360e-03   0.000000e+00  -4.226187e-03   0.000000e+00  -9.908157e-05  -0.000000e+00   5.807815e-04   1.655209e-08
   7.735676e-03  -0.000000e+00   8.337034e-03   0.000000e+00  -1.269030e-04   0.000000e+00  -3.055741e-05  -0.000000e+00   2.097927e-05   1.494894e-09
   5.741802e-03  -0.000000e+00   1.068617e-02   0.000000e+00  -1.599547e-03   0.000000e+00   1.180558e-04  -0.000000e+00  -4.071209e-05   9.511132e-09
   5.622511e-03  -0.000000e+00   1.872517e-02   0.000000e+00  -7.725959e-04   0.000000e+00   9.402481e-05  -0.000000e+00   2.072137e-04   5.076343e-09
   1.771027e-03  -0.000000e+00   1.395480e-02   0.000000e+00  -6.337920e-04   0.000000e+00   2.591665e-05  -0.000000e+00   2.668581e-04   3.692101e-09
   8.303067e-03  -0.000000e+00   1.204480e-02   0.000000e+00  -1.318741e-03   0.000000e+00  -9.198047e-05  -0.000000e+00   2.421226e-05   6.488488e-09
   2.525735e-03  -0.000000e+00   1.242614e-02   0.000000e+00  -1.098541e-05   0.000000e+00  -4.896152e-06  -0.000000e+00  -1.966822e-06   3.423454e-10
   1.763548e-02  -0.000000e+00   1.815855e-03   0.000000e+00  -1.951981e-03   0.000000e+00   2.916301e-04  -0.000000e+00   7.233270e-05   8.646664e-09
   1.736253e-02  -0.000000e+00   4.645211e-03   0.000000e+00  -5.214262e-03   0.000000e+00   1.394032e-03  -0.000000e+00  -1.372747e-03   1.600325e-08
   1.861943e-02  -0.000000e+00   9.378520e-03   0.000000e+00  -1.271586e-03   0.000000e+00   3.388184e-04  -0.000000e+00  -3.284669e-04   6.055034e-09
   1.511508e-02  -0.000000e+00   2.857675e-03   0.000000e+00  -1.085763e-03   0.000000e+00   8.828926e-05  -0.000000e+00   4.754789e-04   5.665701e-09
   1.539807e-02  -0.000000e+00   9.754652e-04   0.000000e+00  -2.866280e-05   0.000000e+00   4.423633e-06  -0.000000e+00   7.830944e-06   7.041516e-10
   1.277935e-02  -0.000000e+00   1.469752e-03   0.000000e+00  -5.265129e-03   0.000000e+00   2.772482e-04  -0.000000e+00  -2.271631e-03   1.871371e-08
   1.090353e-02  -0.000000e+00   6.253144e-03   0.000000e+00  -2.384200e-05   0.000000e+00  -5.852929e-06  -0.000000e+00   1.513776e-06   5.011981e-10
   1.449450e-02  -0.000000e+00   8.972642e-03   0.000000e+00  -1.095957e-04   0.000000e+00   3.523182e-05  -0.000000e+00  -2.229862e-05   1.206123e-09
   1.044018e-02  -0.000000e+00   3.207742e-03   0.000000e+00  -1.561111e-04   0.000000e+00  -2.840456e-05  -0.000000e+00   4.956741e-05   1.478958e-09
   1.272163e-02  -0.000000e+00   8.249668e-03   0.000000e+00  -3.271416e-04   0.000000e+00  -5.621513e-05  -0.000000e+00   4.552009e-06   3.411277e-09
   1.222963e-02  -0.000000e+00   6.596656e-03   0.000000e+00  -7.296816e-05   0.000000e+00  -9.986764e-06  -0.000000e+00   1.428373e-05   1.028603e-09
   1.023574e-02  -0.000000e+00   1.038879e-02   0.000000e+00  -3.080477e-03   0.000000e+00  -3.208024e-04  -0.000000e+00   1.795909e-04   1.263953e-08
   1.310838e-02  -0.000000e+00   1.664793e-02   0.000000e+00  -2.064324e-04   0.000000e+00   2.429166e-05  -0.000000e+00   5.443268e-05   2.177465e-09
   1.748306e-02  -0.000000e+00   1.499680e-02   0.000000e+00  -9.360853e-04   0.000000e+00  -6.649737e-05  -0.000000e+00   4.216139e-06   5.123161e-09
   1.097410e-02  -0.000000e+00   1.514727e-02   0.000000e+00  -1.954648e-03   0.000000e+00  -2.903445e-04  -0.000000e+00  -6.521154e-05   8.463288e-09
   1.460102e-02  -0.000000e+00   1.436133e-02   0.000000e+00  -1.746464e-03   0.000000e+00   4.517326e-04  -0.000000e+00  -7.250080e-04   8.278175e-09
   1.586958e-02  -0.000000e+00   1.253259e-02   0.000000e+00  -4.729833e-04   0.000000e+00  -4.790738e-05  -0.000000e+00   8.894134e-05   3.279363e-09
   1.308509e-02  -0.000000e+00   1.213461e-02   0.000000e+00  -8.657565e-04   0.000000e+00   1.459788e-04  -0.000000e+00   2.347859e-04   6.398362e-09
                                                0.000000e+00  -4.479337e-02   0.000000e+00   1.804296e-03   0.000000e+00  -1.670733e-03   5.423779e-09

              4
             32
          pos_x          pos_y          pos_z       normal_x       normal_y       normal_z        tangt_x        tangt_y        tangt_z          pentr
   1.652525e-03   2.000000e-02   2.474391e-03   0.000000e+00   3.240196e-04   0.000000e+00   6.665823e-05  -0.000000e+00  -1.977385e-05   2.493056e-09
   6.535217e-03   2.000000e-02   6.124111e-03   0.000000e+00   1.103350e-03   0.000000e+00   2.429910e-04  -0.000000e+00   1.740063e-04   6.097264e-09
   3.888641e-03   2.000000e-02   4.056525e-03   0.000000e+00   1.501635e-03   0.000000e+00   5.868384e-04  -0.000000e+00   5.104473e-05   6.607036e-09
   7.878850e-03   2.000000e-02   2.668126e-03   0.000000e+00   1.548264e-03   0.000000e+00  -5.666163e-04  -0.000000e+00  -4.149734e-04   7.742771e-09
   9.664292e-03   2.000000e-02   7.010329e-03   0.000000e+00   6.615380e-04   0.000000e+00   2.098728e-04  -0.000000e+00   1.420279e-04   4.441311e-09
   1.512423e-03   2.000000e-02   6.983172e-03   0.000000e+00   1.653724e-05   0.000000e+00  -1.240344e-06  -0.000000e+00   2.780997e-06   4.474758e-10
   4.818016e-03   2.000000e-02   1.240101e-03   0.000000e+00   6.351244e-04   0.000000e+00   5.825313e-05  -0.000000e+00  -1.426588e-04   3.992417e-09
   3.651119e-03   2.000000e-02   9.568735e-03   0.000000e+00   6.631134e-03   0.000000e+00   1.892521e-03  -0.000000e+00   7.291318e-04   1.504937e-08
   9.657620e-03   2.000000e-02   1.299639e-03   0.000000e+00   3.000771e-04   0.000000e+00  -7.797534e-05  -0.000000e+00   3.412241e-05   2.882892e-09
   7.538666e-04   2.000000e-02   9.396676e-03   0.000000e+00   2.078499e-03   0.000000e+00  -5.308028e-04  -0.000000e+00   1.871900e-04   1.140243e-08
   5.307746e-03   2.000000e-02   1.524775e-02   0.000000e+00   2.276374e-03   0.000000e+00   4.641902e-04  -0.000000e+00   1.390183e-04   1.106611e-08
   2.280693e-03   2.000000e-02   1.562895e-02   0.000000e+00   4.830764e-03   0.000000e+00   1.009360e-03  -0.000000e+00   1.543861e-03   1.473153e-08
   9.826289e-03   2.000000e-02   1.385842e-02   0.000000e+00   8.845489e-05   0.000000e+00   1.320209e-05  -0.000000e+00  -1.934487e-05   9.715321e-10
   1.604420e-03   2.000000e-02   1.137150e-02   0.000000e+00   4.926162e-05   0.000000e+00  -1.209492e-05  -0.000000e+00  -5.542180e-06   7.939588e-10
   1.794356e-02   2.000000e-02   5.606351e-03   0.000000e+00   3.065265e-05   0.000000e+00  -8.586957e-08  -0.000000e+00  -8.336239e-06   6.069248e-10
   1.939956e-02   2.000000e-02   4.534020e-03   0.000000e+00   9.270337e-04   0.000000e+00   1.550164e-04  -0.000000e+00   7.788129e-05   7.680314e-09
   1.657707e-02   2.000000e-02   8.491231e-03   0.000000e+00   9.326118e-04   0.000000e+00  -2.678668e-04  -0.000000e+00   3.885475e-05   5.951092e-09
   1.620096e-02   2.000000e-02   3.799052e-03   0.000000e+00   1.134087e-03   0.000000e+00  -4.582606e-04  -0.000000e+00   1.982383e-05   7.484173e-09
   1.790085e-02   2.000000e-02   1.039832e-02   0.000000e+00   1.493644e-03   0.000000e+00  -5.780578e-05  -0.000000e+00   5.593848e-04   9.348412e-09
   1.775592e-02   2.000000e-02   2.692271e-03   0.000000e+00   2.960366e-03   0.000000e+00   2.107577e-04  -0.000000e+00  -9.822760e-04   1.207756e-08
   1.412029e-02   2.000000e-02   4.115815e-03   0.000000e+00   3.029350e-04   0.000000e+00   4.981264e-06  -0.000000e+00   2.032131e-05   2.646582e-09
   1.543245e-02   2.000000e-02   9.592495e-04   0.000000e+00   1.903987e-05   0.000000e+00   1.584516e-06  -0.000000e+00   3.677234e-06   4.385497e-10
   1.376079e-02   2.000000e-02   1.880979e-03   0.000000e+00   5.485948e-03   0.000000e+00   2.280172e-03  -0.000000e+00   1.112737e-03   1.738174e-08
   1.540885e-02   2.000000e-02   7.189607e-03   0.000000e+00   9.852776e-06   0.000000e+00   1.541934e-06  -0.000000e+00   2.806309e-07   2.633732e-10
   1.168820e-02   2.000000e-02   2.101243e-03   0.000000e+00   1.391403e-02   0.000000e+00  -5.616424e-04  -0.000000e+00  -9.775059e-04   2.921411e-08
   1.616469e-02   2.000000e-02   6.053233e-03   0.000000e+00   3.534260e-05   0.000000e+00  -9.033479e-06  -0.000000e+00  -2.268682e-06   8.344143e-10
   1.404465e-02   2.000000e-02   7.324023e-03   0.000000e+00   1.507701e-05   0.000000e+00  -1.963892e-07  -0.000000e+00  -2.906412e-06   4.614600e-10
   1.456733e-02   2.000000e-02   9.752812e-03   0.000000e+00   3.010077e-04   0.000000e+00   9.148324e-05  -0.000000e+00   3.379497e-05   2.772414e-09
   1.402877e-02   2.000000e-02   1.716100e-02   0.000000e+00   1.799764e-04   0.000000e+00  -4.316574e-05  -0.000000e+00  -4.776084e-05   1.812794e-09
   1.763247e-02   2.000000e-02   1.466197e-02   0.000000e+00   2.631600e-04   0.000000e+00  -6.421236e-05  -0.000000e+00  -1.216896e-05   2.453508e-09
   1.255745e-02   2.000000e-02   1.373442e-02   0.000000e+00   3.637812e-05   0.000000e+00  -1.062273e-06  -0.000000e+00  -9.349613e-07   6.485288e-10
   1.185796e-02   2.000000e-02   1.123977e-02   0.000000e+00   1.026901e-03   0.000000e+00  -3.140779e-04  -0.000000e+00  -4.001293e-04   4.944964e-09
                                                0.000000e+00   5.111308e-02   0.000000e+00   4.323285e-03   0.000000e+00   1.833359e-03   6.116877e-09

              5
             62
          pos_x          pos_y          pos_z       normal_x       normal_y       normal_z        tangt_x        tangt_y        tangt_z          pentr
   2.176698e-03   1.561553e-03  -0.000000e+00   0.000000e+00   0.000000e+00  -7.394857e-03   1.940418e-04  -9.805763e-04  -0.000000e+00   1.918577e-08
   6.371604e-03   1.429756e-03  -0.000000e+00   0.000000e+00   0.000000e+00  -2.277327e-03   6.383384e-04   2.605608e-04  -0.000000e+00   8.806195e-09
   4.695560e-03   5.495442e-03  -0.000000e+00   0.000000e+00   0.000000e+00  -4.430981e-05   1.031272e-05   9.345632e-06  -0.000000e+00   8.629277e-10
   1.279664e-03   3.459646e-03  -0.000000e+00   0.000000e+00   0.000000e+00  -1.178525e-04   3.839809e-05  -2.180197e-05  -0.000000e+00   1.592041e-09
   6.064861e-03   8.902556e-03  -0.000000e+00   0.000000e+00   0.000000e+00  -7.629757e-05  -4.653147e-06   1.767551e-05  -0.000000e+00   1.308865e-09
   1.188883e-03   9.737856e-03  -0.000000e+00   0.000000e+00   0.000000e+00  -3.578652e-03  -7.135244e-04   1.323473e-03  -0.000000e+00   1.301031e-08
   7.915466e-04   5.636203e-03  -0.000000e+00   0.000000e+00   0.000000e+00  -9.347165e-05  -3.548191e-05   2.899189e-05  -0.000000e+00   1.182339e-09
   2.646379e-03   4.989891e-03  -0.000000e+00   0.000000e+00   0.000000e+00  -1.163223e-04   5.871327e-06   3.525947e-05  -0.000000e+00   1.428384e-09
   2.360794e-03   6.739352e-03  -0.000000e+00   0.000000e+00   0.000000e+00  -5.214258e-05   6.785676e-07  -1.433997e-06  -0.000000e+00   7.995020e-10
   3.925668e-03   9.289276e-03  -0.000000e+00   0.000000e+00   0.000000e+00  -1.013870e-03  -1.137961e-04   1.570508e-04  -0.000000e+00   4.922743e-09
   4.292179e-03   1.327925e-03  -0.000000e+00   0.000000e+00   0.000000e+00  -8.020447e-04  -5.903275e-05  -2.342659e-04  -0.000000e+00   4.962107e-09
   3.367291e-03   3.054588e-03  -0.000000e+00   0.000000e+00   0.000000e+00  -1.353124e-04  -6.085897e-05  -2.596518e-05  -0.000000e+00   1.890244e-09
   4.410910e-03   6.638508e-03  -0.000000e+00   0.000000e+00   0.000000e+00  -5.221401e-05   1.034816e-08   2.604620e-07  -0.000000e+00   1.001906e-09
   5.115154e-03   3.556005e-03  -0.000000e+00   0.000000e+00   0.000000e+00  -4.930102e-03  -7.767453e-04   5.163990e-04  -0.000000e+00   1.737748e-08
   6.293211e-03   6.672253e-03  -0.000000e+00   0.000000e+00   0.000000e+00  -6.812390e-04  -2.804330e-04  -1.856074e-04  -0.000000e+00   4.738480e-09
   8.492818e-03   5.217168e-03  -0.000000e+00   0.000000e+00   0.000000e+00  -7.031681e-03  -2.024404e-04  -3.260110e-03  -0.000000e+00   1.996299e-08
   8.315158e-03   8.071717e-03  -0.000000e+00   0.000000e+00   0.000000e+00  -9.322541e-03  -2.300378e-03  -3.916292e-03  -0.000000e+00   2.267592e-08
   9.430758e-03   2.211642e-03  -0.000000e+00   0.000000e+00   0.000000e+00  -6.213889e-03  -1.722848e-03  -1.523421e-03  -0.000000e+00   1.549036e-08
   1.043924e-03   1.843453e-02  -0.000000e+00   0.000000e+00   0.000000e+00  -8.269896e-04  -2.041336e-04   5.953243e-05  -0.000000e+00   4.616941e-09
   4.013445e-03   1.872973e-02  -0.000000e+00   0.000000e+00   0.000000e+00  -9.566176e-04   6.193338e-05  -5.041832e-05  -0.000000e+00   5.312607e-09
   2.346731e-03   1.685583e-02  -0.000000e+00   0.000000e+00   0.000000e+00  -2.095379e-04  -1.976426e-05   1.296467e-05  -0.000000e+00   2.326262e-09
   6.293236e-03   1.816732e-02  -0.000000e+00   0.000000e+00   0.000000e+00  -5.720212e-05   3.003479e-06   1.111020e-05  -0.000000e+00   8.554114e-10
   1.049187e-03   1.580552e-02  -0.000000e+00   0.000000e+00   0.000000e+00  -5.504633e-05   1.566971e-05   4.864956e-06  -0.000000e+00   1.038582e-09
   6.798687e-03   1.511682e-02  -0.000000e+00   0.000000e+00   0.000000e+00  -4.810438e-03  -1.503033e-03  -6.609729e-04  -0.000000e+00   1.639956e-08
   3.259105e-03   1.271948e-02  -0.000000e+00   0.000000e+00   0.000000e+00  -6.562201e-05   3.468926e-06  -1.545356e-05  -0.000000e+00   9.355534e-10
   5.016385e-03   1.618414e-02  -0.000000e+00   0.000000e+00   0.000000e+00  -5.235232e-04   1.049708e-04  -9.848953e-05  -0.000000e+00   3.262670e-09
   2.472581e-03   1.445448e-02  -0.000000e+00   0.000000e+00   0.000000e+00  -4.821517e-03   1.544913e-03   1.416613e-03  -0.000000e+00   1.616800e-08
   9.657528e-03   1.897414e-02  -0.000000e+00   0.000000e+00   0.000000e+00  -1.021923e-03  -2.178751e-04  -1.890963e-04  -0.000000e+00   7.687601e-09
   4.920459e-03   1.167001e-02  -0.000000e+00   0.000000e+00   0.000000e+00  -3.600840e-03  -1.602742e-04  -1.177413e-03  -0.000000e+00   1.614162e-08
   8.821362e-03   1.375367e-02  -0.000000e+00   0.000000e+00   0.000000e+00  -1.698942e-03  -3.396673e-05  -1.819373e-05  -0.000000e+00   7.334626e-09
   9.733923e-04   1.252938e-02  -0.000000e+00   0.000000e+00   0.000000e+00  -1.059438e-04   3.940292e-06   2.161753e-05  -0.000000e+00   1.284767e-09
   7.200004e-03   1.097913e-02  -0.000000e+00   0.000000e+00   0.000000e+00  -1.329535e-04   4.342373e-07   1.075370e-05  -0.000000e+00   1.331142e-09
   9.882123e-03   1.596138e-02  -0.000000e+00   0.000000e+00   0.000000e+00  -5.138906e-05   5.187027e-07  -2.036538e-06  -0.000000e+00   7.920384e-10
   1.798865e-02   5.656407e-03  -0.000000e+00   0.000000e+00   0.000000e+00  -1.536209e-03   1.538994e-04  -5.573700e-04  -0.000000e+00   7.388470e-09
   1.608445e-02   8.098416e-03  -0.000000e+00   0.000000e+00   0.000000e+00  -4.734353e-03   1.081425e-03  -2.923273e-04  -0.000000e+00   1.647749e-08
   1.704384e-02   1.926179e-03  -0.000000e+00   0.000000e+00   0.000000e+00  -4.706496e-03   6.762129e-04  -2.906269e-04  -0.000000e+00   1.539323e-08
   1.252287e-02   4.978207e-03  -0.000000e+00   0.000000e+00   0.000000e+00  -1.767980e-03   5.644894e-04   4.196989e-04  -0.000000e+00   9.576281e-09
   1.543875e-02   4.871927e-03  -0.000000e+00   0.000000e+00   0.000000e+00  -2.638397e-03   2.639290e-04  -1.015282e-03  -0.000000e+00   1.261964e-08
   1.833728e-02   3.757035e-03  -0.000000e+00   0.000000e+00   0.000000e+00  -1.407089e-03  -1.288316e-04   1.395997e-04  -0.000000e+00   7.190709e-09
   1.520517e-02   1.249890e-03  -0.000000e+00   0.000000e+00   0.000000e+00  -6.004672e-05  -4.420045e-06   2.866336e-05  -0.000000e+00   9.724651e-10
   1.429692e-02   3.059590e-03  -0.000000e+00   0.000000e+00   0.000000e+00  -1.779160e-04  -3.418494e-06  -1.987332e-05  -0.000000e+00   2.211828e-09
   1.247793e-02   1.712632e-03  -0.000000e+00   0.000000e+00   0.000000e+00  -3.470090e-03   1.330612e-03   1.823240e-04  -0.000000e+00   1.315120e-08
   1.348308e-02   9.140889e-03  -0.000000e+00   0.000000e+00   0.000000e+00  -4.191322e-03  -8.587035e-04  -2.310413e-04  -0.000000e+00   1.550009e-08
   1.433050e-02   6.940777e-03  -0.000000e+00   0.000000e+00   0.000000e+00  -9.823550e-04   7.206596e-05  -7.572380e-05  -0.000000e+00   5.713920e-09
   1.891590e-02   9.329516e-03  -0.000000e+00   0.000000e+00   0.000000e+00  -4.432595e-03   1.718254e-03  -3.042303e-04  -0.000000e+00   1.371614e-08
   1.092350e-02   6.503561e-03  -0.000000e+00   0.000000e+00   0.000000e+00  -1.108099e-03  -1.012399e-04   1.828015e-04  -0.000000e+00   5.456326e-09
   1.127608e-02   8.324316e-03  -0.000000e+00   0.000000e+00   0.000000e+00  -5.584333e-04  -4.601416e-05  -1.633373e-04  -0.000000e+00   4.696869e-09
   1.820329e-02   1.720650e-02  -0.000000e+00   0.000000e+00   0.000000e+00  -5.918388e-03   3.685480e-04  -6.428431e-04  -0.000000e+00   2.350028e-08
   1.880866e-02   1.926193e-02  -0.000000e+00   0.000000e+00   0.000000e+00  -4.725716e-05  -1.155401e-05   5.996219e-06  -0.000000e+00   9.211775e-10
   1.681418e-02   1.499849e-02  -0.000000e+00   0.000000e+00   0.000000e+00  -5.661489e-03  -6.513627e-04  -9.163179e-04  -0.000000e+00   1.771029e-08
   1.490433e-02   1.690794e-02  -0.000000e+00   0.000000e+00   0.000000e+00  -1.761314e-03   3.845692e-04   3.881224e-04  -0.000000e+00   8.258873e-09
   1.907387e-02   1.471935e-02  -0.000000e+00   0.000000e+00   0.000000e+00  -5.081377e-05  -7.480875e-06   2.696863e-06  -0.000000e+00   8.718809e-10
   1.575901e-02   1.918736e-02  -0.000000e+00   0.000000e+00   0.000000e+00  -8.343246e-05   2.843398e-05  -1.255638e-05  -0.000000e+00   1.352145e-09
   1.395595e-02   1.859686e-02  -0.000000e+00   0.000000e+00   0.000000e+00  -4.727530e-03   2.513868e-06  -1.224759e-03  -0.000000e+00   1.921515e-08
   1.781077e-02   1.287568e-02  -0.000000e+00   0.000000e+00   0.000000e+00  -6.197882e-05   2.148173e-05   1.020324e-05  -0.000000e+00   1.099380e-09
   1.895998e-02   1.204397e-02  -0.000000e+00   0.000000e+00   0.000000e+00  -5.363052e-05  -9.109345e-06  -3.185746e-06  -0.000000e+00   8.178314e-10
   1.167225e-02   1.674333e-02  -0.000000e+00   0.000000e+00   0.000000e+00  -4.967400e-03  -3.437295e-04  -9.531806e-04  -0.000000e+00   1.634456e-08
   1.602098e-02   1.149441e-02  -0.000000e+00   0.000000e+00   0.000000e+00  -1.598365e-03  -2.592452e-04   5.764541e-04  -0.000000e+00   7.815697e-09
   1.393965e-02   1.271692e-02  -0.000000e+00   0.000000e+00   0.000000e+00  -2.442446e-04  -6.750223e-05  -3.437469e-05  -0.000000e+00   2.310680e-09
   1.143511e-02   1.426505e-02  -0.000000e+00   0.000000e+00   0.000000e+00  -3.769928e-03   1.040274e-03  -5.972452e-05  -0.000000e+00   1.555107e-08
   1.486982e-02   1.441520e-02  -0.000000e+00   0.000000e+00   0.000000e+00  -1.985963e-04   5.046995e-05  -7.309323e-05  -0.000000e+00   1.954800e-09
   1.122278e-02   1.090281e-02  -0.000000e+00   0.000000e+00   0.000000e+00  -2.924392e-03   1.076492e-03  -2.050985e-04  -0.000000e+00   9.012620e-09
                                                0.000000e+00   0.000000e+00  -1.267128e-01   5.583233e-04  -1.361346e-02   0.000000e+00   7.798178e-09

