              5

              1
             51
          pos_x          pos_y          pos_z       normal_x       normal_y       normal_z        tangt_x        tangt_y        tangt_z          pentr
  -0.000000e+00   3.389181e-03   1.089344e-03  -8.357188e-05   0.000000e+00   0.000000e+00  -0.000000e+00  -2.530622e-05   5.410848e-06   1.414859e-09
  -0.000000e+00   8.972254e-03   1.335538e-03  -2.470195e-03   0.000000e+00   0.000000e+00  -0.000000e+00  -1.065944e-03  -4.552896e-04   9.135314e-09
  -0.000000e+00   9.862890e-04   1.999543e-03  -1.373339e-04   0.000000e+00   0.000000e+00  -0.000000e+00  -2.756748e-05   5.977464e-05   1.528905e-09
  -0.000000e+00   4.147618e-03   1.888437e-03  -2.100214e-05   0.000000e+00   0.000000e+00  -0.000000e+00   7.427747e-06   2.217379e-07   4.724742e-10
  -0.000000e+00   5.958342e-03   2.683974e-03  -8.651492e-04   0.000000e+00   0.000000e+00  -0.000000e+00  -2.591961e-04  -6.370968e-05   5.470958e-09
  -0.000000e+00   2.729681e-03   4.725090e-03  -9.929215e-04   0.000000e+00   0.000000e+00  -0.000000e+00  -2.050386e-04   1.612023e-04   5.904619e-09
  -0.000000e+00   8.787400e-03   5.168998e-03  -1.420438e-03   0.000000e+00   0.000000e+00  -0.000000e+00  -2.108844e-04   3.282036e-05   5.806105e-09
  -0.000000e+00   5.528782e-03   4.970928e-03  -3.377144e-04   0.000000e+00   0.000000e+00  -0.000000e+00   6.779558e-05  -9.067098e-05   2.529926e-09
  -0.000000e+00   1.112024e-03   8.998397e-03  -4.877701e-04   0.000000e+00   0.000000e+00  -0.000000e+00  -9.759070e-05   6.633536e-06   3.906996e-09
  -0.000000e+00   9.141536e-04   4.272299e-03  -1.377811e-03   0.000000e+00   0.000000e+00  -0.000000e+00   2.649661e-04   4.373968e-04   8.002690e-09
  -0.000000e+00   3.843210e-03   6.607958e-03  -1.000189e-02   0.000000e+00   0.000000e+00  -0.000000e+00   1.823738e-03   1.867572e-03   3.649890e-08
  -0.000000e+00   7.008817e-03   6.723349e-03  -3.117017e-05   0.000000e+00   0.000000e+00  -0.000000e+00  -6.292608e-06  -3.486289e-06   6.099452e-10
  -0.000000e+00   6.704756e-03   1.031485e-02  -4.120136e-04   0.000000e+00   0.000000e+00  -0.000000e+00  -1.109788e-04   3.159343e-05   3.138206e-09
  -0.000000e+00   8.446711e-03   8.480364e-03  -3.126861e-04   0.000000e+00   0.000000e+00  -0.000000e+00  -8.361115e-05  -9.799932e-05   2.726855e-09
  -0.000000e+00   5.002200e-03   7.069093e-03  -1.172259e-05   0.000000e+00   0.000000e+00  -0.000000e+00  -1.757109e-06   4.260027e-06   3.036764e-10
  -0.000000e+00   3.405672e-03   9.524824e-03  -4.468669e-04   0.000000e+00   0.000000e+00  -0.000000e+00  -5.028020e-05   1.607568e-04   3.713785e-09
  -0.000000e+00   5.996877e-03   1.485378e-02  -1.019713e-03   0.000000e+00   0.000000e+00  -0.000000e+00  -1.316071e-04  -1.670014e-04   4.873917e-09
  -0.000000e+00   8.349307e-03   1.525439e-02  -2.791919e-04   0.000000e+00   0.000000e+00  -0.000000e+00  -1.105971e-04  -8.302822e-05   2.785523e-09
  -0.000000e+00   2.044223e-03   1.453751e-02  -6.459875e-05   0.000000e+00   0.000000e+00  -0.000000e+00  -4.811864e-06  -2.910437e-05   9.291003e-10
  -0.000000e+00   8.934473e-03   1.338564e-02  -2.750450e-05   0.000000e+00   0.000000e+00  -0.000000e+00   1.844513e-06  -4.782105e-06   6.535383e-10
  -0.000000e+00   7.619022e-03   1.249280e-02  -1.580483e-05   0.000000e+00   0.000000e+00  -0.000000e+00   3.403341e-06  -3.332447e-06   4.488536e-10
  -0.000000e+00   4.275975e-03   1.272263e-02  -4.397354e-04   0.000000e+00   0.000000e+00  -0.000000e+00   1.207853e-04  -1.552949e-04   3.099335e-09
  -0.000000e+00   1.125378e-03   1.224953e-02  -3.043450e-04   0.000000e+00   0.000000e+00  -0.000000e+00   5.176028e-05  -8.257738e-05   3.326945e-09
  -0.000000e+00   2.294153e-03   1.064543e-02  -2.127941e-05   0.000000e+00   0.000000e+00  -0.000000e+00  -6.388955e-06  -3.789859e-07   4.926967e-10
  -0.000000e+00   1.434138e-02   4.756012e-03  -5.126946e-06   0.000000e+00   0.000000e+00  -0.000000e+00  -8.423227e-07   5.419722e-07   2.219382e-10
  -0.000000e+00   1.818678e-02   4.836391e-03  -1.160389e-04   0.000000e+00   0.000000e+00  -0.000000e+00  -5.552561e-05   1.241131e-05   1.470255e-09
  -0.000000e+00   1.829772e-02   7.058900e-03  -1.215560e-05   0.000000e+00   0.000000e+00  -0.000000e+00  -9.943665e-07  -4.524553e-06   3.416990e-10
  -0.000000e+00   1.728989e-02   2.753703e-03  -2.131323e-03   0.000000e+00   0.000000e+00  -0.000000e+00   1.000094e-04  -7.094038e-04   9.391948e-09
  -0.000000e+00   1.549552e-02   1.144591e-03  -1.141021e-05   0.000000e+00   0.000000e+00  -0.000000e+00  -3.645594e-06  -1.981628e-06   3.372380e-10
  -0.000000e+00   1.393083e-02   2.762651e-03  -4.705751e-03   0.000000e+00   0.000000e+00  -0.000000e+00   2.142086e-05   4.985358e-04   1.460277e-08
  -0.000000e+00   1.515352e-02   7.319486e-03  -4.469866e-04   0.000000e+00   0.000000e+00  -0.000000e+00   9.429279e-05   1.826128e-05   3.363364e-09
  -0.000000e+00   1.146957e-02   1.630147e-03  -1.236924e-05   0.000000e+00   0.000000e+00  -0.000000e+00  -5.906585e-06  -6.169994e-07   3.918077e-10
  -0.000000e+00   1.603988e-02   4.433560e-03  -1.046559e-03   0.000000e+00   0.000000e+00  -0.000000e+00   4.817455e-05  -1.239371e-04   7.394382e-09
  -0.000000e+00   1.615213e-02   8.432857e-03  -5.033828e-03   0.000000e+00   0.000000e+00  -0.000000e+00  -1.288767e-03  -6.394878e-04   1.684433e-08
  -0.000000e+00   1.603530e-02   5.656286e-03  -1.985732e-05   0.000000e+00   0.000000e+00  -0.000000e+00   1.968164e-06  -5.195436e-06   5.083338e-10
  -0.000000e+00   1.154584e-02   7.540347e-03  -2.346229e-03   0.000000e+00   0.000000e+00  -0.000000e+00  -6.297630e-04   1.588045e-04   1.135932e-08
  -0.000000e+00   1.372470e-02   6.252975e-03  -4.344789e-05   0.000000e+00   0.000000e+00  -0.000000e+00   5.789542e-06  -3.571093e-06   7.640089e-10
  -0.000000e+00   1.384116e-02   9.181465e-03  -1.012309e-03   0.000000e+00   0.000000e+00  -0.000000e+00   3.492891e-04   3.163161e-05   5.745629e-09
  -0.000000e+00   1.010289e-02   8.168359e-03  -1.628481e-04   0.000000e+00   0.000000e+00  -0.000000e+00  -3.077725e-05  -4.770855e-05   2.138796e-09
  -0.000000e+00   1.907186e-02   9.383562e-03  -2.547258e-03   0.000000e+00   0.000000e+00  -0.000000e+00   4.014650e-04   2.107004e-04   1.109329e-08
  -0.000000e+00   1.196789e-02   9.114589e-03  -1.191775e-03   0.000000e+00   0.000000e+00  -0.000000e+00   9.844373e-05   6.302149e-06   8.686880e-09
  -0.000000e+00   1.021917e-02   9.473449e-03  -2.689685e-04   0.000000e+00   0.000000e+00  -0.000000e+00  -7.269917e-05  -8.468935e-05   2.445222e-09
  -0.000000e+00   1.362003e-02   1.704653e-02  -8.494017e-06   0.000000e+00   0.000000e+00  -0.000000e+00  -3.239108e-06  -2.096231e-06   2.224834e-10
  -0.000000e+00   1.841437e-02   1.786686e-02  -8.216294e-05   0.000000e+00   0.000000e+00  -0.000000e+00  -1.101822e-05   2.831050e-05   1.269986e-09
  -0.000000e+00   1.218073e-02   1.495780e-02  -4.557430e-05   0.000000e+00   0.000000e+00  -0.000000e+00  -1.134676e-05  -1.755024e-05   7.520236e-10
  -0.000000e+00   1.445410e-02   1.465832e-02  -1.388414e-05   0.000000e+00   0.000000e+00  -0.000000e+00  -6.269871e-06   1.155989e-06   3.204969e-10
  -0.000000e+00   1.044103e-02   1.452655e-02  -3.503261e-04   0.000000e+00   0.000000e+00  -0.000000e+00   7.114054e-05  -1.292612e-04   3.098234e-09
  -0.000000e+00   1.181124e-02   1.273643e-02  -9.140163e-04   0.000000e+00   0.000000e+00  -0.000000e+00   4.187644e-06  -1.010348e-04   4.927912e-09
  -0.000000e+00   1.450610e-02   1.209753e-02  -1.273043e-03   0.000000e+00   0.000000e+00  -0.000000e+00   1.841211e-04  -1.210271e-05   6.688910e-09
  -0.000000e+00   1.651872e-02   1.218897e-02  -1.644661e-03   0.000000e+00   0.000000e+00  -0.000000e+00  -5.352771e-04   5.741383e-05   8.114675e-09
  -0.000000e+00   1.844904e-02   1.190970e-02  -1.931063e-04   0.000000e+00   0.000000e+00  -0.000000e+00  -4.025661e-05   3.990358e-05   2.066638e-09
                                               -4.722194e-02   0.000000e+00   0.000000e+00   0.000000e+00  -1.372157e-03   7.117986e-04   4.555622e-09

              2
             36
          pos_x          pos_y          pos_z       normal_x       normal_y       normal_z        tangt_x        tangt_y        tangt_z          pentr
   2.000000e-02   3.222643e-03   3.315074e-03   3.431946e-03   0.000000e+00   0.000000e+00  -0.000000e+00  -3.920759e-04   1.338942e-03   1.064459e-08
   2.000000e-02   1.866265e-03   6.320243e-03   3.167828e-03   0.000000e+00   0.000000e+00  -0.000000e+00   8.385626e-04   1.132486e-03   9.844962e-09
   2.000000e-02   5.555397e-03   5.159228e-03   1.465088e-03   0.000000e+00   0.000000e+00  -0.000000e+00   4.841405e-04  -2.884621e-04   7.310268e-09
   2.000000e-02   8.661527e-03   6.008105e-03   3.842532e-03   0.000000e+00   0.000000e+00  -0.000000e+00  -6.695354e-04   5.198732e-04   1.308695e-08
   2.000000e-02   3.712012e-03   9.332781e-03   1.625643e-04   0.000000e+00   0.000000e+00  -0.000000e+00  -2.357756e-05   2.744823e-05   2.012881e-09
   2.000000e-02   6.024922e-03   7.540310e-03   8.108011e-04   0.000000e+00   0.000000e+00  -0.000000e+00  -2.714726e-05  -2.763450e-04   4.887626e-09
   2.000000e-02   1.106289e-03   9.341803e-03   6.778375e-04   0.000000e+00   0.000000e+00  -0.000000e+00  -1.443044e-04  -1.825240e-04   4.738092e-09
   2.000000e-02   8.864747e-03   2.764453e-03   4.528795e-05   0.000000e+00   0.000000e+00  -0.000000e+00   2.124497e-05   1.861458e-06   8.858294e-10
   2.000000e-02   7.548841e-03   1.747884e-02   6.647141e-05   0.000000e+00   0.000000e+00  -0.000000e+00   1.328717e-05  -1.585572e-06   1.103727e-09
   2.000000e-02   9.020822e-03   1.561657e-02   2.962451e-04   0.000000e+00   0.000000e+00  -0.000000e+00  -1.429646e-05  -4.648721e-05   2.517724e-09
   2.000000e-02   2.152294e-03   1.512360e-02   4.523982e-04   0.000000e+00   0.000000e+00  -0.000000e+00  -1.275122e-04   2.581060e-05   3.512845e-09
   2.000000e-02   5.299930e-03   1.545096e-02   6.475280e-04   0.000000e+00   0.000000e+00  -0.000000e+00   1.786507e-04   1.709171e-04   4.074075e-09
   2.000000e-02   4.826928e-03   1.250638e-02   2.546275e-05   0.000000e+00   0.000000e+00  -0.000000e+00  -5.712330e-07   1.600239e-06   5.996402e-10
   2.000000e-02   3.386767e-03   1.085551e-02   3.570806e-04   0.000000e+00   0.000000e+00  -0.000000e+00   1.633995e-05  -1.755160e-05   2.934367e-09
   2.000000e-02   6.664270e-03   1.059069e-02   2.085725e-03   0.000000e+00   0.000000e+00  -0.000000e+00  -3.846527e-04   4.266639e-05   7.247212e-09
   2.000000e-02   1.860498e-02   1.127397e-03   9.415320e-06   0.000000e+00   0.000000e+00  -0.000000e+00  -4.749260e-07  -4.176600e-06   3.273195e-10
   2.000000e-02   1.635308e-02   4.832044e-03   3.426816e-03   0.000000e+00   0.000000e+00  -0.000000e+00  -1.031985e-03  -5.243019e-04   1.306857e-08
   2.000000e-02   1.531118e-02   3.065644e-03   6.164304e-03   0.000000e+00   0.000000e+00  -0.000000e+00   6.946782e-04   2.034273e-03   1.711317e-08
   2.000000e-02   1.900224e-02   4.584854e-03   4.618109e-04   0.000000e+00   0.000000e+00  -0.000000e+00  -2.743020e-05  -1.458298e-04   3.420845e-09
   2.000000e-02   1.861632e-02   9.407788e-03   2.875867e-03   0.000000e+00   0.000000e+00  -0.000000e+00   6.311088e-04   8.448121e-04   1.019706e-08
   2.000000e-02   1.790055e-02   3.063176e-03   3.016591e-03   0.000000e+00   0.000000e+00  -0.000000e+00   8.746656e-04   9.577557e-08   1.257305e-08
   2.000000e-02   1.448022e-02   8.703734e-04   9.149949e-06   0.000000e+00   0.000000e+00  -0.000000e+00   9.441747e-07  -3.136833e-06   2.915723e-10
   2.000000e-02   1.145000e-02   8.865010e-03   1.688181e-03   0.000000e+00   0.000000e+00  -0.000000e+00  -1.958566e-04  -1.659134e-04   8.965997e-09
   2.000000e-02   1.284663e-02   3.556917e-03   1.883058e-03   0.000000e+00   0.000000e+00  -0.000000e+00  -3.590991e-04  -5.166027e-04   8.012153e-09
   2.000000e-02   1.224866e-02   6.589937e-04   4.905558e-06   0.000000e+00   0.000000e+00  -0.000000e+00   1.158003e-06  -1.327090e-06   2.273525e-10
   2.000000e-02   1.023468e-02   7.289691e-03   2.466450e-05   0.000000e+00   0.000000e+00  -0.000000e+00  -4.918403e-06   7.307297e-07   5.072665e-10
   2.000000e-02   1.386367e-02   1.770688e-02   3.450186e-05   0.000000e+00   0.000000e+00  -0.000000e+00   1.240504e-05   7.779155e-06   8.048972e-10
   2.000000e-02   1.703037e-02   1.810959e-02   3.655751e-04   0.000000e+00   0.000000e+00  -0.000000e+00   4.550504e-05   1.978153e-05   2.736915e-09
   2.000000e-02   1.297227e-02   1.620094e-02   1.069348e-04   0.000000e+00   0.000000e+00  -0.000000e+00   3.638331e-05  -1.161117e-05   1.172560e-09
   2.000000e-02   1.090328e-02   1.524780e-02   4.804290e-05   0.000000e+00   0.000000e+00  -0.000000e+00  -1.028067e-05  -1.067964e-05   8.382363e-10
   2.000000e-02   1.361752e-02   1.416528e-02   7.458785e-05   0.000000e+00   0.000000e+00  -0.000000e+00   1.008347e-07   2.072247e-05   1.343840e-09
   2.000000e-02   1.082095e-02   1.314853e-02   2.689878e-04   0.000000e+00   0.000000e+00  -0.000000e+00   4.371587e-05   2.739265e-05   2.728085e-09
   2.000000e-02   1.822797e-02   1.281184e-02   2.654144e-04   0.000000e+00   0.000000e+00  -0.000000e+00  -1.124191e-04   3.828341e-05   2.233354e-09
   2.000000e-02   1.280281e-02   1.235927e-02   1.625680e-04   0.000000e+00   0.000000e+00  -0.000000e+00   7.585601e-06  -4.456032e-05   1.834293e-09
   2.000000e-02   1.908643e-02   1.136539e-02   2.099596e-04   0.000000e+00   0.000000e+00  -0.000000e+00   5.252680e-05  -3.393878e-05   2.537975e-09
   2.000000e-02   9.687569e-03   1.069940e-02   1.078893e-03   0.000000e+00   0.000000e+00  -0.000000e+00  -1.478499e-04  -2.089342e-04   6.070846e-09
                                                3.971502e-02   0.000000e+00   0.000000e+00   0.000000e+00   2.790158e-04   3.771508e-03   4.789060e-09

              3
             42
          pos_x          pos_y          pos_z       normal_x       normal_y       normal_z        tangt_x        tangt_y        tangt_z          pentr
   6.189399e-03  -0.000000e+00   9.887061e-04   0.000000e+00  -1.235688e-03   0.000000e+00   7.708410e-06  -0.000000e+00  -2.509108e-04   7.605339e-09
   6.084204e-04  -0.000000e+00   1.824327e-03   0.000000e+00  -1.320191e-05   0.000000e+00  -3.774645e-06  -0.000000e+00  -2.198809e-06   4.460272e-10
   3.902296e-03  -0.000000e+00   1.935869e-03   0.000000e+00  -1.761273e-05   0.000000e+00   2.991896e-06  -0.000000e+00   2.082749e-06   3.981650e-10
   2.128808e-03  -0.000000e+00   3.459440e-03   0.000000e+00  -4.096719e-03   0.000000e+00  -5.447839e-04  -0.000000e+00   1.442847e-03   1.507441e-08
   1.679354e-03  -0.000000e+00   6.310454e-03   0.000000e+00  -8.504221e-04   0.000000e+00   7.747554e-05  -0.000000e+00   1.575315e-04   5.283546e-09
   1.376310e-03  -0.000000e+00   8.432309e-03   0.000000e+00  -8.153956e-04   0.000000e+00  -5.203259e-06  -0.000000e+00  -3.057609e-04   4.610179e-09
   2.400774e-03  -0.000000e+00   4.878733e-03   0.000000e+00  -1.041830e-04   0.000000e+00   1.212164e-06  -0.000000e+00  -4.221435e-05   1.584922e-09
   8.820985e-04  -0.000000e+00   4.208787e-03   0.000000e+00  -2.152009e-04   0.000000e+00  -4.605347e-05  -0.000000e+00   4.727779e-05   2.378242e-09
   3.936866e-03  -0.000000e+00   6.365416e-03   0.000000e+00  -9.677184e-05   0.000000e+00   5.740225e-06  -0.000000e+00   3.979120e-05   1.409502e-09
   8.081124e-03  -0.000000e+00   6.139004e-03   0.000000e+00  -3.574841e-04   0.000000e+00  -3.767246e-05  -0.000000e+00  -6.108808e-05   2.743243e-09
   3.673928e-03  -0.000000e+00   7.664758e-03   0.000000e+00  -1.354041e-03   0.000000e+00   1.964291e-04  -0.000000e+00  -3.064539e-04   7.453050e-09
   5.729170e-03  -0.000000e+00   6.170154e-03   0.000000e+00  -6.435996e-05   0.000000e+00   7.965682e-06  -0.000000e+00   1.337994e-05   1.151356e-09
   5.631678e-03  -0.000000e+00   7.783789e-03   0.000000e+00  -4.759430e-05   0.000000e+00  -2.172615e-05  -0.000000e+00   3.831039e-06   9.383010e-10
   9.704062e-03  -0.000000e+00   1.377363e-03   0.000000e+00  -3.034019e-03   0.000000e+00   5.231113e-05  -0.000000e+00   7.722074e-04   1.327086e-08
   7.735733e-03  -0.000000e+00   8.337124e-03   0.000000e+00  -9.799383e-05   0.000000e+00   1.504799e-05  -0.000000e+00   3.454128e-05   1.258230e-09
   5.616989e-03  -0.000000e+00   1.872092e-02   0.000000e+00  -8.054776e-05   0.000000e+00  -1.614728e-05  -0.000000e+00  -1.181013e-05   1.125047e-09
   6.448686e-03  -0.000000e+00   1.442451e-02   0.000000e+00  -6.132645e-04   0.000000e+00  -9.946843e-05  -0.000000e+00   2.191204e-04   4.026543e-09
   4.050113e-03  -0.000000e+00   1.537481e-02   0.000000e+00  -7.013256e-05   0.000000e+00   2.185365e-05  -0.000000e+00  -5.445213e-06   1.064913e-09
   1.770281e-03  -0.000000e+00   1.395488e-02   0.000000e+00  -2.664373e-04   0.000000e+00  -3.306514e-06  -0.000000e+00   7.598749e-05   2.071920e-09
   8.302811e-03  -0.000000e+00   1.204429e-02   0.000000e+00  -1.571257e-04   0.000000e+00   5.479932e-05  -0.000000e+00  -4.404183e-05   1.571020e-09
   2.526125e-03  -0.000000e+00   1.242663e-02   0.000000e+00  -2.166751e-05   0.000000e+00   5.539763e-06  -0.000000e+00   8.665253e-06   5.384606e-10
   1.398067e-03  -0.000000e+00   1.057293e-02   0.000000e+00  -5.194159e-04   0.000000e+00  -1.261137e-04  -0.000000e+00   8.541161e-05   4.052534e-09
   5.741466e-03  -0.000000e+00   1.068639e-02   0.000000e+00  -2.645345e-03   0.000000e+00   6.821635e-04  -0.000000e+00   5.148213e-04   1.330055e-08
   1.763547e-02  -0.000000e+00   1.815856e-03   0.000000e+00  -1.670511e-03   0.000000e+00   5.713125e-04  -0.000000e+00  -1.742906e-04   7.794066e-09
   1.736251e-02  -0.000000e+00   4.645222e-03   0.000000e+00  -5.068441e-03   0.000000e+00   1.664285e-03  -0.000000e+00  -8.636192e-04   1.570333e-08
   1.861943e-02  -0.000000e+00   9.378351e-03   0.000000e+00  -1.070984e-03   0.000000e+00   2.298655e-04  -0.000000e+00  -2.773510e-04   5.400171e-09
   1.511508e-02  -0.000000e+00   2.857670e-03   0.000000e+00  -9.382287e-04   0.000000e+00  -2.031141e-04  -0.000000e+00   3.748272e-04   5.140076e-09
   1.539808e-02  -0.000000e+00   9.754643e-04   0.000000e+00  -2.865979e-05   0.000000e+00   4.423056e-06  -0.000000e+00   7.828630e-06   7.041026e-10
   1.277935e-02  -0.000000e+00   1.469754e-03   0.000000e+00  -4.124545e-03   0.000000e+00   2.398837e-04  -0.000000e+00  -1.701492e-03   1.590271e-08
   1.090347e-02  -0.000000e+00   6.253133e-03   0.000000e+00  -3.940404e-04   0.000000e+00   8.600649e-05  -0.000000e+00  -1.245630e-04   3.251933e-09
   1.449486e-02  -0.000000e+00   8.965688e-03   0.000000e+00  -2.900626e-05   0.000000e+00   1.655381e-06  -0.000000e+00  -1.032852e-05   4.971804e-10
   1.044017e-02  -0.000000e+00   3.207718e-03   0.000000e+00  -2.321653e-04   0.000000e+00   9.565293e-05  -0.000000e+00  -5.112433e-05   1.926937e-09
   1.705966e-02  -0.000000e+00   9.276720e-03   0.000000e+00  -1.363571e-05   0.000000e+00   3.179351e-07  -0.000000e+00   6.555034e-06   4.092967e-10
   1.272184e-02  -0.000000e+00   8.248916e-03   0.000000e+00  -2.621853e-04   0.000000e+00  -1.101913e-04  -0.000000e+00  -5.829389e-05   2.943322e-09
   1.222950e-02  -0.000000e+00   6.596799e-03   0.000000e+00  -1.178510e-05   0.000000e+00   8.371855e-07  -0.000000e+00   5.751447e-06   3.050580e-10
   1.023573e-02  -0.000000e+00   1.038876e-02   0.000000e+00  -1.706175e-03   0.000000e+00  -3.642231e-04  -0.000000e+00   2.101332e-04   8.524476e-09
   1.301983e-02  -0.000000e+00   1.630710e-02   0.000000e+00  -4.000946e-05   0.000000e+00   5.505123e-06  -0.000000e+00  -2.261796e-07   7.289960e-10
   1.748306e-02  -0.000000e+00   1.499675e-02   0.000000e+00  -3.211049e-04   0.000000e+00  -1.298933e-05  -0.000000e+00  -1.071340e-04   2.510499e-09
   1.097488e-02  -0.000000e+00   1.514732e-02   0.000000e+00  -2.119222e-03   0.000000e+00  -5.726310e-04  -0.000000e+00   2.902276e-04   8.931694e-09
   1.460197e-02  -0.000000e+00   1.436132e-02   0.000000e+00  -7.017361e-04   0.000000e+00   1.658124e-04  -0.000000e+00  -2.283776e-04   4.506866e-09
   1.586920e-02  -0.000000e+00   1.253229e-02   0.000000e+00  -1.435572e-04   0.000000e+00  -2.215621e-05  -0.000000e+00  -6.617198e-05   1.481024e-09
   1.308502e-02  -0.000000e+00   1.213463e-02   0.000000e+00  -7.318121e-04   0.000000e+00   6.581185e-05  -0.000000e+00   1.413252e-04   5.720108e-09
                                                0.000000e+00  -3.638243e-02   0.000000e+00   2.073053e-03   0.000000e+00  -2.387525e-04   4.422338e-09

              4
             43
          pos_x          pos_y          pos_z       normal_x       normal_y       normal_z        tangt_x        tangt_y        tangt_z          pentr
   1.647605e-03   2.000000e-02   2.475048e-03   0.000000e+00   2.003131e-04   0.000000e+00   4.065170e-05  -0.000000e+00  -6.000039e-06   1.808914e-09
   6.535048e-03   2.000000e-02   6.124092e-03   0.000000e+00   4.562475e-04   0.000000e+00   9.426812e-05  -0.000000e+00  -1.600443e-04   3.384223e-09
   3.888210e-03   2.000000e-02   4.056265e-03   0.000000e+00   2.181638e-03   0.000000e+00   1.004230e-03  -0.000000e+00  -2.388116e-04   8.475474e-09
   7.878791e-03   2.000000e-02   2.668059e-03   0.000000e+00   1.583441e-03   0.000000e+00  -4.285030e-04  -0.000000e+00  -4.072129e-04   7.859601e-09
   9.664225e-03   2.000000e-02   7.010222e-03   0.000000e+00   2.352885e-03   0.000000e+00   6.475475e-04  -0.000000e+00   3.912754e-04   1.034842e-08
   1.718678e-03   2.000000e-02   4.815520e-03   0.000000e+00   2.653441e-05   0.000000e+00  -9.590063e-06  -0.000000e+00   3.467561e-06   5.688702e-10
   1.512419e-03   2.000000e-02   6.977382e-03   0.000000e+00   4.107182e-06   0.000000e+00  -7.394770e-07  -0.000000e+00  -1.463971e-06   1.767955e-10
   4.818053e-03   2.000000e-02   1.240074e-03   0.000000e+00   4.392928e-04   0.000000e+00   1.158289e-04  -0.000000e+00   2.888601e-05   3.122473e-09
   3.651098e-03   2.000000e-02   9.568421e-03   0.000000e+00   6.351874e-03   0.000000e+00   2.281949e-03  -0.000000e+00   4.267960e-04   1.462389e-08
   8.269212e-03   2.000000e-02   9.471092e-03   0.000000e+00   8.290482e-04   0.000000e+00   1.456979e-04  -0.000000e+00  -1.426929e-05   4.575760e-09
   9.657553e-03   2.000000e-02   1.299644e-03   0.000000e+00   2.162478e-04   0.000000e+00   1.968862e-05  -0.000000e+00  -4.617621e-05   2.317252e-09
   7.850003e-03   2.000000e-02   6.593559e-03   0.000000e+00   5.243361e-04   0.000000e+00  -2.932556e-05  -0.000000e+00  -3.340979e-05   4.245287e-09
   7.538728e-04   2.000000e-02   9.396682e-03   0.000000e+00   8.525839e-04   0.000000e+00  -1.762857e-04  -0.000000e+00   6.628691e-05   6.294897e-09
   1.700071e-03   2.000000e-02   1.803378e-02   0.000000e+00   1.832662e-05   0.000000e+00  -6.156968e-07  -0.000000e+00   6.791303e-06   4.514282e-10
   7.780409e-03   2.000000e-02   1.590237e-02   0.000000e+00   2.910814e-04   0.000000e+00   2.710261e-06  -0.000000e+00  -3.225247e-05   3.140484e-09
   5.308973e-03   2.000000e-02   1.524413e-02   0.000000e+00   1.045480e-03   0.000000e+00   2.354827e-04  -0.000000e+00   1.040857e-05   6.586247e-09
   2.280897e-03   2.000000e-02   1.562802e-02   0.000000e+00   8.676854e-04   0.000000e+00   2.240670e-04  -0.000000e+00   3.260288e-05   4.688977e-09
   9.831439e-03   2.000000e-02   1.385929e-02   0.000000e+00   2.943032e-04   0.000000e+00   3.155058e-05  -0.000000e+00  -6.716128e-05   2.166054e-09
   5.357141e-03   2.000000e-02   1.238574e-02   0.000000e+00   3.660951e-05   0.000000e+00  -9.065408e-06  -0.000000e+00   8.243853e-06   5.802210e-10
   1.604213e-03   2.000000e-02   1.137092e-02   0.000000e+00   1.259352e-04   0.000000e+00  -3.575400e-05  -0.000000e+00   3.443956e-05   1.484511e-09
   1.794356e-02   2.000000e-02   5.606311e-03   0.000000e+00   3.759780e-04   0.000000e+00  -6.505530e-05  -0.000000e+00   2.815719e-05   3.227997e-09
   1.939956e-02   2.000000e-02   4.534015e-03   0.000000e+00   8.009636e-04   0.000000e+00   8.765661e-05  -0.000000e+00   6.283290e-05   6.967183e-09
   1.657703e-02   2.000000e-02   8.491271e-03   0.000000e+00   1.148130e-03   0.000000e+00  -3.719968e-04  -0.000000e+00  -1.262273e-05   6.835716e-09
   1.620095e-02   2.000000e-02   3.799025e-03   0.000000e+00   1.501211e-03   0.000000e+00  -3.508298e-04  -0.000000e+00  -1.419962e-04   9.022781e-09
   1.790094e-02   2.000000e-02   1.039853e-02   0.000000e+00   6.646607e-04   0.000000e+00   9.066457e-05  -0.000000e+00  -1.119495e-05   5.448887e-09
   1.775593e-02   2.000000e-02   2.692261e-03   0.000000e+00   3.557387e-03   0.000000e+00   2.988711e-04  -0.000000e+00  -1.453213e-03   1.365116e-08
   1.412030e-02   2.000000e-02   4.115811e-03   0.000000e+00   8.318749e-04   0.000000e+00  -2.728442e-04  -0.000000e+00  -8.052809e-05   5.189904e-09
   1.543239e-02   2.000000e-02   9.592337e-04   0.000000e+00   1.029552e-05   0.000000e+00  -2.487427e-06  -0.000000e+00   1.188556e-06   2.910798e-10
   1.376079e-02   2.000000e-02   1.880983e-03   0.000000e+00   4.816389e-03   0.000000e+00   1.716211e-03  -0.000000e+00   1.054662e-03   1.593699e-08
   1.540903e-02   2.000000e-02   7.189660e-03   0.000000e+00   1.008677e-05   0.000000e+00  -1.817552e-06  -0.000000e+00   2.583802e-06   2.675256e-10
   1.168820e-02   2.000000e-02   2.101239e-03   0.000000e+00   1.157628e-02   0.000000e+00  -1.422078e-03  -0.000000e+00  -4.657515e-04   2.584264e-08
   1.418853e-02   2.000000e-02   5.594733e-03   0.000000e+00   2.900453e-05   0.000000e+00   5.686342e-07  -0.000000e+00   9.145929e-06   6.381485e-10
   1.179758e-02   2.000000e-02   5.311177e-03   0.000000e+00   3.680034e-04   0.000000e+00  -1.075094e-04  -0.000000e+00  -3.302930e-05   2.984699e-09
   1.616469e-02   2.000000e-02   6.053254e-03   0.000000e+00   1.289566e-04   0.000000e+00   1.466643e-05  -0.000000e+00   6.224574e-05   1.977620e-09
   1.404481e-02   2.000000e-02   7.323915e-03   0.000000e+00   4.845403e-05   0.000000e+00   1.447396e-05  -0.000000e+00  -7.643408e-06   1.004933e-09
   1.134424e-02   2.000000e-02   8.926865e-03   0.000000e+00   3.906955e-04   0.000000e+00   8.753188e-05  -0.000000e+00   9.756414e-05   2.909118e-09
   1.456758e-02   2.000000e-02   9.752482e-03   0.000000e+00   1.679903e-04   0.000000e+00   3.755476e-05  -0.000000e+00   5.753322e-05   1.879328e-09
   1.402748e-02   2.000000e-02   1.716031e-02   0.000000e+00   4.821793e-04   0.000000e+00  -1.323324e-04  -0.000000e+00   2.547159e-05   3.496696e-09
   1.140816e-02   2.000000e-02   1.594153e-02   0.000000e+00   6.625806e-05   0.000000e+00  -2.488428e-05  -0.000000e+00  -1.109325e-05   1.147836e-09
   1.763182e-02   2.000000e-02   1.466123e-02   0.000000e+00   2.846862e-04   0.000000e+00  -1.008038e-04  -0.000000e+00  -4.199829e-05   2.585765e-09
   1.255691e-02   2.000000e-02   1.373323e-02   0.000000e+00   4.416945e-04   0.000000e+00  -1.353990e-04  -0.000000e+00   5.450956e-06   3.426836e-09
   1.185804e-02   2.000000e-02   1.123803e-02   0.000000e+00   1.067625e-03   0.000000e+00  -3.339435e-05  -0.000000e+00  -4.835221e-04   5.074241e-09
   1.925359e-02   2.000000e-02   1.131546e-02   0.000000e+00   9.493241e-05   0.000000e+00  -2.888445e-05  -0.000000e+00   1.576447e-05   1.666535e-09
                                                0.000000e+00   4.756171e-02   0.000000e+00   3.451676e-03   0.000000e+00  -1.317596e-03   4.845893e-09

              5
             62
          pos_x          pos_y          pos_z       normal_x       normal_y       normal_z        tangt_x        tangt_y        tangt_z          pentr
   2.176667e-03   1.561531e-03  -0.000000e+00   0.000000e+00   0.000000e+00  -8.413359e-03   2.259070e-04  -1.074531e-03  -0.000000e+00   2.090923e-08
   6.371592e-03   1.429754e-03  -0.000000e+00   0.000000e+00   0.000000e+00  -2.038247e-03   4.554912e-04   3.344233e-04  -0.000000e+00   8.178549e-09
   4.695576e-03   5.495453e-03  -0.000000e+00   0.000000e+00   0.000000e+00  -5.693576e-05   1.204806e-05   2.445503e-05  -0.000000e+00   1.019903e-09
   1.279665e-03   3.459621e-03  -0.000000e+00   0.000000e+00   0.000000e+00  -1.286133e-04   4.952295e-05  -2.465569e-05  -0.000000e+00   1.687526e-09
   6.064867e-03   8.902548e-03  -0.000000e+00   0.000000e+00   0.000000e+00  -2.656217e-04  -4.707419e-05   5.297046e-05  -0.000000e+00   3.006496e-09
   1.188874e-03   9.737834e-03  -0.000000e+00   0.000000e+00   0.000000e+00  -3.399977e-03  -9.183461e-04   7.620370e-04  -0.000000e+00   1.257357e-08
   7.862885e-04   5.629018e-03  -0.000000e+00   0.000000e+00   0.000000e+00  -6.218733e-05  -1.105255e-05   8.450890e-06  -0.000000e+00   9.011241e-10
   2.646378e-03   4.989886e-03  -0.000000e+00   0.000000e+00   0.000000e+00  -1.350649e-04   9.484095e-06   5.229606e-05  -0.000000e+00   1.577963e-09
   2.345021e-03   6.803889e-03  -0.000000e+00   0.000000e+00   0.000000e+00  -1.566203e-04   6.270689e-06   5.230896e-06  -0.000000e+00   1.663973e-09
   3.926050e-03   9.290786e-03  -0.000000e+00   0.000000e+00   0.000000e+00  -6.069913e-04  -2.277644e-04   1.320507e-04  -0.000000e+00   3.496721e-09
   4.292142e-03   1.327909e-03  -0.000000e+00   0.000000e+00   0.000000e+00  -5.342526e-04  -3.022509e-05  -1.319931e-04  -0.000000e+00   3.784691e-09
   3.367302e-03   3.054522e-03  -0.000000e+00   0.000000e+00   0.000000e+00  -2.576274e-05   4.850682e-06  -4.992370e-06  -0.000000e+00   6.255840e-10
   4.410881e-03   6.638505e-03  -0.000000e+00   0.000000e+00   0.000000e+00  -5.237807e-05   9.113934e-08   5.600167e-07  -0.000000e+00   1.004004e-09
   5.115109e-03   3.556048e-03  -0.000000e+00   0.000000e+00   0.000000e+00  -4.428376e-03  -4.330041e-04   6.095715e-04  -0.000000e+00   1.617740e-08
   6.293255e-03   6.672170e-03  -0.000000e+00   0.000000e+00   0.000000e+00  -4.570316e-04  -7.183563e-05  -4.404477e-05  -0.000000e+00   3.631361e-09
   8.492820e-03   5.217157e-03  -0.000000e+00   0.000000e+00   0.000000e+00  -6.452204e-03  -3.042451e-04  -2.730032e-03  -0.000000e+00   1.885064e-08
   8.315126e-03   8.071724e-03  -0.000000e+00   0.000000e+00   0.000000e+00  -6.838719e-03  -1.092497e-03  -2.710270e-03  -0.000000e+00   1.844403e-08
   9.430721e-03   2.211645e-03  -0.000000e+00   0.000000e+00   0.000000e+00  -4.918058e-03  -6.986944e-04  -5.124025e-04  -0.000000e+00   1.325404e-08
   1.044022e-03   1.843453e-02  -0.000000e+00   0.000000e+00   0.000000e+00  -1.138165e-03  -2.065002e-04   2.999508e-04  -0.000000e+00   5.712417e-09
   4.013516e-03   1.872976e-02  -0.000000e+00   0.000000e+00   0.000000e+00  -6.490446e-04   4.653100e-05  -8.599525e-05  -0.000000e+00   4.102020e-09
   2.346650e-03   1.685582e-02  -0.000000e+00   0.000000e+00   0.000000e+00  -2.384674e-04   4.271970e-05  -1.630775e-05  -0.000000e+00   2.535714e-09
   6.292790e-03   1.816644e-02  -0.000000e+00   0.000000e+00   0.000000e+00  -1.917611e-04  -5.258164e-05   6.488824e-05  -0.000000e+00   1.915999e-09
   1.049197e-03   1.582910e-02  -0.000000e+00   0.000000e+00   0.000000e+00  -5.023332e-05   1.136778e-05   3.781708e-06  -0.000000e+00   9.759641e-10
   6.798655e-03   1.511684e-02  -0.000000e+00   0.000000e+00   0.000000e+00  -3.340823e-03  -1.089412e-03  -7.792574e-04  -0.000000e+00   1.286099e-08
   3.259099e-03   1.271949e-02  -0.000000e+00   0.000000e+00   0.000000e+00  -6.939238e-05  -3.355025e-06  -1.711238e-05  -0.000000e+00   9.710500e-10
   5.015953e-03   1.618391e-02  -0.000000e+00   0.000000e+00   0.000000e+00  -6.946638e-04   1.176015e-04  -1.536796e-04  -0.000000e+00   3.939765e-09
   2.472579e-03   1.445448e-02  -0.000000e+00   0.000000e+00   0.000000e+00  -6.318435e-03   9.522830e-04   6.835998e-04  -0.000000e+00   1.936155e-08
   9.657489e-03   1.897414e-02  -0.000000e+00   0.000000e+00   0.000000e+00  -5.526310e-04   1.339080e-04  -1.969265e-05  -0.000000e+00   5.102727e-09
   4.920510e-03   1.166987e-02  -0.000000e+00   0.000000e+00   0.000000e+00  -3.696131e-03   5.713908e-05  -1.200178e-03  -0.000000e+00   1.642593e-08
   8.821344e-03   1.375376e-02  -0.000000e+00   0.000000e+00   0.000000e+00  -2.245459e-03   1.360350e-04  -5.414073e-06  -0.000000e+00   8.833341e-09
   1.014297e-03   1.251444e-02  -0.000000e+00   0.000000e+00   0.000000e+00  -9.572644e-05   6.149399e-06   1.757575e-05  -0.000000e+00   1.200859e-09
   7.200022e-03   1.097916e-02  -0.000000e+00   0.000000e+00   0.000000e+00  -1.087868e-03  -1.711023e-04   3.477634e-05  -0.000000e+00   5.405181e-09
   9.882940e-03   1.596254e-02  -0.000000e+00   0.000000e+00   0.000000e+00  -8.682815e-05   2.326613e-06   2.310843e-06  -0.000000e+00   1.123567e-09
   1.798868e-02   5.656444e-03  -0.000000e+00   0.000000e+00   0.000000e+00  -1.980098e-03   2.841274e-05  -3.959017e-04  -0.000000e+00   8.750727e-09
   1.608445e-02   8.098421e-03  -0.000000e+00   0.000000e+00   0.000000e+00  -3.482350e-03   1.161046e-03   7.776578e-04  -0.000000e+00   1.342659e-08
   1.704384e-02   1.926180e-03  -0.000000e+00   0.000000e+00   0.000000e+00  -5.368562e-03   4.025693e-04  -3.331943e-04  -0.000000e+00   1.680492e-08
   1.252287e-02   4.978215e-03  -0.000000e+00   0.000000e+00   0.000000e+00  -1.465314e-03  -1.555699e-05   2.750276e-04  -0.000000e+00   8.449548e-09
   1.543875e-02   4.871934e-03  -0.000000e+00   0.000000e+00   0.000000e+00  -1.397773e-03  -1.821326e-04  -4.260593e-04  -0.000000e+00   8.262496e-09
   1.833727e-02   3.756971e-03  -0.000000e+00   0.000000e+00   0.000000e+00  -2.473437e-03  -2.373371e-04   2.569932e-04  -0.000000e+00   1.047348e-08
   1.520518e-02   1.249890e-03  -0.000000e+00   0.000000e+00   0.000000e+00  -6.004441e-05  -4.419286e-06   2.866037e-05  -0.000000e+00   9.724404e-10
   1.429692e-02   3.059595e-03  -0.000000e+00   0.000000e+00   0.000000e+00  -1.763354e-04  -1.094189e-05  -2.080925e-05  -0.000000e+00   2.198707e-09
   1.247793e-02   1.712636e-03  -0.000000e+00   0.000000e+00   0.000000e+00  -3.177291e-03   9.164392e-04   2.100380e-04  -0.000000e+00   1.240060e-08
   1.348308e-02   9.140882e-03  -0.000000e+00   0.000000e+00   0.000000e+00  -3.889864e-03  -1.412149e-04   9.444395e-05  -0.000000e+00   1.474769e-08
   1.432920e-02   6.939349e-03  -0.000000e+00   0.000000e+00   0.000000e+00  -2.484686e-04   9.527637e-05   1.042966e-06  -0.000000e+00   2.284889e-09
   1.891589e-02   9.329540e-03  -0.000000e+00   0.000000e+00   0.000000e+00  -3.688120e-03   1.602842e-03  -5.713937e-04  -0.000000e+00   1.213373e-08
   1.092328e-02   6.503684e-03  -0.000000e+00   0.000000e+00   0.000000e+00  -3.529174e-04   1.563099e-05  -1.933785e-05  -0.000000e+00   2.544618e-09
   1.127592e-02   8.324320e-03  -0.000000e+00   0.000000e+00   0.000000e+00  -7.772445e-05  -1.728486e-06  -1.654638e-05  -0.000000e+00   1.261438e-09
   1.820332e-02   1.720650e-02  -0.000000e+00   0.000000e+00   0.000000e+00  -6.470061e-03   4.116070e-04  -6.875074e-04  -0.000000e+00   2.493883e-08
   1.880909e-02   1.869602e-02  -0.000000e+00   0.000000e+00   0.000000e+00  -4.737709e-05  -1.033027e-05  -3.257230e-06  -0.000000e+00   9.335148e-10
   1.681417e-02   1.499848e-02  -0.000000e+00   0.000000e+00   0.000000e+00  -5.208215e-03  -8.885859e-05  -1.110470e-03  -0.000000e+00   1.675192e-08
   1.490433e-02   1.690794e-02  -0.000000e+00   0.000000e+00   0.000000e+00  -1.796192e-03   4.661584e-04  -1.369748e-05  -0.000000e+00   8.367547e-09
   1.907743e-02   1.450987e-02  -0.000000e+00   0.000000e+00   0.000000e+00  -5.052129e-05  -8.018421e-06  -3.525120e-06  -0.000000e+00   8.713793e-10
   1.575897e-02   1.918736e-02  -0.000000e+00   0.000000e+00   0.000000e+00  -5.673699e-05   6.615503e-06  -8.954262e-06  -0.000000e+00   1.045630e-09
   1.395596e-02   1.859686e-02  -0.000000e+00   0.000000e+00   0.000000e+00  -3.774242e-03  -1.699648e-04  -8.346597e-04  -0.000000e+00   1.653640e-08
   1.781076e-02   1.287566e-02  -0.000000e+00   0.000000e+00   0.000000e+00  -5.464697e-05   1.030757e-05   2.210556e-06  -0.000000e+00   1.010869e-09
   1.895968e-02   1.205290e-02  -0.000000e+00   0.000000e+00   0.000000e+00  -5.088136e-05  -4.755221e-06  -2.080530e-06  -0.000000e+00   7.895128e-10
   1.167226e-02   1.674333e-02  -0.000000e+00   0.000000e+00   0.000000e+00  -4.830889e-03  -1.239623e-04  -9.776718e-04  -0.000000e+00   1.604370e-08
   1.602096e-02   1.149442e-02  -0.000000e+00   0.000000e+00   0.000000e+00  -6.020466e-04  -6.646909e-05  -9.111813e-05  -0.000000e+00   4.076338e-09
   1.393963e-02   1.271693e-02  -0.000000e+00   0.000000e+00   0.000000e+00  -4.707465e-04  -1.061208e-04   1.123403e-04  -0.000000e+00   3.578610e-09
   1.143509e-02   1.426505e-02  -0.000000e+00   0.000000e+00   0.000000e+00  -3.600403e-03   7.885862e-04  -6.230901e-04  -0.000000e+00   1.508129e-08
   1.486979e-02   1.441518e-02  -0.000000e+00   0.000000e+00   0.000000e+00  -7.405598e-05   2.682153e-05   1.776007e-05  -0.000000e+00   1.012732e-09
   1.122276e-02   1.090281e-02  -0.000000e+00   0.000000e+00   0.000000e+00  -2.128575e-03   5.034303e-04  -4.036022e-04  -0.000000e+00   7.292669e-09
                                                0.000000e+00   0.000000e+00  -1.164799e-01   2.175970e-03  -1.118833e-02   0.000000e+00   7.327366e-09

