VARIABLES=
 x y z nomin_den nomin_voidr fabric_xx fabric_yy fabric_zz fabric_xy fabric_xz fabric_yz sigma_xx sigma_yy sigma_zz sigma_xy sigma_xz sigma_yz sigmaDot_xx sigmaDot_yy sigmaDot_zz sigmaDot_xy sigmaDot_xz sigmaDot_yz Oldro_xx Oldro_xy Oldro_xz Oldro_yx Oldro_yy Oldro_yz Oldro_zx Oldro_zy Oldro_zz Trues_xx Trues_xy Trues_xz Trues_yx Trues_yy Trues_yz Trues_zx Trues_zy Trues_zz F_xX F_xY F_xZ F_yX F_yY F_yZ F_zX F_zY F_zZ R_xX R_xY R_xZ R_yX R_yY R_yZ R_zX R_zY R_zZ U_xX U_yY U_zZ U_xY U_xZ U_yZ Green_xx Green_yy Green_zz Green_xy Green_xz Green_yz Green_vol Green_shr Euler_xx Euler_yy Euler_zz Euler_xy Euler_xz Euler_yz Euler_vol Euler_shr l_xx l_xy l_xz l_yx l_yy l_yz l_zx l_zy l_zz d_xx d_yy d_zz d_xy d_xz d_yz w_xy w_xz w_yz norm_sigma norm_sigmaDot norm_Oldro norm_Trues norm_F norm_U norm_l norm_d norm_w p q sigma_1 sigma_2 sigma_3 sigma_1_v1 sigma_1_v2 sigma_1_v3 sigma_2_v1 sigma_2_v2 sigma_2_v3 sigma_3_v1 sigma_3_v2 sigma_3_v3 sigmaDot_1 sigmaDot_2 sigmaDot_3 sigmaDot_1_v1 sigmaDot_1_v2 sigmaDot_1_v3 sigmaDot_2_v1 sigmaDot_2_v2 sigmaDot_2_v3 sigmaDot_3_v1 sigmaDot_3_v2 sigmaDot_3_v3 d_1 d_2 d_3 d_1_v1 d_1_v2 d_1_v3 d_2_v1 d_2_v2 d_2_v3 d_3_v1 d_3_v2 d_3_v3
ZONE T="stress" N=27, E=8, DATAPACKING=BLOCK, VARLOCATION=([4,5,6,7,8,9,10,11,12,13,14,15,16,17,18,19,20,21,22,23,24,25,26,27,28,29,30,31,32,33,34,35,36,37,38,39,40,41,42,43,44,45,46,47,48,49,50,51,52,53,54,55,56,57,58,59,60,61,62,63,64,65,66,67,68,69,70,71,72,73,74,75,76,77,78,79,80,81,82,83,84,85,86,87,88,89,90,91,92,93,94,95,96,97,98,99,100,101,102,103,104,105,106,107,108,109,110,111,112,113,114,115,116,117,118,119,120,121,122,123,124,125,126,127,128,129,130,131,132,133,134,135,136,137,138,139,140,141,142,143,144,145,146]=CELLCENTERED), ZONETYPE=FEBRICK, STRANDID=4, SOLUTIONTIME=2
   0.000000e+00   0.000000e+00   0.000000e+00   0.000000e+00   0.000000e+00   0.000000e+00   0.000000e+00   0.000000e+00   0.000000e+00   1.000000e-02   1.000000e-02   1.000000e-02   1.000000e-02   1.000000e-02   1.000000e-02   1.000000e-02   1.000000e-02   1.000000e-02   2.000000e-02   2.000000e-02   2.000000e-02   2.000000e-02   2.000000e-02   2.000000e-02   2.000000e-02   2.000000e-02   2.000000e-02
   0.000000e+00   0.000000e+00   0.000000e+00   1.000000e-02   1.000000e-02   1.000000e-02   2.000000e-02   2.000000e-02   2.000000e-02   0.000000e+00   0.000000e+00   0.000000e+00   1.000000e-02   1.000000e-02   1.000000e-02   2.000000e-02   2.000000e-02   2.000000e-02   0.000000e+00   0.000000e+00   0.000000e+00   1.000000e-02   1.000000e-02   1.000000e-02   2.000000e-02   2.000000e-02   2.000000e-02
   0.000000e+00   2.847992e-01   5.695983e-01   0.000000e+00   2.847992e-01   5.695983e-01   0.000000e+00   2.847992e-01   5.695983e-01   0.000000e+00   2.847992e-01   5.695983e-01   0.000000e+00   2.847992e-01   5.695983e-01   0.000000e+00   2.847992e-01   5.695983e-01   0.000000e+00   2.847992e-01   5.695983e-01   0.000000e+00   2.847992e-01   5.695983e-01   0.000000e+00   2.847992e-01   5.695983e-01
   1.245443e+02   9.146146e+01   4.460420e+01   2.471081e+01   3.944368e+01   1.727422e+01   4.978811e+01   1.409379e+01
   2.027757e+01   2.797395e+01   5.841144e+01   1.062405e+02   6.618441e+01   1.524078e+02   5.222556e+01   1.870261e+02
   3.107042e-01   0.000000e+00   2.998647e-01   0.000000e+00   3.366710e-01   0.000000e+00   3.487496e-01   0.000000e+00
   2.097269e-01   0.000000e+00   2.761131e-01   0.000000e+00   1.793088e-01   0.000000e+00   3.147026e-01   0.000000e+00
   4.795689e-01   0.000000e+00   4.240222e-01   0.000000e+00   4.840202e-01   0.000000e+00   3.365478e-01   0.000000e+00
  -9.457566e-03   0.000000e+00   1.155676e-01   0.000000e+00   1.891733e-02   0.000000e+00   2.775459e-02   0.000000e+00
   2.451980e-02   0.000000e+00  -5.288659e-02   0.000000e+00   4.692536e-02   0.000000e+00   4.243202e-02   0.000000e+00
  -8.607041e-03   0.000000e+00  -5.168532e-03   0.000000e+00   4.764553e-02   0.000000e+00   3.296600e-02   0.000000e+00
   1.177953e+01   0.000000e+00  -2.300240e-02   0.000000e+00  -3.900928e+01   0.000000e+00   6.851358e-01   0.000000e+00
   6.386016e+00   0.000000e+00   3.003796e+00   0.000000e+00  -1.114639e+01   0.000000e+00   7.884653e+00   0.000000e+00
   1.529911e+01   0.000000e+00   2.344161e+00   0.000000e+00  -1.122883e+01   0.000000e+00   2.415459e+00   0.000000e+00
  -2.128284e+01   0.000000e+00  -5.791328e-01   0.000000e+00   7.129152e+00   0.000000e+00  -1.667947e+00   0.000000e+00
  -3.426421e-01   0.000000e+00   5.247334e-01   0.000000e+00  -3.413278e+00   0.000000e+00  -4.063041e+00   0.000000e+00
  -1.474853e+01   0.000000e+00  -2.129679e-01   0.000000e+00  -7.386694e+00   0.000000e+00  -2.049256e+00   0.000000e+00
   8.519170e+05   0.000000e+00  -4.539360e+03   0.000000e+00   1.259729e+07   0.000000e+00   1.227242e+05   0.000000e+00
  -5.720110e+06   0.000000e+00   1.722993e+04   0.000000e+00   1.358320e+06   0.000000e+00   6.038559e+04   0.000000e+00
   2.521834e+06   0.000000e+00  -8.734752e+02   0.000000e+00   8.978120e+05   0.000000e+00   4.336318e+04   0.000000e+00
  -2.869225e+07   0.000000e+00   4.469457e+04   0.000000e+00  -2.394663e+06   0.000000e+00   7.245209e+04   0.000000e+00
   5.638032e+05   0.000000e+00   3.198268e+04   0.000000e+00  -4.017158e+05   0.000000e+00   1.779053e+03   0.000000e+00
  -2.257809e+07   0.000000e+00  -2.331684e+04   0.000000e+00   8.888964e+05   0.000000e+00   6.124434e+04   0.000000e+00
   8.516033e+05   0.000000e+00  -4.538841e+03   0.000000e+00   1.259981e+07   0.000000e+00   1.227052e+05   0.000000e+00
  -3.201495e+05   0.000000e+00   8.600039e+03   0.000000e+00   7.819097e+04   0.000000e+00   4.753725e+04   0.000000e+00
   3.940218e+06   0.000000e+00   6.967625e+03   0.000000e+00   8.602442e+04   0.000000e+00  -1.161413e+04   0.000000e+00
  -5.706320e+07   0.000000e+00   8.080515e+04   0.000000e+00  -4.866108e+06   0.000000e+00   9.744174e+04   0.000000e+00
  -5.721065e+06   0.000000e+00   1.735628e+04   0.000000e+00   1.357780e+06   0.000000e+00   6.036057e+04   0.000000e+00
  -1.146508e+07   0.000000e+00   2.305450e+03   0.000000e+00  -9.376560e+05   0.000000e+00   4.777623e+04   0.000000e+00
  -2.812688e+06   0.000000e+00   5.697279e+04   0.000000e+00  -8.907201e+05   0.000000e+00   1.507722e+04   0.000000e+00
  -3.369058e+07   0.000000e+00  -4.899333e+04   0.000000e+00   2.715811e+06   0.000000e+00   7.462272e+04   0.000000e+00
   2.522411e+06   0.000000e+00  -8.262409e+02   0.000000e+00   8.976744e+05   0.000000e+00   4.330138e+04   0.000000e+00
   8.516734e+05   0.000000e+00  -4.538952e+03   0.000000e+00   1.259930e+07   0.000000e+00   1.226980e+05   0.000000e+00
  -3.201759e+05   0.000000e+00   8.596400e+03   0.000000e+00   7.821374e+04   0.000000e+00   4.755173e+04   0.000000e+00
   3.940226e+06   0.000000e+00   6.969830e+03   0.000000e+00   8.596820e+04   0.000000e+00  -1.158482e+04   0.000000e+00
  -5.706342e+07   0.000000e+00   8.080319e+04   0.000000e+00  -4.865944e+06   0.000000e+00   9.746236e+04   0.000000e+00
  -5.721027e+06   0.000000e+00   1.737080e+04   0.000000e+00   1.357634e+06   0.000000e+00   6.027759e+04   0.000000e+00
  -1.146513e+07   0.000000e+00   2.304157e+03   0.000000e+00  -9.376894e+05   0.000000e+00   4.779579e+04   0.000000e+00
  -2.812700e+06   0.000000e+00   5.697565e+04   0.000000e+00  -8.907533e+05   0.000000e+00   1.513344e+04   0.000000e+00
  -3.369071e+07   0.000000e+00  -4.899409e+04   0.000000e+00   2.715651e+06   0.000000e+00   7.464630e+04   0.000000e+00
   2.522502e+06   0.000000e+00  -8.149105e+02   0.000000e+00   8.975272e+05   0.000000e+00   4.327596e+04   0.000000e+00
   2.879084e+01   1.000000e+00   2.126153e+02   0.000000e+00   2.680346e+02   0.000000e+00   2.280621e+02   0.000000e+00
  -5.029160e+00   8.344547e-18  -1.354567e+02   0.000000e+00   1.321753e+02   0.000000e+00  -2.354275e+02   0.000000e+00
  -1.322168e-03  -1.080303e-18  -8.959941e-03   0.000000e+00  -3.050842e-02   0.000000e+00  -2.502963e-02   0.000000e+00
  -2.164802e+00  -5.073447e-19   8.258816e+01   0.000000e+00  -3.171491e+02   0.000000e+00   3.208041e+02   0.000000e+00
  -3.801670e+01   1.000000e+00  -6.424686e+01   0.000000e+00  -9.648950e+01   0.000000e+00  -2.232631e+02   0.000000e+00
   3.204708e-03  -1.434447e-18  -3.159328e-02   0.000000e+00   1.068803e-02   0.000000e+00  -2.722118e-02   0.000000e+00
  -1.474481e+03  -2.107524e-01  -1.163019e+02   0.000000e+00   6.276422e+03   0.000000e+00   7.507143e+03   0.000000e+00
  -1.104260e+02   4.579857e-02  -4.357840e+02   0.000000e+00   3.048965e+03   0.000000e+00  -9.588112e+03   0.000000e+00
   9.383719e-01   1.437521e+00   6.350920e-01   0.000000e+00   5.001599e-01   0.000000e+00   6.675655e-01   0.000000e+00
   3.364704e-02   9.962840e-01   8.648850e-01   0.000000e+00   2.245578e-02   0.000000e+00   2.414001e-01   0.000000e+00
  -1.844020e-01   8.075268e-04  -3.373790e-01   0.000000e+00   5.178321e-02   0.000000e+00   1.551035e-01   0.000000e+00
   9.822748e-01   8.612533e-02   3.716845e-01   0.000000e+00  -9.984058e-01   0.000000e+00  -9.579504e-01   0.000000e+00
   6.987917e-02   8.075268e-04   3.373110e-01   0.000000e+00  -4.780411e-01   0.000000e+00   7.726742e-01   0.000000e+00
  -9.799919e-01   9.998245e-01  -1.577424e-01   0.000000e+00   8.776491e-01   0.000000e+00   5.665063e-01   0.000000e+00
  -1.863671e-01  -1.871588e-02  -9.280833e-01   0.000000e+00   3.476812e-02   0.000000e+00   2.864352e-01   0.000000e+00
  -9.969879e-01  -8.612533e-02  -3.717462e-01   0.000000e+00   8.780504e-01   0.000000e+00   5.871121e-01   0.000000e+00
  -7.491125e-02   1.871588e-02  -9.280586e-01   0.000000e+00   4.764983e-01   0.000000e+00  -8.093290e-01   0.000000e+00
   2.008797e-02   9.961085e-01   2.262742e-02   0.000000e+00   4.446280e-02   0.000000e+00   1.691021e-02   0.000000e+00
   1.470857e+03   1.014435e+00   2.549805e+02   0.000000e+00   5.668644e+03   0.000000e+00   4.710465e+03   0.000000e+00
   4.645559e+01   1.000682e+00   4.602678e+02   0.000000e+00   1.374987e+03   0.000000e+00   7.596942e+03   0.000000e+00
   1.695400e-02   1.431927e+00   4.036142e-02   0.000000e+00   5.306990e-02   0.000000e+00   2.746871e-02   0.000000e+00
   1.072676e+02  -3.136890e-03   2.317541e+01   0.000000e+00   2.726239e+03   0.000000e+00  -5.858638e+03   0.000000e+00
  -9.353659e-01  -1.238070e-01  -2.544991e-01   0.000000e+00   4.333712e-01   0.000000e+00   3.648605e-01   0.000000e+00
  -7.319139e-02   2.690446e-02  -5.813961e-01   0.000000e+00   2.461259e-01   0.000000e+00  -5.595833e-01   0.000000e+00
   1.087463e+06   2.220830e-02   3.277560e+04  -5.000000e-01   1.978295e+07  -5.000000e-01   2.825606e+07  -5.000000e-01
   6.831735e+03   1.048754e-03   1.061915e+05  -5.000000e-01   4.661483e+06  -5.000000e-01   4.601858e+07  -5.000000e-01
  -5.972311e-02   5.332331e-01  -2.977899e-01  -5.000000e-01  -3.743975e-01  -5.000000e-01  -2.764944e-01  -5.000000e-01
   8.137929e+04  -4.826080e-03   8.288160e+03   0.000000e+00   9.601310e+06   0.000000e+00  -3.605232e+07   0.000000e+00
  -6.918282e+02  -1.514805e-01  -3.918834e+01   0.000000e+00   1.563824e+03   0.000000e+00   2.498534e+03   0.000000e+00
  -5.186793e+01   3.291820e-02  -1.367597e+02   0.000000e+00   7.599531e+02   0.000000e+00  -3.194361e+03   0.000000e+00
   3.647650e+05   1.854967e-01   4.632225e+04  -5.000000e-01   8.148145e+06  -5.000000e-01   2.475821e+07  -5.000000e-01
   7.287930e+05   3.913321e-01   6.351398e+04   0.000000e+00   1.629495e+07   0.000000e+00   4.950924e+07   0.000000e+00
  -1.802290e+03  -1.074699e-02  -4.402065e+01   0.000000e+00  -1.768445e+02   0.000000e+00  -6.102906e+02   0.000000e+00
  -6.445409e+01  -5.075110e-04  -2.764833e+02   0.000000e+00   2.923406e-01   0.000000e+00  -5.429997e+01   0.000000e+00
  -2.071059e-01   2.580410e-01   3.558916e-01   0.000000e+00   1.498651e-01   0.000000e+00   3.112448e-01   0.000000e+00
   3.421958e+02   2.335426e-03   1.110472e+02   0.000000e+00   6.065821e+00   0.000000e+00   1.829516e+02   0.000000e+00
  -3.570383e+01  -5.099344e-02  -2.532918e+00   0.000000e+00   7.880001e+00   0.000000e+00   1.073731e+01   0.000000e+00
   6.777107e+00   1.108137e-02   6.317823e+00   0.000000e+00  -2.695332e-01   0.000000e+00  -3.216172e+00   0.000000e+00
  -6.223171e+02   8.226218e-02  -1.067160e+02   0.000000e+00  -5.880075e+01   0.000000e+00  -2.214264e+02   0.000000e+00
   1.245634e+03   1.859335e-01   2.144320e+02   0.000000e+00   1.186013e+02   0.000000e+00   4.438528e+02   0.000000e+00
  -4.983500e+00   0.000000e+00   3.167533e+01   0.000000e+00   2.975147e+01   0.000000e+00  -4.351327e-02   0.000000e+00
  -1.012918e+01   0.000000e+00   7.234286e-02   0.000000e+00  -1.386260e+01   0.000000e+00  -4.213864e+00   0.000000e+00
   8.633693e-02   0.000000e+00   9.740342e-01   0.000000e+00  -3.756522e-01   0.000000e+00  -6.244496e-01   0.000000e+00
  -1.643894e+01   0.000000e+00   1.401645e+01   0.000000e+00   2.600353e+01   0.000000e+00  -1.575796e+01   0.000000e+00
   2.005019e+01   0.000000e+00  -1.832717e+01   0.000000e+00  -8.063390e+00   0.000000e+00  -1.882507e+00   0.000000e+00
   7.258995e-03   0.000000e+00   3.651901e-02   0.000000e+00   7.209711e-01   0.000000e+00  -5.240291e-01   0.000000e+00
   7.974655e+00  -2.928145e+00  -5.517143e+00   0.000000e+00  -1.349929e+01   0.000000e+00  -9.214977e+00   0.000000e+00
   9.926274e+00   6.175693e-01   3.579030e+00   0.000000e+00   9.973993e+00   0.000000e+00  -6.943178e+00   0.000000e+00
  -9.112142e+00   5.838488e+00  -8.514734e+00   0.000000e+00  -8.584165e+00   0.000000e+00  -8.598221e+00   0.000000e+00
  -4.983500e+00   0.000000e+00   3.167533e+01   0.000000e+00   2.975147e+01   0.000000e+00  -4.351327e-02   0.000000e+00
   2.005019e+01   0.000000e+00  -1.832717e+01   0.000000e+00  -8.063390e+00   0.000000e+00  -1.882507e+00   0.000000e+00
  -9.112142e+00   5.838488e+00  -8.514734e+00   0.000000e+00  -8.584165e+00   0.000000e+00  -8.598221e+00   0.000000e+00
  -1.328406e+01   0.000000e+00   7.044397e+00   0.000000e+00   6.070464e+00   0.000000e+00  -9.985914e+00   0.000000e+00
   4.030496e+00  -1.464072e+00  -2.271555e+00   0.000000e+00  -6.937473e+00   0.000000e+00  -4.919713e+00   0.000000e+00
   4.966766e+00   3.087847e-01   1.807775e+00   0.000000e+00   5.347482e+00   0.000000e+00  -3.733604e+00   0.000000e+00
   3.154879e+00   0.000000e+00  -6.972054e+00   0.000000e+00  -1.993306e+01   0.000000e+00   5.772050e+00   0.000000e+00
  -3.944159e+00   1.464072e+00   3.245589e+00   0.000000e+00   6.561821e+00   0.000000e+00   4.295264e+00   0.000000e+00
  -4.959507e+00  -3.087847e-01  -1.771256e+00   0.000000e+00  -4.626511e+00   0.000000e+00   3.209574e+00   0.000000e+00
   4.904468e+01   0.000000e+00   3.988285e+00   0.000000e+00   4.596352e+01   0.000000e+00   1.090697e+01   0.000000e+00
   6.772128e+07   0.000000e+00   1.123384e+05   0.000000e+00   1.393157e+07   0.000000e+00   2.013912e+05   0.000000e+00
   6.772052e+07   0.000000e+00   1.123658e+05   0.000000e+00   1.393360e+07   0.000000e+00   2.013529e+05   0.000000e+00
   6.772078e+07   0.000000e+00   1.123681e+05   0.000000e+00   1.393303e+07   0.000000e+00   2.013475e+05   0.000000e+00
   1.479389e+03   2.028048e+00   5.271968e+02   0.000000e+00   6.992058e+03   0.000000e+00   1.218808e+04   0.000000e+00
   1.479389e+03   2.028048e+00   5.271968e+02   0.000000e+00   6.992058e+03   0.000000e+00   1.218808e+04   0.000000e+00
   3.232413e+01   6.560745e+00   4.064944e+01   0.000000e+00   4.663243e+01   0.000000e+00   2.184796e+01   0.000000e+00
   3.073494e+01   6.210125e+00   3.908728e+01   0.000000e+00   3.536956e+01   0.000000e+00   1.879359e+01   0.000000e+00
   1.001063e+01   2.116061e+00   1.116071e+01   0.000000e+00   3.039043e+01   0.000000e+00   1.114156e+01   0.000000e+00
   1.115488e+01   0.000000e+00   1.774985e+00   0.000000e+00  -2.046150e+01   0.000000e+00   3.661749e+00   0.000000e+00
   7.585037e+01   0.000000e+00   3.037145e+00   0.000000e+00   4.137747e+01   0.000000e+00   1.243107e+01   0.000000e+00
  -3.494173e+01   0.000000e+00  -2.036400e-01   0.000000e+00  -4.394960e+01   0.000000e+00  -4.558153e+00   0.000000e+00
   1.620080e+01   0.000000e+00   2.392097e+00   0.000000e+00  -2.124463e+01   0.000000e+00   6.857688e+00   0.000000e+00
   5.220558e+01   0.000000e+00   3.136498e+00   0.000000e+00   3.809731e+00   0.000000e+00   8.685713e+00   0.000000e+00
  -6.059347e-01   0.000000e+00   9.693538e-01   0.000000e+00  -9.230320e-01   0.000000e+00  -7.353451e-01   0.000000e+00
  -7.250760e-01   0.000000e+00   1.116954e-01   0.000000e+00   3.783373e-01   0.000000e+00  -2.305431e-01   0.000000e+00
  -3.272735e-01   0.000000e+00  -2.188091e-01   0.000000e+00   6.980524e-02   0.000000e+00  -6.372734e-01   0.000000e+00
  -4.838560e-01   0.000000e+00  -1.677628e-01   0.000000e+00  -2.914797e-01   0.000000e+00  -6.775460e-01   0.000000e+00
   9.363076e-03   0.000000e+00  -3.496951e-01   0.000000e+00  -5.692899e-01   0.000000e+00   2.305278e-01   0.000000e+00
   8.750975e-01   0.000000e+00  -9.217207e-01   0.000000e+00  -7.687318e-01   0.000000e+00   6.984185e-01   0.000000e+00
  -6.314479e-01   0.000000e+00  -1.794684e-01   0.000000e+00  -2.511005e-01   0.000000e+00   1.410627e-02   0.000000e+00
   6.886052e-01   0.000000e+00   9.301814e-01   0.000000e+00  -7.299109e-01   0.000000e+00  -9.453607e-01   0.000000e+00
  -3.565058e-01   0.000000e+00  -3.202399e-01   0.000000e+00   6.357504e-01   0.000000e+00   3.257211e-01   0.000000e+00
  -6.975854e+07   0.000000e+00  -1.218464e+05   0.000000e+00  -2.183086e+06   0.000000e+00  -4.559748e+04   0.000000e+00
   4.552077e+06   0.000000e+00   4.578124e+04   0.000000e+00   2.387986e+06   0.000000e+00   5.829201e+04   0.000000e+00
   6.286010e+07   0.000000e+00   8.788227e+04   0.000000e+00   1.464852e+07   0.000000e+00   2.137785e+05   0.000000e+00
  -5.954047e-01   0.000000e+00  -6.405952e-01   0.000000e+00  -2.143528e-01   0.000000e+00  -3.779978e-01   0.000000e+00
  -7.190848e-01   0.000000e+00   5.579233e-01   0.000000e+00  -7.626048e-01   0.000000e+00   7.397233e-01   0.000000e+00
  -3.583437e-01   0.000000e+00   5.275978e-01   0.000000e+00   6.103169e-01   0.000000e+00  -5.567110e-01   0.000000e+00
  -5.071007e-01   0.000000e+00  -3.885766e-01   0.000000e+00  -3.228405e-01   0.000000e+00  -5.892864e-01   0.000000e+00
  -9.598884e-03   0.000000e+00   3.570861e-01   0.000000e+00  -5.344080e-01   0.000000e+00   2.715423e-01   0.000000e+00
   8.618334e-01   0.000000e+00  -8.494102e-01   0.000000e+00  -7.811415e-01   0.000000e+00   7.609247e-01   0.000000e+00
  -6.231710e-01   0.000000e+00  -6.623036e-01   0.000000e+00   9.218605e-01   0.000000e+00   7.140443e-01   0.000000e+00
   6.948560e-01   0.000000e+00  -7.491402e-01   0.000000e+00  -3.644750e-01   0.000000e+00   6.156901e-01   0.000000e+00
  -3.589332e-01   0.000000e+00  -1.195167e-02   0.000000e+00  -1.316479e-01   0.000000e+00   3.332664e-01   0.000000e+00
  -1.573292e+01  -3.611282e-01  -1.969833e+01   0.000000e+00  -1.555058e+01   0.000000e+00  -1.600548e+01   0.000000e+00
  -4.353938e+00  -5.262273e-21  -8.214447e+00   0.000000e+00  -2.973685e+00   0.000000e+00  -3.662563e+00   0.000000e+00
   2.604141e+01   6.199616e+00   3.274620e+01   0.000000e+00   3.162818e+01   0.000000e+00   9.143802e+00   0.000000e+00
  -6.682062e-01   9.511638e-01   1.415455e-01   0.000000e+00  -1.992776e-01   0.000000e+00   5.404638e-01   0.000000e+00
  -3.399202e-01  -2.006081e-01  -9.723161e-01   0.000000e+00   6.713871e-01   0.000000e+00   5.503810e-01   0.000000e+00
   6.617814e-01   2.346141e-01   1.859202e-01   0.000000e+00  -7.138121e-01   0.000000e+00   6.363801e-01   0.000000e+00
  -6.380115e-01   2.063681e-01   2.217603e-02   0.000000e+00  -9.572261e-03   0.000000e+00   3.791712e-01   0.000000e+00
  -1.957228e-01   9.784744e-01   1.908784e-01   0.000000e+00  -7.297209e-01   0.000000e+00   5.158740e-01   0.000000e+00
  -7.447374e-01   3.892116e-19   9.813632e-01   0.000000e+00  -6.836781e-01   0.000000e+00  -7.681818e-01   0.000000e+00
   3.826771e-01   2.295639e-01   9.896833e-01   0.000000e+00   9.798963e-01   0.000000e+00   7.510846e-01   0.000000e+00
  -9.198624e-01  -4.841687e-02   1.347845e-01   0.000000e+00   1.294089e-01   0.000000e+00  -6.564714e-01   0.000000e+00
  -8.608983e-02  -9.720886e-01  -4.858008e-02   0.000000e+00  -1.518437e-01   0.000000e+00  -7.012260e-02   0.000000e+00
      10      13       4       1      11      14       5       2
      11      14       5       2      12      15       6       3
      13      16       7       4      14      17       8       5
      14      17       8       5      15      18       9       6
      19      22      13      10      20      23      14      11
      20      23      14      11      21      24      15      12
      22      25      16      13      23      26      17      14
      23      26      17      14      24      27      18      15
