              5

              1
             51
          pos_x          pos_y          pos_z       normal_x       normal_y       normal_z        tangt_x        tangt_y        tangt_z          pentr
  -0.000000e+00   3.389181e-03   1.089344e-03  -8.356631e-05   0.000000e+00   0.000000e+00  -0.000000e+00  -2.528569e-05   5.397910e-06   1.414797e-09
  -0.000000e+00   8.972254e-03   1.335538e-03  -2.469678e-03   0.000000e+00   0.000000e+00  -0.000000e+00  -1.066653e-03  -4.550476e-04   9.134040e-09
  -0.000000e+00   9.862890e-04   1.999543e-03  -1.373349e-04   0.000000e+00   0.000000e+00  -0.000000e+00  -2.756932e-05   5.977549e-05   1.528912e-09
  -0.000000e+00   4.147618e-03   1.888437e-03  -2.101950e-05   0.000000e+00   0.000000e+00  -0.000000e+00   7.402342e-06   2.369442e-07   4.727345e-10
  -0.000000e+00   5.958342e-03   2.683974e-03  -8.649760e-04   0.000000e+00   0.000000e+00  -0.000000e+00  -2.595083e-04  -6.377221e-05   5.470228e-09
  -0.000000e+00   2.729681e-03   4.725090e-03  -9.926341e-04   0.000000e+00   0.000000e+00  -0.000000e+00  -2.049941e-04   1.611683e-04   5.903479e-09
  -0.000000e+00   8.787400e-03   5.168998e-03  -1.420311e-03   0.000000e+00   0.000000e+00  -0.000000e+00  -2.109562e-04   3.282827e-05   5.805760e-09
  -0.000000e+00   5.528782e-03   4.970928e-03  -3.376633e-04   0.000000e+00   0.000000e+00  -0.000000e+00   6.777521e-05  -9.066818e-05   2.529671e-09
  -0.000000e+00   1.112024e-03   8.998397e-03  -4.877919e-04   0.000000e+00   0.000000e+00  -0.000000e+00  -9.759925e-05   6.682963e-06   3.907112e-09
  -0.000000e+00   9.141536e-04   4.272299e-03  -1.377802e-03   0.000000e+00   0.000000e+00  -0.000000e+00   2.649716e-04   4.373919e-04   8.002652e-09
  -0.000000e+00   3.843210e-03   6.607958e-03  -1.000174e-02   0.000000e+00   0.000000e+00  -0.000000e+00   1.823732e-03   1.867579e-03   3.649854e-08
  -0.000000e+00   7.008817e-03   6.723349e-03  -3.123908e-05   0.000000e+00   0.000000e+00  -0.000000e+00  -6.306146e-06  -3.469195e-06   6.108439e-10
  -0.000000e+00   6.704756e-03   1.031485e-02  -4.119578e-04   0.000000e+00   0.000000e+00  -0.000000e+00  -1.109436e-04   3.161011e-05   3.137923e-09
  -0.000000e+00   8.446711e-03   8.480364e-03  -3.127289e-04   0.000000e+00   0.000000e+00  -0.000000e+00  -8.362731e-05  -9.797309e-05   2.727104e-09
  -0.000000e+00   5.002200e-03   7.069093e-03  -1.172980e-05   0.000000e+00   0.000000e+00  -0.000000e+00  -1.762241e-06   4.266147e-06   3.038008e-10
  -0.000000e+00   3.405672e-03   9.524824e-03  -4.468588e-04   0.000000e+00   0.000000e+00  -0.000000e+00  -5.025854e-05   1.607886e-04   3.713741e-09
  -0.000000e+00   5.996877e-03   1.485378e-02  -1.019681e-03   0.000000e+00   0.000000e+00  -0.000000e+00  -1.315843e-04  -1.669740e-04   4.873817e-09
  -0.000000e+00   8.349307e-03   1.525439e-02  -2.791458e-04   0.000000e+00   0.000000e+00  -0.000000e+00  -1.105557e-04  -8.301434e-05   2.785216e-09
  -0.000000e+00   2.044223e-03   1.453751e-02  -6.460801e-05   0.000000e+00   0.000000e+00  -0.000000e+00  -4.812735e-06  -2.910564e-05   9.291891e-10
  -0.000000e+00   8.934473e-03   1.338564e-02  -2.748578e-05   0.000000e+00   0.000000e+00  -0.000000e+00   1.862305e-06  -4.772933e-06   6.532417e-10
  -0.000000e+00   7.619022e-03   1.249280e-02  -1.580341e-05   0.000000e+00   0.000000e+00  -0.000000e+00   3.413150e-06  -3.329391e-06   4.488267e-10
  -0.000000e+00   4.275975e-03   1.272263e-02  -4.397336e-04   0.000000e+00   0.000000e+00  -0.000000e+00   1.207765e-04  -1.552731e-04   3.099326e-09
  -0.000000e+00   1.125378e-03   1.224953e-02  -3.043453e-04   0.000000e+00   0.000000e+00  -0.000000e+00   5.176093e-05  -8.257154e-05   3.326947e-09
  -0.000000e+00   2.294153e-03   1.064543e-02  -2.127679e-05   0.000000e+00   0.000000e+00  -0.000000e+00  -6.395131e-06  -3.754798e-07   4.926564e-10
  -0.000000e+00   1.434138e-02   4.756012e-03  -5.130817e-06   0.000000e+00   0.000000e+00  -0.000000e+00  -8.462975e-07   5.364622e-07   2.220499e-10
  -0.000000e+00   1.818678e-02   4.836391e-03  -1.160227e-04   0.000000e+00   0.000000e+00  -0.000000e+00  -5.552460e-05   1.241349e-05   1.470119e-09
  -0.000000e+00   1.829772e-02   7.058900e-03  -1.215510e-05   0.000000e+00   0.000000e+00  -0.000000e+00  -9.946446e-07  -4.525138e-06   3.416896e-10
  -0.000000e+00   1.728989e-02   2.753703e-03  -2.131265e-03   0.000000e+00   0.000000e+00  -0.000000e+00   9.993902e-05  -7.094030e-04   9.391778e-09
  -0.000000e+00   1.547727e-02   1.139943e-03  -1.130366e-05   0.000000e+00   0.000000e+00  -0.000000e+00  -3.618168e-06  -1.940654e-06   3.359765e-10
  -0.000000e+00   1.393083e-02   2.762651e-03  -4.705712e-03   0.000000e+00   0.000000e+00  -0.000000e+00   2.132768e-05   4.985507e-04   1.460269e-08
  -0.000000e+00   1.515352e-02   7.319486e-03  -4.469607e-04   0.000000e+00   0.000000e+00  -0.000000e+00   9.428536e-05   1.825714e-05   3.363234e-09
  -0.000000e+00   1.146957e-02   1.630147e-03  -1.121757e-05   0.000000e+00   0.000000e+00  -0.000000e+00  -4.837241e-06  -1.469054e-06   3.670937e-10
  -0.000000e+00   1.603988e-02   4.433560e-03  -1.046557e-03   0.000000e+00   0.000000e+00  -0.000000e+00   4.817441e-05  -1.239324e-04   7.394372e-09
  -0.000000e+00   1.615213e-02   8.432857e-03  -5.033768e-03   0.000000e+00   0.000000e+00  -0.000000e+00  -1.288800e-03  -6.394081e-04   1.684420e-08
  -0.000000e+00   1.603530e-02   5.656286e-03  -1.985473e-05   0.000000e+00   0.000000e+00  -0.000000e+00   1.962612e-06  -5.195925e-06   5.082895e-10
  -0.000000e+00   1.154584e-02   7.540347e-03  -2.346251e-03   0.000000e+00   0.000000e+00  -0.000000e+00  -6.297295e-04   1.588727e-04   1.135939e-08
  -0.000000e+00   1.372470e-02   6.252975e-03  -4.347628e-05   0.000000e+00   0.000000e+00  -0.000000e+00   5.784877e-06  -3.572661e-06   7.643416e-10
  -0.000000e+00   1.384116e-02   9.181465e-03  -1.012224e-03   0.000000e+00   0.000000e+00  -0.000000e+00   3.493738e-04   3.168997e-05   5.745307e-09
  -0.000000e+00   1.010289e-02   8.168359e-03  -1.627784e-04   0.000000e+00   0.000000e+00  -0.000000e+00  -3.081963e-05  -4.771655e-05   2.138186e-09
  -0.000000e+00   1.907186e-02   9.383562e-03  -2.547307e-03   0.000000e+00   0.000000e+00  -0.000000e+00   4.014796e-04   2.107054e-04   1.109343e-08
  -0.000000e+00   1.196789e-02   9.114589e-03  -1.191802e-03   0.000000e+00   0.000000e+00  -0.000000e+00   9.845210e-05   6.302874e-06   8.687011e-09
  -0.000000e+00   1.021917e-02   9.473449e-03  -2.689992e-04   0.000000e+00   0.000000e+00  -0.000000e+00  -7.274017e-05  -8.470845e-05   2.445408e-09
  -0.000000e+00   1.362003e-02   1.704653e-02  -8.505615e-06   0.000000e+00   0.000000e+00  -0.000000e+00  -3.236065e-06  -2.083522e-06   2.226859e-10
  -0.000000e+00   1.841437e-02   1.786686e-02  -8.218214e-05   0.000000e+00   0.000000e+00  -0.000000e+00  -1.100064e-05   2.833517e-05   1.270183e-09
  -0.000000e+00   1.218073e-02   1.495780e-02  -4.555686e-05   0.000000e+00   0.000000e+00  -0.000000e+00  -1.132137e-05  -1.755401e-05   7.518317e-10
  -0.000000e+00   1.445410e-02   1.465832e-02  -1.384224e-05   0.000000e+00   0.000000e+00  -0.000000e+00  -6.262767e-06   1.139338e-06   3.198517e-10
  -0.000000e+00   1.044103e-02   1.452655e-02  -3.502623e-04   0.000000e+00   0.000000e+00  -0.000000e+00   7.119186e-05  -1.292755e-04   3.097858e-09
  -0.000000e+00   1.181124e-02   1.273643e-02  -9.137200e-04   0.000000e+00   0.000000e+00  -0.000000e+00   4.282916e-06  -1.009115e-04   4.926847e-09
  -0.000000e+00   1.450610e-02   1.209753e-02  -1.272543e-03   0.000000e+00   0.000000e+00  -0.000000e+00   1.841970e-04  -1.178747e-05   6.687157e-09
  -0.000000e+00   1.651872e-02   1.218897e-02  -1.644572e-03   0.000000e+00   0.000000e+00  -0.000000e+00  -5.352289e-04   5.749982e-05   8.114382e-09
  -0.000000e+00   1.844904e-02   1.190970e-02  -1.931033e-04   0.000000e+00   0.000000e+00  -0.000000e+00  -4.025865e-05   3.990139e-05   2.066617e-09
                                               -4.721819e-02   0.000000e+00   0.000000e+00   0.000000e+00  -1.371885e-03   7.120996e-04   4.554952e-09

              2
             36
          pos_x          pos_y          pos_z       normal_x       normal_y       normal_z        tangt_x        tangt_y        tangt_z          pentr
   2.000000e-02   3.222643e-03   3.315074e-03   3.435415e-03   0.000000e+00   0.000000e+00  -0.000000e+00  -3.922435e-04   1.340349e-03   1.065176e-08
   2.000000e-02   1.866265e-03   6.320243e-03   3.167916e-03   0.000000e+00   0.000000e+00  -0.000000e+00   8.383335e-04   1.132356e-03   9.845146e-09
   2.000000e-02   5.555397e-03   5.159228e-03   1.464135e-03   0.000000e+00   0.000000e+00  -0.000000e+00   4.838957e-04  -2.889870e-04   7.307098e-09
   2.000000e-02   8.661527e-03   6.008105e-03   3.842119e-03   0.000000e+00   0.000000e+00  -0.000000e+00  -6.696122e-04   5.197653e-04   1.308601e-08
   2.000000e-02   3.712012e-03   9.332781e-03   1.627909e-04   0.000000e+00   0.000000e+00  -0.000000e+00  -2.359979e-05   2.750122e-05   2.014752e-09
   2.000000e-02   6.024922e-03   7.540310e-03   8.108513e-04   0.000000e+00   0.000000e+00  -0.000000e+00  -2.734605e-05  -2.764814e-04   4.887828e-09
   2.000000e-02   1.106289e-03   9.341803e-03   6.776525e-04   0.000000e+00   0.000000e+00  -0.000000e+00  -1.442776e-04  -1.824894e-04   4.737230e-09
   2.000000e-02   8.864747e-03   2.764453e-03   4.532369e-05   0.000000e+00   0.000000e+00  -0.000000e+00   2.136027e-05   1.852445e-06   8.862955e-10
   2.000000e-02   7.548841e-03   1.747884e-02   6.646109e-05   0.000000e+00   0.000000e+00  -0.000000e+00   1.329961e-05  -1.578451e-06   1.103612e-09
   2.000000e-02   9.020822e-03   1.561657e-02   2.963439e-04   0.000000e+00   0.000000e+00  -0.000000e+00  -1.423327e-05  -4.635549e-05   2.518284e-09
   2.000000e-02   2.152294e-03   1.512360e-02   4.525001e-04   0.000000e+00   0.000000e+00  -0.000000e+00  -1.275487e-04   2.584086e-05   3.513373e-09
   2.000000e-02   5.299930e-03   1.545096e-02   6.474650e-04   0.000000e+00   0.000000e+00  -0.000000e+00   1.788982e-04   1.708070e-04   4.073811e-09
   2.000000e-02   4.826928e-03   1.250638e-02   2.540326e-05   0.000000e+00   0.000000e+00  -0.000000e+00  -5.649562e-07   1.584984e-06   5.987057e-10
   2.000000e-02   3.386767e-03   1.085551e-02   3.571694e-04   0.000000e+00   0.000000e+00  -0.000000e+00   1.634310e-05  -1.755184e-05   2.934853e-09
   2.000000e-02   6.664270e-03   1.059069e-02   2.084374e-03   0.000000e+00   0.000000e+00  -0.000000e+00  -3.850083e-04   4.323452e-05   7.244082e-09
   2.000000e-02   1.880497e-02   1.169784e-03   1.248232e-05   0.000000e+00   0.000000e+00  -0.000000e+00  -8.319308e-07  -5.065713e-06   3.837290e-10
   2.000000e-02   1.635308e-02   4.832044e-03   3.426835e-03   0.000000e+00   0.000000e+00  -0.000000e+00  -1.031992e-03  -5.243055e-04   1.306862e-08
   2.000000e-02   1.531118e-02   3.065644e-03   6.164351e-03   0.000000e+00   0.000000e+00  -0.000000e+00   6.947000e-04   2.034282e-03   1.711326e-08
   2.000000e-02   1.900224e-02   4.584854e-03   4.618088e-04   0.000000e+00   0.000000e+00  -0.000000e+00  -2.743116e-05  -1.458337e-04   3.420835e-09
   2.000000e-02   1.861632e-02   9.407788e-03   2.875951e-03   0.000000e+00   0.000000e+00  -0.000000e+00   6.310953e-04   8.447942e-04   1.019726e-08
   2.000000e-02   1.790055e-02   3.063176e-03   3.016606e-03   0.000000e+00   0.000000e+00  -0.000000e+00   8.746737e-04   8.647151e-08   1.257309e-08
   2.000000e-02   1.484370e-02   8.656556e-04   7.878931e-06   0.000000e+00   0.000000e+00  -0.000000e+00  -2.864382e-06  -1.399040e-06   2.652857e-10
   2.000000e-02   1.145000e-02   8.865010e-03   1.688181e-03   0.000000e+00   0.000000e+00  -0.000000e+00  -1.958371e-04  -1.658933e-04   8.965995e-09
   2.000000e-02   1.284663e-02   3.556917e-03   1.883001e-03   0.000000e+00   0.000000e+00  -0.000000e+00  -3.591611e-04  -5.166174e-04   8.011989e-09
   2.000000e-02   1.229016e-02   6.534373e-04   4.374659e-06   0.000000e+00   0.000000e+00  -0.000000e+00   2.326785e-07  -1.025084e-06   2.116087e-10
   2.000000e-02   1.023468e-02   7.289691e-03   2.466297e-05   0.000000e+00   0.000000e+00  -0.000000e+00  -4.921898e-06   7.292328e-07   5.072455e-10
   2.000000e-02   1.386367e-02   1.770688e-02   3.447625e-05   0.000000e+00   0.000000e+00  -0.000000e+00   1.239096e-05   7.763539e-06   8.044989e-10
   2.000000e-02   1.703037e-02   1.810959e-02   3.655678e-04   0.000000e+00   0.000000e+00  -0.000000e+00   4.549606e-05   1.978509e-05   2.736879e-09
   2.000000e-02   1.297227e-02   1.620094e-02   1.070540e-04   0.000000e+00   0.000000e+00  -0.000000e+00   3.643783e-05  -1.164433e-05   1.173431e-09
   2.000000e-02   1.090328e-02   1.524780e-02   4.801722e-05   0.000000e+00   0.000000e+00  -0.000000e+00  -1.032218e-05  -1.066349e-05   8.379376e-10
   2.000000e-02   1.361752e-02   1.416528e-02   7.456536e-05   0.000000e+00   0.000000e+00  -0.000000e+00   8.765415e-08   2.074728e-05   1.343570e-09
   2.000000e-02   1.082095e-02   1.314853e-02   2.690453e-04   0.000000e+00   0.000000e+00  -0.000000e+00   4.372502e-05   2.738647e-05   2.728474e-09
   2.000000e-02   1.822797e-02   1.281184e-02   2.654423e-04   0.000000e+00   0.000000e+00  -0.000000e+00  -1.124303e-04   3.824588e-05   2.233510e-09
   2.000000e-02   1.280281e-02   1.235927e-02   1.626363e-04   0.000000e+00   0.000000e+00  -0.000000e+00   7.515665e-06  -4.453498e-05   1.834807e-09
   2.000000e-02   1.908643e-02   1.136539e-02   2.099502e-04   0.000000e+00   0.000000e+00  -0.000000e+00   5.253073e-05  -3.393363e-05   2.537899e-09
   2.000000e-02   9.687569e-03   1.069940e-02   1.079173e-03   0.000000e+00   0.000000e+00  -0.000000e+00  -1.478486e-04  -2.091334e-04   6.071898e-09
                                                3.971798e-02   0.000000e+00   0.000000e+00   0.000000e+00   2.729411e-04   3.773619e-03   4.789574e-09

              3
             42
          pos_x          pos_y          pos_z       normal_x       normal_y       normal_z        tangt_x        tangt_y        tangt_z          pentr
   6.189399e-03  -0.000000e+00   9.887061e-04   0.000000e+00  -1.235591e-03   0.000000e+00   7.869144e-06  -0.000000e+00  -2.506773e-04   7.604939e-09
   6.084204e-04  -0.000000e+00   1.824327e-03   0.000000e+00  -1.320893e-05   0.000000e+00  -3.778638e-06  -0.000000e+00  -2.195416e-06   4.461853e-10
   3.902296e-03  -0.000000e+00   1.935869e-03   0.000000e+00  -1.761036e-05   0.000000e+00   2.987651e-06  -0.000000e+00   2.080765e-06   3.981293e-10
   2.128808e-03  -0.000000e+00   3.459440e-03   0.000000e+00  -4.096977e-03   0.000000e+00  -5.449984e-04  -0.000000e+00   1.442900e-03   1.507504e-08
   1.679354e-03  -0.000000e+00   6.310454e-03   0.000000e+00  -8.504933e-04   0.000000e+00   7.740803e-05  -0.000000e+00   1.575775e-04   5.283841e-09
   1.376310e-03  -0.000000e+00   8.432309e-03   0.000000e+00  -8.153804e-04   0.000000e+00  -5.223638e-06  -0.000000e+00  -3.057440e-04   4.610122e-09
   2.400774e-03  -0.000000e+00   4.878733e-03   0.000000e+00  -1.041517e-04   0.000000e+00   1.224821e-06  -0.000000e+00  -4.219981e-05   1.584605e-09
   8.820985e-04  -0.000000e+00   4.208787e-03   0.000000e+00  -2.151722e-04   0.000000e+00  -4.603058e-05  -0.000000e+00   4.725178e-05   2.378031e-09
   3.936866e-03  -0.000000e+00   6.365416e-03   0.000000e+00  -9.673399e-05   0.000000e+00   5.724971e-06  -0.000000e+00   3.978714e-05   1.409135e-09
   8.081124e-03  -0.000000e+00   6.139004e-03   0.000000e+00  -3.573066e-04   0.000000e+00  -3.769781e-05  -0.000000e+00  -6.092399e-05   2.742334e-09
   3.673928e-03  -0.000000e+00   7.664758e-03   0.000000e+00  -1.354102e-03   0.000000e+00   1.964284e-04  -0.000000e+00  -3.064774e-04   7.453273e-09
   5.729170e-03  -0.000000e+00   6.170154e-03   0.000000e+00  -6.438138e-05   0.000000e+00   7.990186e-06  -0.000000e+00   1.329332e-05   1.151612e-09
   5.631678e-03  -0.000000e+00   7.783789e-03   0.000000e+00  -4.777953e-05   0.000000e+00  -2.185859e-05  -0.000000e+00   3.829663e-06   9.407339e-10
   9.704062e-03  -0.000000e+00   1.377363e-03   0.000000e+00  -3.034575e-03   0.000000e+00   5.256338e-05  -0.000000e+00   7.720589e-04   1.327249e-08
   7.735733e-03  -0.000000e+00   8.337124e-03   0.000000e+00  -9.804617e-05   0.000000e+00   1.505642e-05  -0.000000e+00   3.457121e-05   1.258678e-09
   5.616989e-03  -0.000000e+00   1.872092e-02   0.000000e+00  -8.058647e-05   0.000000e+00  -1.614836e-05  -0.000000e+00  -1.178803e-05   1.125408e-09
   6.448686e-03  -0.000000e+00   1.442451e-02   0.000000e+00  -6.131799e-04   0.000000e+00  -9.944770e-05  -0.000000e+00   2.191730e-04   4.026173e-09
   4.050113e-03  -0.000000e+00   1.537481e-02   0.000000e+00  -7.011026e-05   0.000000e+00   2.186311e-05  -0.000000e+00  -5.457899e-06   1.064687e-09
   1.770281e-03  -0.000000e+00   1.395488e-02   0.000000e+00  -2.664390e-04   0.000000e+00  -3.290480e-06  -0.000000e+00   7.599892e-05   2.071929e-09
   8.302811e-03  -0.000000e+00   1.204429e-02   0.000000e+00  -1.570188e-04   0.000000e+00   5.489803e-05  -0.000000e+00  -4.396970e-05   1.570307e-09
   2.526125e-03  -0.000000e+00   1.242663e-02   0.000000e+00  -2.166904e-05   0.000000e+00   5.543552e-06  -0.000000e+00   8.668550e-06   5.384859e-10
   1.398067e-03  -0.000000e+00   1.057293e-02   0.000000e+00  -5.194013e-04   0.000000e+00  -1.261044e-04  -0.000000e+00   8.541099e-05   4.052458e-09
   5.741466e-03  -0.000000e+00   1.068639e-02   0.000000e+00  -2.645398e-03   0.000000e+00   6.821692e-04  -0.000000e+00   5.148280e-04   1.330073e-08
   1.763547e-02  -0.000000e+00   1.815856e-03   0.000000e+00  -1.670033e-03   0.000000e+00   5.701673e-04  -0.000000e+00  -1.747196e-04   7.792578e-09
   1.736251e-02  -0.000000e+00   4.645222e-03   0.000000e+00  -5.068774e-03   0.000000e+00   1.665265e-03  -0.000000e+00  -8.643125e-04   1.570402e-08
   1.861943e-02  -0.000000e+00   9.378351e-03   0.000000e+00  -1.071884e-03   0.000000e+00   2.301171e-04  -0.000000e+00  -2.775405e-04   5.403194e-09
   1.511508e-02  -0.000000e+00   2.857670e-03   0.000000e+00  -9.378002e-04   0.000000e+00  -2.040901e-04  -0.000000e+00   3.744940e-04   5.138511e-09
   1.539812e-02  -0.000000e+00   9.754590e-04   0.000000e+00  -2.865975e-05   0.000000e+00   4.422340e-06  -0.000000e+00   7.828810e-06   7.041039e-10
   1.277935e-02  -0.000000e+00   1.469754e-03   0.000000e+00  -4.127913e-03   0.000000e+00   2.385407e-04  -0.000000e+00  -1.700427e-03   1.591137e-08
   1.090347e-02  -0.000000e+00   6.253133e-03   0.000000e+00  -3.949314e-04   0.000000e+00   8.566788e-05  -0.000000e+00  -1.242444e-04   3.256833e-09
   1.449487e-02  -0.000000e+00   8.965638e-03   0.000000e+00  -2.931882e-05   0.000000e+00   1.519226e-06  -0.000000e+00  -9.931618e-06   5.007466e-10
   1.044017e-02  -0.000000e+00   3.207718e-03   0.000000e+00  -2.313155e-04   0.000000e+00   9.674162e-05  -0.000000e+00  -5.143451e-05   1.922233e-09
   1.705965e-02  -0.000000e+00   9.276673e-03   0.000000e+00  -1.266877e-05   0.000000e+00   2.187582e-07  -0.000000e+00   4.024839e-06   3.897129e-10
   1.272184e-02  -0.000000e+00   8.248914e-03   0.000000e+00  -2.624840e-04   0.000000e+00  -1.104257e-04  -0.000000e+00  -5.833517e-05   2.945557e-09
   1.222950e-02  -0.000000e+00   6.596799e-03   0.000000e+00  -9.405313e-06   0.000000e+00   1.015158e-06  -0.000000e+00   3.714372e-06   2.624677e-10
   1.023573e-02  -0.000000e+00   1.038876e-02   0.000000e+00  -1.705887e-03   0.000000e+00  -3.638402e-04  -0.000000e+00   2.099473e-04   8.523515e-09
   1.301983e-02  -0.000000e+00   1.630710e-02   0.000000e+00  -3.988928e-05   0.000000e+00   5.546910e-06  -0.000000e+00  -2.734865e-07   7.275355e-10
   1.748306e-02  -0.000000e+00   1.499675e-02   0.000000e+00  -3.210866e-04   0.000000e+00  -1.297274e-05  -0.000000e+00  -1.071468e-04   2.510404e-09
   1.097488e-02  -0.000000e+00   1.514732e-02   0.000000e+00  -2.119126e-03   0.000000e+00  -5.726591e-04  -0.000000e+00   2.901396e-04   8.931425e-09
   1.460197e-02  -0.000000e+00   1.436132e-02   0.000000e+00  -7.014776e-04   0.000000e+00   1.661139e-04  -0.000000e+00  -2.286581e-04   4.505759e-09
   1.586920e-02  -0.000000e+00   1.253229e-02   0.000000e+00  -1.440038e-04   0.000000e+00  -2.212175e-05  -0.000000e+00  -6.602365e-05   1.484094e-09
   1.308502e-02  -0.000000e+00   1.213463e-02   0.000000e+00  -7.317573e-04   0.000000e+00   6.607265e-05  -0.000000e+00   1.413414e-04   5.719823e-09
                                                0.000000e+00  -3.638373e-02   0.000000e+00   2.072447e-03   0.000000e+00  -2.435599e-04   4.421267e-09

              4
             43
          pos_x          pos_y          pos_z       normal_x       normal_y       normal_z        tangt_x        tangt_y        tangt_z          pentr
   1.647605e-03   2.000000e-02   2.475048e-03   0.000000e+00   2.002958e-04   0.000000e+00   4.064859e-05  -0.000000e+00  -6.004889e-06   1.808810e-09
   6.535048e-03   2.000000e-02   6.124092e-03   0.000000e+00   4.562533e-04   0.000000e+00   9.423453e-05  -0.000000e+00  -1.600392e-04   3.384252e-09
   3.888210e-03   2.000000e-02   4.056265e-03   0.000000e+00   2.181576e-03   0.000000e+00   1.004199e-03  -0.000000e+00  -2.388035e-04   8.475314e-09
   7.878791e-03   2.000000e-02   2.668059e-03   0.000000e+00   1.583390e-03   0.000000e+00  -4.284835e-04  -0.000000e+00  -4.072288e-04   7.859434e-09
   9.664225e-03   2.000000e-02   7.010222e-03   0.000000e+00   2.352955e-03   0.000000e+00   6.475509e-04  -0.000000e+00   3.912638e-04   1.034862e-08
   1.718678e-03   2.000000e-02   4.815520e-03   0.000000e+00   2.652900e-05   0.000000e+00  -9.583038e-06  -0.000000e+00   3.471510e-06   5.687930e-10
   1.512419e-03   2.000000e-02   6.977382e-03   0.000000e+00   4.106416e-06   0.000000e+00  -7.391975e-07  -0.000000e+00  -1.464700e-06   1.767736e-10
   4.818053e-03   2.000000e-02   1.240074e-03   0.000000e+00   4.392720e-04   0.000000e+00   1.158244e-04  -0.000000e+00   2.888866e-05   3.122375e-09
   3.651098e-03   2.000000e-02   9.568421e-03   0.000000e+00   6.352196e-03   0.000000e+00   2.281771e-03  -0.000000e+00   4.267476e-04   1.462438e-08
   8.269212e-03   2.000000e-02   9.471092e-03   0.000000e+00   8.293331e-04   0.000000e+00   1.457565e-04  -0.000000e+00  -1.441123e-05   4.576808e-09
   9.657553e-03   2.000000e-02   1.299644e-03   0.000000e+00   2.162358e-04   0.000000e+00   1.966810e-05  -0.000000e+00  -4.618223e-05   2.317166e-09
   7.850003e-03   2.000000e-02   6.593559e-03   0.000000e+00   5.243592e-04   0.000000e+00  -2.934422e-05  -0.000000e+00  -3.339383e-05   4.245412e-09
   7.538728e-04   2.000000e-02   9.396682e-03   0.000000e+00   8.525833e-04   0.000000e+00  -1.762905e-04  -0.000000e+00   6.628725e-05   6.294894e-09
   1.700071e-03   2.000000e-02   1.803378e-02   0.000000e+00   1.837007e-05   0.000000e+00  -6.320632e-07  -0.000000e+00   6.833679e-06   4.521415e-10
   7.780409e-03   2.000000e-02   1.590237e-02   0.000000e+00   2.910920e-04   0.000000e+00   2.783165e-06  -0.000000e+00  -3.232908e-05   3.140560e-09
   5.308973e-03   2.000000e-02   1.524413e-02   0.000000e+00   1.045471e-03   0.000000e+00   2.356600e-04  -0.000000e+00   1.039801e-05   6.586213e-09
   2.280897e-03   2.000000e-02   1.562802e-02   0.000000e+00   8.676468e-04   0.000000e+00   2.240226e-04  -0.000000e+00   3.259117e-05   4.688839e-09
   9.831439e-03   2.000000e-02   1.385929e-02   0.000000e+00   2.939304e-04   0.000000e+00   3.136346e-05  -0.000000e+00  -6.715031e-05   2.164225e-09
   5.357141e-03   2.000000e-02   1.238574e-02   0.000000e+00   3.665062e-05   0.000000e+00  -9.143715e-06  -0.000000e+00   8.265793e-06   5.806553e-10
   1.604213e-03   2.000000e-02   1.137092e-02   0.000000e+00   1.259348e-04   0.000000e+00  -3.574946e-05  -0.000000e+00   3.443681e-05   1.484509e-09
   1.794356e-02   2.000000e-02   5.606311e-03   0.000000e+00   3.759782e-04   0.000000e+00  -6.505544e-05  -0.000000e+00   2.815053e-05   3.227998e-09
   1.939956e-02   2.000000e-02   4.534015e-03   0.000000e+00   8.009646e-04   0.000000e+00   8.765811e-05  -0.000000e+00   6.282801e-05   6.967189e-09
   1.657703e-02   2.000000e-02   8.491271e-03   0.000000e+00   1.148155e-03   0.000000e+00  -3.720042e-04  -0.000000e+00  -1.262792e-05   6.835818e-09
   1.620095e-02   2.000000e-02   3.799025e-03   0.000000e+00   1.501214e-03   0.000000e+00  -3.508294e-04  -0.000000e+00  -1.420011e-04   9.022791e-09
   1.790094e-02   2.000000e-02   1.039853e-02   0.000000e+00   6.647163e-04   0.000000e+00   9.067358e-05  -0.000000e+00  -1.122480e-05   5.449191e-09
   1.775593e-02   2.000000e-02   2.692261e-03   0.000000e+00   3.557416e-03   0.000000e+00   2.988759e-04  -0.000000e+00  -1.453215e-03   1.365124e-08
   1.412030e-02   2.000000e-02   4.115811e-03   0.000000e+00   8.318728e-04   0.000000e+00  -2.728414e-04  -0.000000e+00  -8.052544e-05   5.189895e-09
   1.543239e-02   2.000000e-02   9.592337e-04   0.000000e+00   1.029584e-05   0.000000e+00  -2.487122e-06  -0.000000e+00   1.188412e-06   2.910858e-10
   1.376079e-02   2.000000e-02   1.880983e-03   0.000000e+00   4.816395e-03   0.000000e+00   1.716207e-03  -0.000000e+00   1.054648e-03   1.593701e-08
   1.540903e-02   2.000000e-02   7.189660e-03   0.000000e+00   1.008514e-05   0.000000e+00  -1.817506e-06  -0.000000e+00   2.582288e-06   2.674968e-10
   1.168820e-02   2.000000e-02   2.101239e-03   0.000000e+00   1.157626e-02   0.000000e+00  -1.422081e-03  -0.000000e+00  -4.657607e-04   2.584261e-08
   1.418853e-02   2.000000e-02   5.594733e-03   0.000000e+00   2.900023e-05   0.000000e+00   5.693641e-07  -0.000000e+00   9.143012e-06   6.380855e-10
   1.179758e-02   2.000000e-02   5.311177e-03   0.000000e+00   3.680206e-04   0.000000e+00  -1.075009e-04  -0.000000e+00  -3.305597e-05   2.984792e-09
   1.616469e-02   2.000000e-02   6.053254e-03   0.000000e+00   1.289521e-04   0.000000e+00   1.466629e-05  -0.000000e+00   6.224238e-05   1.977574e-09
   1.404481e-02   2.000000e-02   7.323915e-03   0.000000e+00   4.844752e-05   0.000000e+00   1.447228e-05  -0.000000e+00  -7.644752e-06   1.004843e-09
   1.134424e-02   2.000000e-02   8.926865e-03   0.000000e+00   3.906942e-04   0.000000e+00   8.752010e-05  -0.000000e+00   9.754566e-05   2.909111e-09
   1.456758e-02   2.000000e-02   9.752482e-03   0.000000e+00   1.679728e-04   0.000000e+00   3.754611e-05  -0.000000e+00   5.752249e-05   1.879197e-09
   1.402748e-02   2.000000e-02   1.716031e-02   0.000000e+00   4.821847e-04   0.000000e+00  -1.323314e-04  -0.000000e+00   2.548773e-05   3.496723e-09
   1.140816e-02   2.000000e-02   1.594153e-02   0.000000e+00   6.631313e-05   0.000000e+00  -2.492024e-05  -0.000000e+00  -1.108884e-05   1.148472e-09
   1.763182e-02   2.000000e-02   1.466123e-02   0.000000e+00   2.846994e-04   0.000000e+00  -1.007919e-04  -0.000000e+00  -4.199451e-05   2.585846e-09
   1.255691e-02   2.000000e-02   1.373323e-02   0.000000e+00   4.418923e-04   0.000000e+00  -1.353859e-04  -0.000000e+00   5.387372e-06   3.427859e-09
   1.185804e-02   2.000000e-02   1.123803e-02   0.000000e+00   1.067658e-03   0.000000e+00  -3.353419e-05  -0.000000e+00  -4.836439e-04   5.074347e-09
   1.925359e-02   2.000000e-02   1.131546e-02   0.000000e+00   9.495730e-05   0.000000e+00  -2.887638e-05  -0.000000e+00   1.576628e-05   1.666826e-09
                                                0.000000e+00   4.756233e-02   0.000000e+00   3.451248e-03   0.000000e+00  -1.318115e-03   4.845957e-09

              5
             62
          pos_x          pos_y          pos_z       normal_x       normal_y       normal_z        tangt_x        tangt_y        tangt_z          pentr
   2.176667e-03   1.561531e-03  -0.000000e+00   0.000000e+00   0.000000e+00  -8.413357e-03   2.259069e-04  -1.074529e-03  -0.000000e+00   2.090922e-08
   6.371592e-03   1.429754e-03  -0.000000e+00   0.000000e+00   0.000000e+00  -2.037852e-03   4.555633e-04   3.344380e-04  -0.000000e+00   8.177491e-09
   4.695576e-03   5.495453e-03  -0.000000e+00   0.000000e+00   0.000000e+00  -5.690480e-05   1.205636e-05   2.443023e-05  -0.000000e+00   1.019534e-09
   1.279665e-03   3.459621e-03  -0.000000e+00   0.000000e+00   0.000000e+00  -1.286256e-04   4.953613e-05  -2.467106e-05  -0.000000e+00   1.687633e-09
   6.064867e-03   8.902548e-03  -0.000000e+00   0.000000e+00   0.000000e+00  -2.656897e-04  -4.704471e-05   5.296989e-05  -0.000000e+00   3.007009e-09
   1.188874e-03   9.737834e-03  -0.000000e+00   0.000000e+00   0.000000e+00  -3.398984e-03  -9.183933e-04   7.623960e-04  -0.000000e+00   1.257112e-08
   7.862885e-04   5.629018e-03  -0.000000e+00   0.000000e+00   0.000000e+00  -6.218863e-05  -1.105654e-05   8.440661e-06  -0.000000e+00   9.011366e-10
   2.646378e-03   4.989886e-03  -0.000000e+00   0.000000e+00   0.000000e+00  -1.350356e-04   9.470138e-06   5.229140e-05  -0.000000e+00   1.577735e-09
   2.345021e-03   6.803889e-03  -0.000000e+00   0.000000e+00   0.000000e+00  -1.565549e-04   6.267493e-06   5.228640e-06  -0.000000e+00   1.663509e-09
   3.926050e-03   9.290786e-03  -0.000000e+00   0.000000e+00   0.000000e+00  -6.068931e-04  -2.277556e-04   1.319889e-04  -0.000000e+00   3.496344e-09
   4.292142e-03   1.327909e-03  -0.000000e+00   0.000000e+00   0.000000e+00  -5.341846e-04  -3.021801e-05  -1.319677e-04  -0.000000e+00   3.784369e-09
   3.367302e-03   3.054522e-03  -0.000000e+00   0.000000e+00   0.000000e+00  -2.575463e-05   4.856268e-06  -5.001325e-06  -0.000000e+00   6.254527e-10
   4.410881e-03   6.638505e-03  -0.000000e+00   0.000000e+00   0.000000e+00  -5.238431e-05   8.977490e-08   5.622947e-07  -0.000000e+00   1.004083e-09
   5.115109e-03   3.556048e-03  -0.000000e+00   0.000000e+00   0.000000e+00  -4.428088e-03  -4.328788e-04   6.095790e-04  -0.000000e+00   1.617670e-08
   6.293255e-03   6.672170e-03  -0.000000e+00   0.000000e+00   0.000000e+00  -4.569967e-04  -7.185090e-05  -4.409637e-05  -0.000000e+00   3.631176e-09
   8.492820e-03   5.217157e-03  -0.000000e+00   0.000000e+00   0.000000e+00  -6.451949e-03  -3.043416e-04  -2.730012e-03  -0.000000e+00   1.885015e-08
   8.315126e-03   8.071724e-03  -0.000000e+00   0.000000e+00   0.000000e+00  -6.838268e-03  -1.092353e-03  -2.710555e-03  -0.000000e+00   1.844322e-08
   9.430721e-03   2.211645e-03  -0.000000e+00   0.000000e+00   0.000000e+00  -4.918389e-03  -6.993896e-04  -5.127888e-04  -0.000000e+00   1.325463e-08
   1.044022e-03   1.843453e-02  -0.000000e+00   0.000000e+00   0.000000e+00  -1.138144e-03  -2.064905e-04   2.999258e-04  -0.000000e+00   5.712348e-09
   4.013516e-03   1.872976e-02  -0.000000e+00   0.000000e+00   0.000000e+00  -6.490359e-04   4.653194e-05  -8.600474e-05  -0.000000e+00   4.101983e-09
   2.346650e-03   1.685582e-02  -0.000000e+00   0.000000e+00   0.000000e+00  -2.384589e-04   4.273144e-05  -1.632150e-05  -0.000000e+00   2.535654e-09
   6.292790e-03   1.816644e-02  -0.000000e+00   0.000000e+00   0.000000e+00  -1.917545e-04  -5.257513e-05   6.488831e-05  -0.000000e+00   1.915955e-09
   1.049225e-03   1.581370e-02  -0.000000e+00   0.000000e+00   0.000000e+00  -5.027595e-05   1.131899e-05   3.566791e-06  -0.000000e+00   9.772494e-10
   6.798655e-03   1.511684e-02  -0.000000e+00   0.000000e+00   0.000000e+00  -3.340830e-03  -1.089437e-03  -7.792641e-04  -0.000000e+00   1.286101e-08
   3.259099e-03   1.271949e-02  -0.000000e+00   0.000000e+00   0.000000e+00  -6.940269e-05  -3.338573e-06  -1.712345e-05  -0.000000e+00   9.711462e-10
   5.015953e-03   1.618391e-02  -0.000000e+00   0.000000e+00   0.000000e+00  -6.946690e-04   1.175971e-04  -1.536870e-04  -0.000000e+00   3.939785e-09
   2.472579e-03   1.445448e-02  -0.000000e+00   0.000000e+00   0.000000e+00  -6.318452e-03   9.522425e-04   6.833853e-04  -0.000000e+00   1.936158e-08
   9.657489e-03   1.897414e-02  -0.000000e+00   0.000000e+00   0.000000e+00  -5.526588e-04   1.339075e-04  -1.969248e-05  -0.000000e+00   5.102899e-09
   4.920510e-03   1.166987e-02  -0.000000e+00   0.000000e+00   0.000000e+00  -3.696118e-03   5.715139e-05  -1.200158e-03  -0.000000e+00   1.642590e-08
   8.821344e-03   1.375376e-02  -0.000000e+00   0.000000e+00   0.000000e+00  -2.245449e-03   1.360168e-04  -5.412089e-06  -0.000000e+00   8.833314e-09
   9.818708e-04   1.252728e-02  -0.000000e+00   0.000000e+00   0.000000e+00  -9.632046e-05   3.919189e-06   1.870635e-05  -0.000000e+00   1.205719e-09
   7.200022e-03   1.097916e-02  -0.000000e+00   0.000000e+00   0.000000e+00  -1.087841e-03  -1.710408e-04   3.469747e-05  -0.000000e+00   5.405093e-09
   9.882940e-03   1.596254e-02  -0.000000e+00   0.000000e+00   0.000000e+00  -8.683413e-05   2.327768e-06   2.310836e-06  -0.000000e+00   1.123618e-09
   1.798868e-02   5.656444e-03  -0.000000e+00   0.000000e+00   0.000000e+00  -1.979647e-03   2.839616e-05  -3.958598e-04  -0.000000e+00   8.749397e-09
   1.608445e-02   8.098421e-03  -0.000000e+00   0.000000e+00   0.000000e+00  -3.482519e-03   1.161008e-03   7.776130e-04  -0.000000e+00   1.342702e-08
   1.704384e-02   1.926180e-03  -0.000000e+00   0.000000e+00   0.000000e+00  -5.365894e-03   4.018811e-04  -3.328664e-04  -0.000000e+00   1.679935e-08
   1.252287e-02   4.978215e-03  -0.000000e+00   0.000000e+00   0.000000e+00  -1.465079e-03  -1.588246e-05   2.745435e-04  -0.000000e+00   8.448644e-09
   1.543875e-02   4.871934e-03  -0.000000e+00   0.000000e+00   0.000000e+00  -1.398326e-03  -1.823781e-04  -4.258448e-04  -0.000000e+00   8.264673e-09
   1.833727e-02   3.756971e-03  -0.000000e+00   0.000000e+00   0.000000e+00  -2.474035e-03  -2.373882e-04   2.570352e-04  -0.000000e+00   1.047517e-08
   1.520525e-02   1.249890e-03  -0.000000e+00   0.000000e+00   0.000000e+00  -6.004460e-05  -4.417263e-06   2.866053e-05  -0.000000e+00   9.724442e-10
   1.429692e-02   3.059595e-03  -0.000000e+00   0.000000e+00   0.000000e+00  -1.763315e-04  -1.110500e-05  -2.084692e-05  -0.000000e+00   2.198674e-09
   1.247793e-02   1.712636e-03  -0.000000e+00   0.000000e+00   0.000000e+00  -3.180170e-03   9.178551e-04   2.111429e-04  -0.000000e+00   1.240809e-08
   1.348308e-02   9.140882e-03  -0.000000e+00   0.000000e+00   0.000000e+00  -3.889811e-03  -1.411927e-04   9.443363e-05  -0.000000e+00   1.474756e-08
   1.432920e-02   6.939349e-03  -0.000000e+00   0.000000e+00   0.000000e+00  -2.485739e-04   9.523070e-05   1.022693e-06  -0.000000e+00   2.285534e-09
   1.891589e-02   9.329540e-03  -0.000000e+00   0.000000e+00   0.000000e+00  -3.688144e-03   1.602874e-03  -5.713452e-04  -0.000000e+00   1.213378e-08
   1.092328e-02   6.503684e-03  -0.000000e+00   0.000000e+00   0.000000e+00  -3.526833e-04   1.598087e-05  -1.875411e-05  -0.000000e+00   2.543492e-09
   1.127592e-02   8.324320e-03  -0.000000e+00   0.000000e+00   0.000000e+00  -7.786725e-05  -1.794512e-06  -1.657004e-05  -0.000000e+00   1.262983e-09
   1.820332e-02   1.720650e-02  -0.000000e+00   0.000000e+00   0.000000e+00  -6.470085e-03   4.116111e-04  -6.875061e-04  -0.000000e+00   2.493890e-08
   1.877888e-02   1.891658e-02  -0.000000e+00   0.000000e+00   0.000000e+00  -4.815344e-05  -1.165560e-05   6.309726e-09  -0.000000e+00   9.190849e-10
   1.681417e-02   1.499848e-02  -0.000000e+00   0.000000e+00   0.000000e+00  -5.208265e-03  -8.887981e-05  -1.110482e-03  -0.000000e+00   1.675203e-08
   1.490433e-02   1.690794e-02  -0.000000e+00   0.000000e+00   0.000000e+00  -1.796206e-03   4.661740e-04  -1.369168e-05  -0.000000e+00   8.367590e-09
   1.909405e-02   1.491448e-02  -0.000000e+00   0.000000e+00   0.000000e+00  -4.954142e-05  -8.699255e-06   8.323839e-06  -0.000000e+00   8.683893e-10
   1.575897e-02   1.918736e-02  -0.000000e+00   0.000000e+00   0.000000e+00  -5.673717e-05   6.615737e-06  -8.954186e-06  -0.000000e+00   1.045632e-09
   1.395596e-02   1.859686e-02  -0.000000e+00   0.000000e+00   0.000000e+00  -3.774250e-03  -1.699539e-04  -8.346666e-04  -0.000000e+00   1.653642e-08
   1.781076e-02   1.287566e-02  -0.000000e+00   0.000000e+00   0.000000e+00  -5.464806e-05   1.030707e-05   2.207614e-06  -0.000000e+00   1.010882e-09
   1.896021e-02   1.215728e-02  -0.000000e+00   0.000000e+00   0.000000e+00  -5.113244e-05  -4.568497e-06   9.890319e-07  -0.000000e+00   7.928549e-10
   1.167226e-02   1.674333e-02  -0.000000e+00   0.000000e+00   0.000000e+00  -4.830930e-03  -1.239729e-04  -9.777392e-04  -0.000000e+00   1.604379e-08
   1.602096e-02   1.149442e-02  -0.000000e+00   0.000000e+00   0.000000e+00  -6.019845e-04  -6.647132e-05  -9.116161e-05  -0.000000e+00   4.076058e-09
   1.393963e-02   1.271693e-02  -0.000000e+00   0.000000e+00   0.000000e+00  -4.707511e-04  -1.061172e-04   1.123467e-04  -0.000000e+00   3.578634e-09
   1.143509e-02   1.426505e-02  -0.000000e+00   0.000000e+00   0.000000e+00  -3.600359e-03   7.885629e-04  -6.231334e-04  -0.000000e+00   1.508117e-08
   1.486979e-02   1.441518e-02  -0.000000e+00   0.000000e+00   0.000000e+00  -7.405451e-05   2.681820e-05   1.775560e-05  -0.000000e+00   1.012718e-09
   1.122276e-02   1.090281e-02  -0.000000e+00   0.000000e+00   0.000000e+00  -2.128348e-03   5.033500e-04  -4.038315e-04  -0.000000e+00   7.292152e-09
                                                0.000000e+00   0.000000e+00  -1.164789e-01   2.171515e-03  -1.116865e-02   0.000000e+00   7.327208e-09

