              5

              1
             51
          pos_x          pos_y          pos_z       normal_x       normal_y       normal_z        tangt_x        tangt_y        tangt_z          pentr
  -0.000000e+00   3.389181e-03   1.089344e-03  -8.396807e-05   0.000000e+00   0.000000e+00  -0.000000e+00  -2.528902e-05   4.973368e-06   1.419328e-09
  -0.000000e+00   8.972254e-03   1.335538e-03  -2.469348e-03   0.000000e+00   0.000000e+00  -0.000000e+00  -1.061107e-03  -4.518660e-04   9.133226e-09
  -0.000000e+00   9.862890e-04   1.999543e-03  -1.376135e-04   0.000000e+00   0.000000e+00  -0.000000e+00  -2.758587e-05   5.993025e-05   1.530980e-09
  -0.000000e+00   4.147618e-03   1.888437e-03  -2.100038e-05   0.000000e+00   0.000000e+00  -0.000000e+00   6.998223e-06   4.725403e-07   4.724478e-10
  -0.000000e+00   5.958341e-03   2.683974e-03  -8.738650e-04   0.000000e+00   0.000000e+00  -0.000000e+00  -2.756280e-04  -6.871123e-05   5.507641e-09
  -0.000000e+00   2.729681e-03   4.725090e-03  -9.901025e-04   0.000000e+00   0.000000e+00  -0.000000e+00  -1.991894e-04   1.657850e-04   5.893438e-09
  -0.000000e+00   8.787400e-03   5.168998e-03  -1.418660e-03   0.000000e+00   0.000000e+00  -0.000000e+00  -2.161055e-04   3.615337e-05   5.801258e-09
  -0.000000e+00   5.528782e-03   4.970928e-03  -3.341909e-04   0.000000e+00   0.000000e+00  -0.000000e+00   6.740772e-05  -8.995047e-05   2.512298e-09
  -0.000000e+00   1.112024e-03   8.998397e-03  -4.852936e-04   0.000000e+00   0.000000e+00  -0.000000e+00  -1.068059e-04   1.770059e-05   3.893760e-09
  -0.000000e+00   9.141536e-04   4.272299e-03  -1.376926e-03   0.000000e+00   0.000000e+00  -0.000000e+00   2.649505e-04   4.380461e-04   7.999263e-09
  -0.000000e+00   3.843210e-03   6.607958e-03  -9.998095e-03   0.000000e+00   0.000000e+00  -0.000000e+00   1.824950e-03   1.869092e-03   3.648966e-08
  -0.000000e+00   7.008817e-03   6.723349e-03  -3.369565e-05   0.000000e+00   0.000000e+00  -0.000000e+00  -7.836353e-06  -2.934130e-06   6.424617e-10
  -0.000000e+00   6.704756e-03   1.031485e-02  -4.055589e-04   0.000000e+00   0.000000e+00  -0.000000e+00  -1.065635e-04   3.097152e-05   3.105344e-09
  -0.000000e+00   8.446711e-03   8.480364e-03  -3.062321e-04   0.000000e+00   0.000000e+00  -0.000000e+00  -8.645230e-05  -9.004394e-05   2.689203e-09
  -0.000000e+00   5.002200e-03   7.069093e-03  -1.227754e-05   0.000000e+00   0.000000e+00  -0.000000e+00  -2.330449e-06   4.787707e-06   3.131863e-10
  -0.000000e+00   3.405672e-03   9.524824e-03  -4.560855e-04   0.000000e+00   0.000000e+00  -0.000000e+00  -5.389845e-05   1.512833e-04   3.764687e-09
  -0.000000e+00   5.996880e-03   1.485378e-02  -1.023057e-03   0.000000e+00   0.000000e+00  -0.000000e+00  -1.378745e-04  -1.470029e-04   4.884566e-09
  -0.000000e+00   8.350434e-03   1.525641e-02  -1.624208e-04   0.000000e+00   0.000000e+00  -0.000000e+00  -3.585049e-06  -7.112432e-06   1.941313e-09
  -0.000000e+00   2.044222e-03   1.453751e-02  -8.311052e-05   0.000000e+00   0.000000e+00  -0.000000e+00  -9.080748e-06  -3.288864e-05   1.099050e-09
  -0.000000e+00   8.934473e-03   1.338564e-02  -2.273255e-05   0.000000e+00   0.000000e+00  -0.000000e+00   3.318161e-06  -5.242907e-06   5.755733e-10
  -0.000000e+00   7.619021e-03   1.249280e-02  -1.292511e-05   0.000000e+00   0.000000e+00  -0.000000e+00   2.771355e-06  -4.462313e-06   3.925253e-10
  -0.000000e+00   4.275975e-03   1.272263e-02  -4.474401e-04   0.000000e+00   0.000000e+00  -0.000000e+00   1.456091e-04  -1.463956e-04   3.135432e-09
  -0.000000e+00   1.125378e-03   1.224953e-02  -3.074246e-04   0.000000e+00   0.000000e+00  -0.000000e+00   5.285515e-05  -7.832378e-05   3.349351e-09
  -0.000000e+00   2.294153e-03   1.064543e-02  -2.462594e-05   0.000000e+00   0.000000e+00  -0.000000e+00  -7.133700e-06   1.211284e-06   5.430858e-10
  -0.000000e+00   1.434138e-02   4.756012e-03  -5.071605e-06   0.000000e+00   0.000000e+00  -0.000000e+00  -7.964265e-07   5.907733e-07   2.203383e-10
  -0.000000e+00   1.818684e-02   4.836714e-03  -1.172291e-04   0.000000e+00   0.000000e+00  -0.000000e+00  -2.485852e-05   8.298169e-06   1.480421e-09
  -0.000000e+00   1.829768e-02   7.059360e-03  -1.250382e-06   0.000000e+00   0.000000e+00  -0.000000e+00   4.070696e-09  -5.775781e-07   7.501540e-11
  -0.000000e+00   1.728989e-02   2.753703e-03  -2.135817e-03   0.000000e+00   0.000000e+00  -0.000000e+00   9.428046e-05  -7.099724e-04   9.405148e-09
  -0.000000e+00   1.547342e-02   1.138925e-03  -1.205087e-05   0.000000e+00   0.000000e+00  -0.000000e+00  -3.857959e-06  -1.093106e-06   3.508196e-10
  -0.000000e+00   1.393083e-02   2.762651e-03  -4.707904e-03   0.000000e+00   0.000000e+00  -0.000000e+00   2.373980e-05   5.008761e-04   1.460723e-08
  -0.000000e+00   1.515352e-02   7.319486e-03  -4.461792e-04   0.000000e+00   0.000000e+00  -0.000000e+00   9.515679e-05   1.928769e-05   3.359313e-09
  -0.000000e+00   1.146932e-02   1.630364e-03  -1.224312e-05   0.000000e+00   0.000000e+00  -0.000000e+00  -5.172836e-06  -1.158818e-06   3.891500e-10
  -0.000000e+00   1.603988e-02   4.433560e-03  -1.053993e-03   0.000000e+00   0.000000e+00  -0.000000e+00   4.621523e-05  -1.212721e-04   7.429354e-09
  -0.000000e+00   1.615213e-02   8.432857e-03  -5.027191e-03   0.000000e+00   0.000000e+00  -0.000000e+00  -1.279866e-03  -6.415406e-04   1.682952e-08
  -0.000000e+00   1.603530e-02   5.656286e-03  -2.119192e-05   0.000000e+00   0.000000e+00  -0.000000e+00   1.395058e-06  -4.599262e-06   5.308625e-10
  -0.000000e+00   1.154584e-02   7.540347e-03  -2.350857e-03   0.000000e+00   0.000000e+00  -0.000000e+00  -6.297271e-04   1.569303e-04   1.137425e-08
  -0.000000e+00   1.372470e-02   6.252975e-03  -4.218756e-05   0.000000e+00   0.000000e+00  -0.000000e+00   6.501525e-06  -3.058685e-06   7.491617e-10
  -0.000000e+00   1.384116e-02   9.181465e-03  -1.017126e-03   0.000000e+00   0.000000e+00  -0.000000e+00   3.519585e-04   2.591330e-05   5.763842e-09
  -0.000000e+00   1.010289e-02   8.168359e-03  -1.650379e-04   0.000000e+00   0.000000e+00  -0.000000e+00  -3.325342e-05  -5.180567e-05   2.157926e-09
  -0.000000e+00   1.907186e-02   9.383562e-03  -2.554289e-03   0.000000e+00   0.000000e+00  -0.000000e+00   4.034268e-04   2.113983e-04   1.111370e-08
  -0.000000e+00   1.196789e-02   9.114589e-03  -1.190923e-03   0.000000e+00   0.000000e+00  -0.000000e+00   1.002868e-04   6.383309e-06   8.682741e-09
  -0.000000e+00   1.021917e-02   9.473449e-03  -2.708204e-04   0.000000e+00   0.000000e+00  -0.000000e+00  -7.330682e-05  -8.704127e-05   2.456432e-09
  -0.000000e+00   1.362048e-02   1.704800e-02  -5.649151e-07   0.000000e+00   0.000000e+00   0.000000e+00  -1.329885e-07  -2.491913e-07   3.651892e-11
  -0.000000e+00   1.841437e-02   1.786686e-02  -7.722844e-05   0.000000e+00   0.000000e+00  -0.000000e+00  -9.811582e-06   2.625843e-05   1.218615e-09
  -0.000000e+00   1.218177e-02   1.495900e-02  -4.889548e-05   0.000000e+00   0.000000e+00  -0.000000e+00  -6.674626e-07  -3.617446e-07   7.880919e-10
  -0.000000e+00   1.445514e-02   1.465821e-02  -2.780474e-05   0.000000e+00   0.000000e+00  -0.000000e+00  -5.835642e-06   7.148454e-07   5.092154e-10
  -0.000000e+00   1.044132e-02   1.452670e-02  -3.449828e-04   0.000000e+00   0.000000e+00  -0.000000e+00   7.722813e-05  -1.210200e-04   3.066905e-09
  -0.000000e+00   1.181124e-02   1.273643e-02  -9.160503e-04   0.000000e+00   0.000000e+00  -0.000000e+00  -8.640132e-06  -1.038680e-04   4.935220e-09
  -0.000000e+00   1.450610e-02   1.209753e-02  -1.282708e-03   0.000000e+00   0.000000e+00  -0.000000e+00   1.668766e-04   1.010691e-06   6.722723e-09
  -0.000000e+00   1.651872e-02   1.218897e-02  -1.643729e-03   0.000000e+00   0.000000e+00  -0.000000e+00  -5.352417e-04   5.611579e-05   8.111612e-09
  -0.000000e+00   1.844904e-02   1.190970e-02  -1.923877e-04   0.000000e+00   0.000000e+00  -0.000000e+00  -4.110668e-05   3.926978e-05   2.061509e-09
                                               -4.715237e-02   0.000000e+00   0.000000e+00   0.000000e+00  -1.242811e-03   8.609013e-04   4.539504e-09

              2
             36
          pos_x          pos_y          pos_z       normal_x       normal_y       normal_z        tangt_x        tangt_y        tangt_z          pentr
   2.000000e-02   3.222643e-03   3.315071e-03   3.246835e-03   0.000000e+00   0.000000e+00  -0.000000e+00  -3.909347e-04   1.257666e-03   1.025830e-08
   2.000000e-02   1.866265e-03   6.320243e-03   3.181532e-03   0.000000e+00   0.000000e+00  -0.000000e+00   8.472116e-04   1.140903e-03   9.873335e-09
   2.000000e-02   5.555397e-03   5.159228e-03   1.498179e-03   0.000000e+00   0.000000e+00  -0.000000e+00   4.960519e-04  -2.687198e-04   7.419933e-09
   2.000000e-02   8.661527e-03   6.008105e-03   3.862982e-03   0.000000e+00   0.000000e+00  -0.000000e+00  -6.687815e-04   5.250920e-04   1.313334e-08
   2.000000e-02   3.712012e-03   9.332781e-03   1.600826e-04   0.000000e+00   0.000000e+00  -0.000000e+00  -2.301623e-05   2.636587e-05   1.992343e-09
   2.000000e-02   6.024922e-03   7.540310e-03   8.025042e-04   0.000000e+00   0.000000e+00  -0.000000e+00  -2.332740e-05  -2.700454e-04   4.854226e-09
   2.000000e-02   1.106289e-03   9.341803e-03   6.589687e-04   0.000000e+00   0.000000e+00  -0.000000e+00  -1.353728e-04  -1.779344e-04   4.649750e-09
   2.000000e-02   8.864746e-03   2.764454e-03   4.808137e-05   0.000000e+00   0.000000e+00  -0.000000e+00   2.114006e-05   3.098878e-06   9.218910e-10
   2.000000e-02   7.548841e-03   1.747884e-02   6.852391e-05   0.000000e+00   0.000000e+00  -0.000000e+00   1.481818e-05  -4.356471e-06   1.126332e-09
   2.000000e-02   9.020822e-03   1.561657e-02   2.864129e-04   0.000000e+00   0.000000e+00  -0.000000e+00  -1.492647e-05  -4.716240e-05   2.461703e-09
   2.000000e-02   2.152294e-03   1.512360e-02   4.515236e-04   0.000000e+00   0.000000e+00  -0.000000e+00  -1.282155e-04   2.585769e-05   3.508316e-09
   2.000000e-02   5.299930e-03   1.545096e-02   6.456968e-04   0.000000e+00   0.000000e+00  -0.000000e+00   1.672385e-04   1.738496e-04   4.066390e-09
   2.000000e-02   4.826928e-03   1.250638e-02   2.875554e-05   0.000000e+00   0.000000e+00  -0.000000e+00   6.972596e-07   3.214915e-06   6.502817e-10
   2.000000e-02   3.386767e-03   1.085551e-02   3.327502e-04   0.000000e+00   0.000000e+00  -0.000000e+00   1.526934e-05  -1.770968e-05   2.799513e-09
   2.000000e-02   6.664270e-03   1.059069e-02   2.134426e-03   0.000000e+00   0.000000e+00  -0.000000e+00  -3.718542e-04   2.612882e-05   7.359590e-09
   2.000000e-02   1.868061e-02   1.147074e-03   1.067103e-05   0.000000e+00   0.000000e+00  -0.000000e+00  -5.159923e-07  -4.510725e-06   3.508450e-10
   2.000000e-02   1.635308e-02   4.832044e-03   3.426093e-03   0.000000e+00   0.000000e+00  -0.000000e+00  -1.031789e-03  -5.242224e-04   1.306673e-08
   2.000000e-02   1.531118e-02   3.065644e-03   6.159845e-03   0.000000e+00   0.000000e+00  -0.000000e+00   6.915468e-04   2.033969e-03   1.710492e-08
   2.000000e-02   1.900224e-02   4.584854e-03   4.619327e-04   0.000000e+00   0.000000e+00  -0.000000e+00  -2.733749e-05  -1.454795e-04   3.421447e-09
   2.000000e-02   1.861632e-02   9.407788e-03   2.870803e-03   0.000000e+00   0.000000e+00  -0.000000e+00   6.271796e-04   8.466379e-04   1.018509e-08
   2.000000e-02   1.790055e-02   3.063176e-03   3.015066e-03   0.000000e+00   0.000000e+00  -0.000000e+00   8.736769e-04   5.617812e-07   1.256881e-08
   2.000000e-02   1.474775e-02   8.741502e-04   9.535125e-06   0.000000e+00   0.000000e+00  -0.000000e+00  -2.021956e-06  -2.925803e-06   2.992695e-10
   2.000000e-02   1.145000e-02   8.865010e-03   1.685290e-03   0.000000e+00   0.000000e+00  -0.000000e+00  -1.976406e-04  -1.660928e-04   8.955756e-09
   2.000000e-02   1.284663e-02   3.556917e-03   1.884317e-03   0.000000e+00   0.000000e+00  -0.000000e+00  -3.580516e-04  -5.125826e-04   8.015723e-09
   2.000000e-02   1.229373e-02   6.529647e-04   4.803561e-06   0.000000e+00   0.000000e+00  -0.000000e+00   2.113030e-07  -6.799674e-07   2.253133e-10
   2.000000e-02   1.023468e-02   7.289691e-03   2.468175e-05   0.000000e+00   0.000000e+00  -0.000000e+00  -6.131713e-06   3.976128e-07   5.075029e-10
   2.000000e-02   1.386367e-02   1.770688e-02   3.761628e-05   0.000000e+00   0.000000e+00  -0.000000e+00   1.339305e-05   9.690542e-06   8.526342e-10
   2.000000e-02   1.703037e-02   1.810959e-02   3.664030e-04   0.000000e+00   0.000000e+00  -0.000000e+00   4.767536e-05   1.846203e-05   2.741046e-09
   2.000000e-02   1.297227e-02   1.620094e-02   1.072237e-04   0.000000e+00   0.000000e+00  -0.000000e+00   4.326095e-05  -1.692995e-05   1.174671e-09
   2.000000e-02   1.090328e-02   1.524780e-02   4.820291e-05   0.000000e+00   0.000000e+00  -0.000000e+00  -9.230774e-06  -1.109372e-05   8.400965e-10
   2.000000e-02   1.361752e-02   1.416528e-02   7.157604e-05   0.000000e+00   0.000000e+00  -0.000000e+00  -1.096087e-06   2.260284e-05   1.307417e-09
   2.000000e-02   1.082095e-02   1.314853e-02   2.641542e-04   0.000000e+00   0.000000e+00  -0.000000e+00   4.269201e-05   2.825650e-05   2.695305e-09
   2.000000e-02   1.822797e-02   1.281184e-02   2.636235e-04   0.000000e+00   0.000000e+00  -0.000000e+00  -1.140888e-04   3.894847e-05   2.223296e-09
   2.000000e-02   1.280281e-02   1.235927e-02   1.546574e-04   0.000000e+00   0.000000e+00  -0.000000e+00   1.005403e-05  -4.790421e-05   1.774295e-09
   2.000000e-02   1.908643e-02   1.136539e-02   2.086883e-04   0.000000e+00   0.000000e+00  -0.000000e+00   5.176063e-05  -3.373012e-05   2.527719e-09
   2.000000e-02   9.687569e-03   1.069940e-02   1.067432e-03   0.000000e+00   0.000000e+00  -0.000000e+00  -1.508330e-04  -1.988365e-04   6.027778e-09
                                                3.954987e-02   0.000000e+00   0.000000e+00   0.000000e+00   3.087113e-04   3.730787e-03   4.776136e-09

              3
             42
          pos_x          pos_y          pos_z       normal_x       normal_y       normal_z        tangt_x        tangt_y        tangt_z          pentr
   6.189399e-03  -0.000000e+00   9.887060e-04   0.000000e+00  -1.237388e-03   0.000000e+00   4.827759e-06  -0.000000e+00  -2.576244e-04   7.612312e-09
   6.084204e-04  -0.000000e+00   1.824327e-03   0.000000e+00  -1.286671e-05   0.000000e+00  -3.621100e-06  -0.000000e+00  -2.334836e-06   4.384451e-10
   3.902296e-03  -0.000000e+00   1.935869e-03   0.000000e+00  -1.744734e-05   0.000000e+00   2.833731e-06  -0.000000e+00   1.963714e-06   3.956684e-10
   2.128808e-03  -0.000000e+00   3.459440e-03   0.000000e+00  -4.087715e-03   0.000000e+00  -5.376804e-04  -0.000000e+00   1.443479e-03   1.505231e-08
   1.679354e-03  -0.000000e+00   6.310454e-03   0.000000e+00  -8.494973e-04   0.000000e+00   8.064579e-05  -0.000000e+00   1.574086e-04   5.279716e-09
   1.376310e-03  -0.000000e+00   8.432309e-03   0.000000e+00  -8.221951e-04   0.000000e+00  -5.005371e-06  -0.000000e+00  -3.154870e-04   4.635773e-09
   2.400774e-03  -0.000000e+00   4.878733e-03   0.000000e+00  -1.069664e-04   0.000000e+00   2.446231e-06  -0.000000e+00  -4.494954e-05   1.613027e-09
   8.820985e-04  -0.000000e+00   4.208787e-03   0.000000e+00  -2.171617e-04   0.000000e+00  -4.682795e-05  -0.000000e+00   4.761634e-05   2.392667e-09
   3.936866e-03  -0.000000e+00   6.365416e-03   0.000000e+00  -9.715076e-05   0.000000e+00   6.500002e-06  -0.000000e+00   4.092490e-05   1.413179e-09
   8.081124e-03  -0.000000e+00   6.139003e-03   0.000000e+00  -3.705026e-04   0.000000e+00  -3.862344e-05  -0.000000e+00  -7.004730e-05   2.809445e-09
   3.673928e-03  -0.000000e+00   7.664758e-03   0.000000e+00  -1.347931e-03   0.000000e+00   1.974313e-04  -0.000000e+00  -3.060705e-04   7.430610e-09
   5.729170e-03  -0.000000e+00   6.170154e-03   0.000000e+00  -6.262678e-05   0.000000e+00   7.068321e-06  -0.000000e+00   1.690956e-05   1.130592e-09
   5.631679e-03  -0.000000e+00   7.783789e-03   0.000000e+00  -3.968378e-05   0.000000e+00  -1.594400e-05  -0.000000e+00   4.014511e-06   8.312166e-10
   9.704062e-03  -0.000000e+00   1.377363e-03   0.000000e+00  -3.018790e-03   0.000000e+00   4.108964e-05  -0.000000e+00   7.763614e-04   1.322642e-08
   7.735734e-03  -0.000000e+00   8.337123e-03   0.000000e+00  -9.588250e-05   0.000000e+00   1.471925e-05  -0.000000e+00   3.349661e-05   1.240092e-09
   5.616989e-03  -0.000000e+00   1.872092e-02   0.000000e+00  -6.546544e-05   0.000000e+00  -1.628866e-05  -0.000000e+00  -2.156737e-05   9.798130e-10
   6.448686e-03  -0.000000e+00   1.442451e-02   0.000000e+00  -6.004290e-04   0.000000e+00  -1.166525e-04  -0.000000e+00   2.259206e-04   3.970162e-09
   4.050112e-03  -0.000000e+00   1.537481e-02   0.000000e+00  -7.163717e-05   0.000000e+00   1.051211e-05  -0.000000e+00  -2.045305e-05   1.080090e-09
   1.770280e-03  -0.000000e+00   1.395488e-02   0.000000e+00  -2.764122e-04   0.000000e+00   1.368677e-05  -0.000000e+00   8.218353e-05   2.123315e-09
   8.302811e-03  -0.000000e+00   1.204429e-02   0.000000e+00  -1.510443e-04   0.000000e+00   3.947414e-05  -0.000000e+00  -4.314082e-05   1.530217e-09
   2.526124e-03  -0.000000e+00   1.242663e-02   0.000000e+00  -2.121626e-05   0.000000e+00   5.631269e-06  -0.000000e+00   8.327113e-06   5.309584e-10
   1.398066e-03  -0.000000e+00   1.057293e-02   0.000000e+00  -5.225921e-04   0.000000e+00  -1.289020e-04  -0.000000e+00   7.975678e-05   4.069038e-09
   5.741466e-03  -0.000000e+00   1.068639e-02   0.000000e+00  -2.605530e-03   0.000000e+00   6.700991e-04  -0.000000e+00   5.162260e-04   1.316676e-08
   1.763547e-02  -0.000000e+00   1.815855e-03   0.000000e+00  -1.701175e-03   0.000000e+00   6.215038e-04  -0.000000e+00  -1.564535e-04   7.889155e-09
   1.736251e-02  -0.000000e+00   4.645222e-03   0.000000e+00  -5.059484e-03   0.000000e+00   1.648179e-03  -0.000000e+00  -8.432015e-04   1.568482e-08
   1.861943e-02  -0.000000e+00   9.378352e-03   0.000000e+00  -1.045853e-03   0.000000e+00   2.191314e-04  -0.000000e+00  -2.713203e-04   5.315356e-09
   1.511508e-02  -0.000000e+00   2.857671e-03   0.000000e+00  -9.563398e-04   0.000000e+00  -1.553631e-04  -0.000000e+00   3.891380e-04   5.206013e-09
   1.539775e-02  -0.000000e+00   9.755055e-04   0.000000e+00  -2.866236e-05   0.000000e+00   4.428900e-06  -0.000000e+00   7.828955e-06   7.041300e-10
   1.277935e-02  -0.000000e+00   1.469756e-03   0.000000e+00  -4.003192e-03   0.000000e+00   2.993377e-04  -0.000000e+00  -1.760006e-03   1.558923e-08
   1.090347e-02  -0.000000e+00   6.253133e-03   0.000000e+00  -3.998144e-04   0.000000e+00   8.739380e-05  -0.000000e+00  -1.182884e-04   3.283624e-09
   1.449440e-02  -0.000000e+00   8.967985e-03   0.000000e+00  -2.472255e-05   0.000000e+00   5.312436e-07  -0.000000e+00  -3.547991e-06   4.469007e-10
   1.044016e-02  -0.000000e+00   3.207718e-03   0.000000e+00  -2.792749e-04   0.000000e+00   4.127421e-05  -0.000000e+00  -2.861356e-05   2.179503e-09
   1.706000e-02  -0.000000e+00   9.278848e-03   0.000000e+00  -1.335981e-05   0.000000e+00   2.424055e-07  -0.000000e+00   3.749308e-06   4.036654e-10
   1.272210e-02  -0.000000e+00   8.248994e-03   0.000000e+00  -2.643723e-04   0.000000e+00  -1.129102e-04  -0.000000e+00  -5.915456e-05   2.959686e-09
   1.222950e-02  -0.000000e+00   6.596798e-03   0.000000e+00  -5.776126e-06   0.000000e+00   8.416927e-07  -0.000000e+00   7.955683e-07   1.896349e-10
   1.023573e-02  -0.000000e+00   1.038876e-02   0.000000e+00  -1.717681e-03   0.000000e+00  -3.843470e-04  -0.000000e+00   2.127409e-04   8.562757e-09
   1.301983e-02  -0.000000e+00   1.630710e-02   0.000000e+00  -2.304378e-05   0.000000e+00  -9.002256e-07  -0.000000e+00  -6.770977e-06   5.046451e-10
   1.748306e-02  -0.000000e+00   1.499675e-02   0.000000e+00  -3.218305e-04   0.000000e+00  -1.205680e-05  -0.000000e+00  -1.064770e-04   2.514280e-09
   1.097488e-02  -0.000000e+00   1.514732e-02   0.000000e+00  -2.090349e-03   0.000000e+00  -5.396796e-04  -0.000000e+00   2.905380e-04   8.850382e-09
   1.460197e-02  -0.000000e+00   1.436132e-02   0.000000e+00  -7.259874e-04   0.000000e+00   2.162604e-04  -0.000000e+00  -2.664242e-04   4.610113e-09
   1.586920e-02  -0.000000e+00   1.253229e-02   0.000000e+00  -1.742747e-04   0.000000e+00  -2.646554e-05  -0.000000e+00  -4.927894e-05   1.685395e-09
   1.308502e-02  -0.000000e+00   1.213463e-02   0.000000e+00  -7.146425e-04   0.000000e+00   5.621586e-05  -0.000000e+00   1.438205e-04   5.630285e-09
                                                0.000000e+00  -3.624797e-02   0.000000e+00   2.151038e-03   0.000000e+00  -2.680117e-04   4.408605e-09

              4
             41
          pos_x          pos_y          pos_z       normal_x       normal_y       normal_z        tangt_x        tangt_y        tangt_z          pentr
   1.648188e-03   2.000000e-02   2.474969e-03   0.000000e+00   2.309982e-04   0.000000e+00   5.109736e-05  -0.000000e+00  -3.716178e-05   1.989263e-09
   6.535048e-03   2.000000e-02   6.124092e-03   0.000000e+00   4.590368e-04   0.000000e+00   9.760439e-05  -0.000000e+00  -1.611265e-04   3.398002e-09
   3.888210e-03   2.000000e-02   4.056266e-03   0.000000e+00   2.192805e-03   0.000000e+00   1.009752e-03  -0.000000e+00  -2.359078e-04   8.504371e-09
   7.878791e-03   2.000000e-02   2.668059e-03   0.000000e+00   1.583298e-03   0.000000e+00  -4.292115e-04  -0.000000e+00  -4.079188e-04   7.859128e-09
   9.664225e-03   2.000000e-02   7.010222e-03   0.000000e+00   2.351598e-03   0.000000e+00   6.473352e-04  -0.000000e+00   3.912659e-04   1.034464e-08
   4.818053e-03   2.000000e-02   1.240074e-03   0.000000e+00   4.397648e-04   0.000000e+00   1.101509e-04  -0.000000e+00   3.450918e-05   3.124710e-09
   3.651097e-03   2.000000e-02   9.568421e-03   0.000000e+00   6.350721e-03   0.000000e+00   2.270638e-03  -0.000000e+00   4.188949e-04   1.462212e-08
   8.269212e-03   2.000000e-02   9.471093e-03   0.000000e+00   8.321862e-04   0.000000e+00   1.462617e-04  -0.000000e+00  -1.451255e-05   4.587299e-09
   9.657553e-03   2.000000e-02   1.299644e-03   0.000000e+00   2.164430e-04   0.000000e+00   2.007666e-05  -0.000000e+00  -4.610707e-05   2.318646e-09
   7.850003e-03   2.000000e-02   6.593559e-03   0.000000e+00   5.197858e-04   0.000000e+00  -2.938261e-05  -0.000000e+00  -3.121098e-05   4.220690e-09
   7.538727e-04   2.000000e-02   9.396682e-03   0.000000e+00   8.504343e-04   0.000000e+00  -1.761746e-04  -0.000000e+00   6.611214e-05   6.284312e-09
   1.700071e-03   2.000000e-02   1.803378e-02   0.000000e+00   2.196794e-05   0.000000e+00  -4.235490e-07  -0.000000e+00   9.506642e-06   5.094012e-10
   7.780409e-03   2.000000e-02   1.590237e-02   0.000000e+00   2.812526e-04   0.000000e+00   1.695504e-07  -0.000000e+00  -2.931530e-05   3.069384e-09
   5.308973e-03   2.000000e-02   1.524413e-02   0.000000e+00   1.024548e-03   0.000000e+00   2.337748e-04  -0.000000e+00   9.365281e-06   6.498044e-09
   2.280898e-03   2.000000e-02   1.562802e-02   0.000000e+00   8.388516e-04   0.000000e+00   2.228067e-04  -0.000000e+00   2.772737e-05   4.584515e-09
   9.831439e-03   2.000000e-02   1.385929e-02   0.000000e+00   2.826735e-04   0.000000e+00   1.998220e-05  -0.000000e+00  -5.925527e-05   2.108609e-09
   5.357141e-03   2.000000e-02   1.238574e-02   0.000000e+00   3.792836e-05   0.000000e+00  -9.416845e-06  -0.000000e+00   8.390712e-06   5.940736e-10
   1.604213e-03   2.000000e-02   1.137092e-02   0.000000e+00   1.278852e-04   0.000000e+00  -3.462948e-05  -0.000000e+00   3.429265e-05   1.499797e-09
   1.794356e-02   2.000000e-02   5.606311e-03   0.000000e+00   3.761533e-04   0.000000e+00  -6.482446e-05  -0.000000e+00   2.849004e-05   3.229000e-09
   1.939956e-02   2.000000e-02   4.534015e-03   0.000000e+00   8.010680e-04   0.000000e+00   8.765421e-05  -0.000000e+00   6.297188e-05   6.967788e-09
   1.657703e-02   2.000000e-02   8.491271e-03   0.000000e+00   1.144211e-03   0.000000e+00  -3.721095e-04  -0.000000e+00  -1.298674e-05   6.820154e-09
   1.620095e-02   2.000000e-02   3.799025e-03   0.000000e+00   1.500398e-03   0.000000e+00  -3.511457e-04  -0.000000e+00  -1.416411e-04   9.019522e-09
   1.790094e-02   2.000000e-02   1.039853e-02   0.000000e+00   6.580994e-04   0.000000e+00   8.944659e-05  -0.000000e+00  -9.396066e-06   5.412968e-09
   1.775593e-02   2.000000e-02   2.692261e-03   0.000000e+00   3.554386e-03   0.000000e+00   2.983243e-04  -0.000000e+00  -1.453032e-03   1.364349e-08
   1.412030e-02   2.000000e-02   4.115811e-03   0.000000e+00   8.322843e-04   0.000000e+00  -2.718217e-04  -0.000000e+00  -8.142780e-05   5.191606e-09
   1.543239e-02   2.000000e-02   9.592337e-04   0.000000e+00   1.028668e-05   0.000000e+00  -2.493427e-06  -0.000000e+00   1.189861e-06   2.909132e-10
   1.376079e-02   2.000000e-02   1.880983e-03   0.000000e+00   4.815252e-03   0.000000e+00   1.717354e-03  -0.000000e+00   1.055350e-03   1.593448e-08
   1.540903e-02   2.000000e-02   7.189660e-03   0.000000e+00   1.015489e-05   0.000000e+00  -1.867839e-06  -0.000000e+00   2.648416e-06   2.687287e-10
   1.168820e-02   2.000000e-02   2.101239e-03   0.000000e+00   1.157559e-02   0.000000e+00  -1.421677e-03  -0.000000e+00  -4.658602e-04   2.584161e-08
   1.418853e-02   2.000000e-02   5.594733e-03   0.000000e+00   2.960970e-05   0.000000e+00   7.531215e-07  -0.000000e+00   9.165520e-06   6.469945e-10
   1.179758e-02   2.000000e-02   5.311177e-03   0.000000e+00   3.710725e-04   0.000000e+00  -1.072759e-04  -0.000000e+00  -3.471858e-05   3.001271e-09
   1.616469e-02   2.000000e-02   6.053254e-03   0.000000e+00   1.292099e-04   0.000000e+00   1.468538e-05  -0.000000e+00   6.244171e-05   1.980209e-09
   1.404481e-02   2.000000e-02   7.323915e-03   0.000000e+00   4.922357e-05   0.000000e+00   1.471573e-05  -0.000000e+00  -7.439566e-06   1.015546e-09
   1.134424e-02   2.000000e-02   8.926865e-03   0.000000e+00   3.981454e-04   0.000000e+00   8.936649e-05  -0.000000e+00   9.823444e-05   2.945982e-09
   1.456758e-02   2.000000e-02   9.752482e-03   0.000000e+00   1.678452e-04   0.000000e+00   3.778029e-05  -0.000000e+00   5.740508e-05   1.878246e-09
   1.402748e-02   2.000000e-02   1.716031e-02   0.000000e+00   4.983964e-04   0.000000e+00  -1.369496e-04  -0.000000e+00   2.869337e-05   3.574666e-09
   1.140816e-02   2.000000e-02   1.594153e-02   0.000000e+00   5.979057e-05   0.000000e+00  -1.833850e-05  -0.000000e+00  -1.709812e-05   1.071871e-09
   1.763182e-02   2.000000e-02   1.466123e-02   0.000000e+00   2.823859e-04   0.000000e+00  -9.935919e-05  -0.000000e+00  -3.659040e-05   2.571818e-09
   1.255691e-02   2.000000e-02   1.373323e-02   0.000000e+00   4.219590e-04   0.000000e+00  -1.435537e-04  -0.000000e+00   1.989381e-05   3.323983e-09
   1.185804e-02   2.000000e-02   1.123803e-02   0.000000e+00   1.043059e-03   0.000000e+00  -3.058594e-05  -0.000000e+00  -4.729403e-04   4.996102e-09
   1.925359e-02   2.000000e-02   1.131546e-02   0.000000e+00   9.333661e-05   0.000000e+00  -2.910638e-05  -0.000000e+00   1.516045e-05   1.647806e-09
                                                0.000000e+00   4.746410e-02   0.000000e+00   3.449382e-03   0.000000e+00  -1.313939e-03   5.058336e-09

              5
             62
          pos_x          pos_y          pos_z       normal_x       normal_y       normal_z        tangt_x        tangt_y        tangt_z          pentr
   2.176667e-03   1.561531e-03  -0.000000e+00   0.000000e+00   0.000000e+00  -8.410037e-03   2.263497e-04  -1.074191e-03  -0.000000e+00   2.090372e-08
   6.371591e-03   1.429754e-03  -0.000000e+00   0.000000e+00   0.000000e+00  -2.049798e-03   4.533683e-04   3.331247e-04  -0.000000e+00   8.209418e-09
   4.695576e-03   5.495453e-03  -0.000000e+00   0.000000e+00   0.000000e+00  -5.787205e-05   1.182729e-05   2.578522e-05  -0.000000e+00   1.031054e-09
   1.279665e-03   3.459621e-03  -0.000000e+00   0.000000e+00   0.000000e+00  -1.292180e-04   4.965571e-05  -2.515580e-05  -0.000000e+00   1.692811e-09
   6.064867e-03   8.902548e-03  -0.000000e+00   0.000000e+00   0.000000e+00  -2.718331e-04  -4.729625e-05   5.443188e-05  -0.000000e+00   3.053185e-09
   1.188874e-03   9.737834e-03  -0.000000e+00   0.000000e+00   0.000000e+00  -3.401305e-03  -9.234123e-04   7.673825e-04  -0.000000e+00   1.257684e-08
   7.862885e-04   5.629018e-03  -0.000000e+00   0.000000e+00   0.000000e+00  -6.232126e-05  -1.124300e-05   8.221071e-06  -0.000000e+00   9.024174e-10
   2.646378e-03   4.989886e-03  -0.000000e+00   0.000000e+00   0.000000e+00  -1.352131e-04   8.887961e-06   5.290325e-05  -0.000000e+00   1.579118e-09
   2.345021e-03   6.803889e-03  -0.000000e+00   0.000000e+00   0.000000e+00  -1.559016e-04   6.229282e-06   5.198703e-06  -0.000000e+00   1.658878e-09
   3.926050e-03   9.290786e-03  -0.000000e+00   0.000000e+00   0.000000e+00  -6.104441e-04  -2.276849e-04   1.373334e-04  -0.000000e+00   3.509969e-09
   4.292142e-03   1.327909e-03  -0.000000e+00   0.000000e+00   0.000000e+00  -5.375766e-04  -3.054307e-05  -1.331480e-04  -0.000000e+00   3.800373e-09
   3.367302e-03   3.054522e-03  -0.000000e+00   0.000000e+00   0.000000e+00  -2.619871e-05   4.474055e-06  -4.688462e-06  -0.000000e+00   6.326219e-10
   4.410881e-03   6.638505e-03  -0.000000e+00   0.000000e+00   0.000000e+00  -5.239897e-05   4.147974e-08   4.832345e-07  -0.000000e+00   1.004271e-09
   5.115109e-03   3.556048e-03  -0.000000e+00   0.000000e+00   0.000000e+00  -4.438708e-03  -4.371240e-04   6.092871e-04  -0.000000e+00   1.620255e-08
   6.293255e-03   6.672170e-03  -0.000000e+00   0.000000e+00   0.000000e+00  -4.583810e-04  -7.255133e-05  -4.676115e-05  -0.000000e+00   3.638505e-09
   8.492820e-03   5.217157e-03  -0.000000e+00   0.000000e+00   0.000000e+00  -6.462724e-03  -3.051887e-04  -2.735282e-03  -0.000000e+00   1.887113e-08
   8.315126e-03   8.071724e-03  -0.000000e+00   0.000000e+00   0.000000e+00  -6.859572e-03  -1.101830e-03  -2.700102e-03  -0.000000e+00   1.848150e-08
   9.430722e-03   2.211645e-03  -0.000000e+00   0.000000e+00   0.000000e+00  -4.895586e-03  -6.678032e-04  -4.978031e-04  -0.000000e+00   1.321364e-08
   1.044022e-03   1.843453e-02  -0.000000e+00   0.000000e+00   0.000000e+00  -1.144601e-03  -2.085117e-04   3.015100e-04  -0.000000e+00   5.733930e-09
   4.013516e-03   1.872976e-02  -0.000000e+00   0.000000e+00   0.000000e+00  -6.470392e-04   4.986018e-05  -8.681641e-05  -0.000000e+00   4.093566e-09
   2.346650e-03   1.685582e-02  -0.000000e+00   0.000000e+00   0.000000e+00  -2.403036e-04   4.159805e-05  -1.800289e-05  -0.000000e+00   2.548714e-09
   6.292790e-03   1.816644e-02  -0.000000e+00   0.000000e+00   0.000000e+00  -1.913006e-04  -5.233426e-05   6.474668e-05  -0.000000e+00   1.912930e-09
   1.049215e-03   1.581044e-02  -0.000000e+00   0.000000e+00   0.000000e+00  -5.112295e-05   1.207929e-05   3.767988e-06  -0.000000e+00   9.883637e-10
   6.798655e-03   1.511684e-02  -0.000000e+00   0.000000e+00   0.000000e+00  -3.341661e-03  -1.088439e-03  -7.778523e-04  -0.000000e+00   1.286314e-08
   3.259099e-03   1.271949e-02  -0.000000e+00   0.000000e+00   0.000000e+00  -6.920972e-05  -2.757782e-06  -1.707198e-05  -0.000000e+00   9.693452e-10
   5.015953e-03   1.618391e-02  -0.000000e+00   0.000000e+00   0.000000e+00  -6.910000e-04   1.173824e-04  -1.531166e-04  -0.000000e+00   3.925900e-09
   2.472579e-03   1.445448e-02  -0.000000e+00   0.000000e+00   0.000000e+00  -6.316805e-03   9.502080e-04   6.853981e-04  -0.000000e+00   1.935822e-08
   9.657489e-03   1.897414e-02  -0.000000e+00   0.000000e+00   0.000000e+00  -5.524356e-04   1.338192e-04  -1.971600e-05  -0.000000e+00   5.101525e-09
   4.920510e-03   1.166987e-02  -0.000000e+00   0.000000e+00   0.000000e+00  -3.692844e-03   5.952329e-05  -1.197432e-03  -0.000000e+00   1.641619e-08
   8.821344e-03   1.375376e-02  -0.000000e+00   0.000000e+00   0.000000e+00  -2.250403e-03   1.350585e-04  -5.307445e-06  -0.000000e+00   8.846304e-09
   9.957670e-04   1.252158e-02  -0.000000e+00   0.000000e+00   0.000000e+00  -9.608951e-05   4.879676e-06   1.823310e-05  -0.000000e+00   1.203744e-09
   7.200022e-03   1.097916e-02  -0.000000e+00   0.000000e+00   0.000000e+00  -1.106280e-03  -1.706503e-04   3.274544e-05  -0.000000e+00   5.465999e-09
   9.882940e-03   1.596254e-02  -0.000000e+00   0.000000e+00   0.000000e+00  -8.667114e-05   2.405968e-06   2.215924e-06  -0.000000e+00   1.122212e-09
   1.798868e-02   5.656444e-03  -0.000000e+00   0.000000e+00   0.000000e+00  -1.985682e-03   2.634364e-05  -3.931802e-04  -0.000000e+00   8.767170e-09
   1.608445e-02   8.098421e-03  -0.000000e+00   0.000000e+00   0.000000e+00  -3.470872e-03   1.158746e-03   7.712825e-04  -0.000000e+00   1.339707e-08
   1.704384e-02   1.926178e-03  -0.000000e+00   0.000000e+00   0.000000e+00  -5.478696e-03   4.386949e-04  -3.506531e-04  -0.000000e+00   1.703398e-08
   1.252287e-02   4.978215e-03  -0.000000e+00   0.000000e+00   0.000000e+00  -1.460634e-03   3.938714e-09   2.849694e-04  -0.000000e+00   8.431548e-09
   1.543875e-02   4.871933e-03  -0.000000e+00   0.000000e+00   0.000000e+00  -1.375774e-03  -1.642021e-04  -4.388423e-04  -0.000000e+00   8.175571e-09
   1.833727e-02   3.756971e-03  -0.000000e+00   0.000000e+00   0.000000e+00  -2.432366e-03  -2.329320e-04   2.512771e-04  -0.000000e+00   1.035722e-08
   1.520463e-02   1.249890e-03  -0.000000e+00   0.000000e+00   0.000000e+00  -6.004474e-05  -4.435015e-06   2.866141e-05  -0.000000e+00   9.724302e-10
   1.429692e-02   3.059595e-03  -0.000000e+00   0.000000e+00   0.000000e+00  -1.705400e-04  -5.817749e-06  -1.631632e-05  -0.000000e+00   2.150264e-09
   1.247793e-02   1.712639e-03  -0.000000e+00   0.000000e+00   0.000000e+00  -3.030198e-03   8.626115e-04   1.709149e-04  -0.000000e+00   1.201486e-08
   1.348308e-02   9.140882e-03  -0.000000e+00   0.000000e+00   0.000000e+00  -3.891368e-03  -1.414908e-04   9.127448e-05  -0.000000e+00   1.475149e-08
   1.432920e-02   6.939348e-03  -0.000000e+00   0.000000e+00   0.000000e+00  -2.578306e-04   1.029997e-04   1.649084e-06  -0.000000e+00   2.341929e-09
   1.891589e-02   9.329540e-03  -0.000000e+00   0.000000e+00   0.000000e+00  -3.687912e-03   1.602446e-03  -5.771595e-04  -0.000000e+00   1.213327e-08
   1.092328e-02   6.503684e-03  -0.000000e+00   0.000000e+00   0.000000e+00  -3.511509e-04   1.553271e-05  -1.973570e-05  -0.000000e+00   2.536119e-09
   1.127592e-02   8.324320e-03  -0.000000e+00   0.000000e+00   0.000000e+00  -8.063981e-05  -2.099611e-06  -1.518064e-05  -0.000000e+00   1.292787e-09
   1.820332e-02   1.720650e-02  -0.000000e+00   0.000000e+00   0.000000e+00  -6.467149e-03   4.112069e-04  -6.875290e-04  -0.000000e+00   2.493135e-08
   1.879366e-02   1.878004e-02  -0.000000e+00   0.000000e+00   0.000000e+00  -4.752462e-05  -1.110477e-05  -2.194471e-06  -0.000000e+00   9.234096e-10
   1.681417e-02   1.499848e-02  -0.000000e+00   0.000000e+00   0.000000e+00  -5.205813e-03  -8.844839e-05  -1.110847e-03  -0.000000e+00   1.674677e-08
   1.490433e-02   1.690794e-02  -0.000000e+00   0.000000e+00   0.000000e+00  -1.795718e-03   4.657999e-04  -1.423829e-05  -0.000000e+00   8.366075e-09
   1.908026e-02   1.480880e-02  -0.000000e+00   0.000000e+00   0.000000e+00  -5.056322e-05  -8.230789e-06   5.302635e-06  -0.000000e+00   8.724189e-10
   1.575897e-02   1.918736e-02  -0.000000e+00   0.000000e+00   0.000000e+00  -5.677081e-05   6.643461e-06  -8.955781e-06  -0.000000e+00   1.046045e-09
   1.395596e-02   1.859686e-02  -0.000000e+00   0.000000e+00   0.000000e+00  -3.773627e-03  -1.706839e-04  -8.347272e-04  -0.000000e+00   1.653460e-08
   1.781076e-02   1.287566e-02  -0.000000e+00   0.000000e+00   0.000000e+00  -5.462914e-05   1.035091e-05   2.344387e-06  -0.000000e+00   1.010649e-09
   1.896061e-02   1.216633e-02  -0.000000e+00   0.000000e+00   0.000000e+00  -5.147156e-05  -5.026781e-06   1.194036e-06  -0.000000e+00   7.966150e-10
   1.167226e-02   1.674333e-02  -0.000000e+00   0.000000e+00   0.000000e+00  -4.829553e-03  -1.232534e-04  -9.785131e-04  -0.000000e+00   1.604074e-08
   1.602096e-02   1.149442e-02  -0.000000e+00   0.000000e+00   0.000000e+00  -6.062127e-04  -6.719740e-05  -9.053666e-05  -0.000000e+00   4.095122e-09
   1.393963e-02   1.271693e-02  -0.000000e+00   0.000000e+00   0.000000e+00  -4.709753e-04  -1.048054e-04   1.118440e-04  -0.000000e+00   3.579770e-09
   1.143509e-02   1.426505e-02  -0.000000e+00   0.000000e+00   0.000000e+00  -3.604645e-03   7.902149e-04  -6.220882e-04  -0.000000e+00   1.509313e-08
   1.486979e-02   1.441518e-02  -0.000000e+00   0.000000e+00   0.000000e+00  -7.389226e-05   2.662787e-05   1.758029e-05  -0.000000e+00   1.011238e-09
   1.122276e-02   1.090281e-02  -0.000000e+00   0.000000e+00   0.000000e+00  -2.133434e-03   5.059928e-04  -4.075476e-04  -0.000000e+00   7.303764e-09
                                                0.000000e+00   0.000000e+00  -1.164485e-01   2.214766e-03  -1.121963e-02   0.000000e+00   7.326121e-09

