              5

              1
             51
          pos_x          pos_y          pos_z       normal_x       normal_y       normal_z        tangt_x        tangt_y        tangt_z          pentr
  -0.000000e+00   3.389181e-03   1.089344e-03  -8.373878e-05   0.000000e+00   0.000000e+00  -0.000000e+00  -2.549896e-05   5.371894e-06   1.416743e-09
  -0.000000e+00   8.972254e-03   1.335538e-03  -2.472132e-03   0.000000e+00   0.000000e+00  -0.000000e+00  -1.066637e-03  -4.559879e-04   9.140088e-09
  -0.000000e+00   9.862890e-04   1.999543e-03  -1.371366e-04   0.000000e+00   0.000000e+00  -0.000000e+00  -2.745982e-05   5.965028e-05   1.527440e-09
  -0.000000e+00   4.147618e-03   1.888437e-03  -2.118061e-05   0.000000e+00   0.000000e+00  -0.000000e+00   7.437569e-06   2.045246e-07   4.751471e-10
  -0.000000e+00   5.958342e-03   2.683974e-03  -8.669442e-04   0.000000e+00   0.000000e+00  -0.000000e+00  -2.596400e-04  -6.473479e-05   5.478523e-09
  -0.000000e+00   2.729681e-03   4.725090e-03  -9.990038e-04   0.000000e+00   0.000000e+00  -0.000000e+00  -2.066249e-04   1.609414e-04   5.928707e-09
  -0.000000e+00   8.787400e-03   5.168998e-03  -1.421016e-03   0.000000e+00   0.000000e+00  -0.000000e+00  -2.112077e-04   3.305807e-05   5.807679e-09
  -0.000000e+00   5.528782e-03   4.970928e-03  -3.397752e-04   0.000000e+00   0.000000e+00  -0.000000e+00   6.837705e-05  -9.094432e-05   2.540208e-09
  -0.000000e+00   1.112024e-03   8.998397e-03  -4.886641e-04   0.000000e+00   0.000000e+00  -0.000000e+00  -9.744787e-05   3.985338e-06   3.911768e-09
  -0.000000e+00   9.141536e-04   4.272299e-03  -1.378162e-03   0.000000e+00   0.000000e+00  -0.000000e+00   2.648296e-04   4.376410e-04   8.004049e-09
  -0.000000e+00   3.843210e-03   6.607958e-03  -1.000804e-02   0.000000e+00   0.000000e+00  -0.000000e+00   1.823870e-03   1.867171e-03   3.651385e-08
  -0.000000e+00   7.008817e-03   6.723349e-03  -3.102912e-05   0.000000e+00   0.000000e+00  -0.000000e+00  -6.521388e-06  -3.541424e-06   6.081037e-10
  -0.000000e+00   6.704756e-03   1.031485e-02  -4.149458e-04   0.000000e+00   0.000000e+00  -0.000000e+00  -1.116211e-04   3.091220e-05   3.153078e-09
  -0.000000e+00   8.446711e-03   8.480364e-03  -3.133455e-04   0.000000e+00   0.000000e+00  -0.000000e+00  -8.355630e-05  -9.814134e-05   2.730687e-09
  -0.000000e+00   5.002200e-03   7.069093e-03  -1.167174e-05   0.000000e+00   0.000000e+00  -0.000000e+00  -1.727115e-06   4.217138e-06   3.027974e-10
  -0.000000e+00   3.405672e-03   9.524824e-03  -4.502730e-04   0.000000e+00   0.000000e+00  -0.000000e+00  -5.074673e-05   1.583349e-04   3.732633e-09
  -0.000000e+00   5.996877e-03   1.485378e-02  -1.030883e-03   0.000000e+00   0.000000e+00  -0.000000e+00  -1.303957e-04  -1.688763e-04   4.909448e-09
  -0.000000e+00   8.349307e-03   1.525439e-02  -2.718111e-04   0.000000e+00   0.000000e+00  -0.000000e+00  -1.027383e-04  -8.043268e-05   2.736212e-09
  -0.000000e+00   2.044223e-03   1.453751e-02  -6.706146e-05   0.000000e+00   0.000000e+00  -0.000000e+00  -5.893764e-06  -2.985772e-05   9.525663e-10
  -0.000000e+00   8.934473e-03   1.338564e-02  -2.899336e-05   0.000000e+00   0.000000e+00  -0.000000e+00   1.040800e-06  -4.947604e-06   6.769152e-10
  -0.000000e+00   7.619021e-03   1.249280e-02  -1.596202e-05   0.000000e+00   0.000000e+00  -0.000000e+00   3.102825e-06  -3.389917e-06   4.518246e-10
  -0.000000e+00   4.275975e-03   1.272263e-02  -4.413376e-04   0.000000e+00   0.000000e+00  -0.000000e+00   1.211425e-04  -1.557022e-04   3.106858e-09
  -0.000000e+00   1.125378e-03   1.224953e-02  -3.055921e-04   0.000000e+00   0.000000e+00  -0.000000e+00   5.210981e-05  -8.169295e-05   3.336028e-09
  -0.000000e+00   2.294153e-03   1.064543e-02  -2.069137e-05   0.000000e+00   0.000000e+00  -0.000000e+00  -9.722244e-06   1.745253e-06   4.835776e-10
  -0.000000e+00   1.434138e-02   4.756012e-03  -5.153810e-06   0.000000e+00   0.000000e+00  -0.000000e+00  -8.687025e-07   5.066088e-07   2.227128e-10
  -0.000000e+00   1.818678e-02   4.836391e-03  -1.158954e-04   0.000000e+00   0.000000e+00  -0.000000e+00  -5.552878e-05   1.242494e-05   1.469043e-09
  -0.000000e+00   1.829772e-02   7.058900e-03  -1.215407e-05   0.000000e+00   0.000000e+00  -0.000000e+00  -9.940479e-07  -4.525585e-06   3.416703e-10
  -0.000000e+00   1.728989e-02   2.753703e-03  -2.130724e-03   0.000000e+00   0.000000e+00  -0.000000e+00   9.996085e-05  -7.090895e-04   9.390189e-09
  -0.000000e+00   1.547689e-02   1.139844e-03  -1.193622e-05   0.000000e+00   0.000000e+00  -0.000000e+00  -3.821162e-06  -1.250089e-06   3.484154e-10
  -0.000000e+00   1.393083e-02   2.762651e-03  -4.705705e-03   0.000000e+00   0.000000e+00  -0.000000e+00   2.214725e-05   4.987220e-04   1.460268e-08
  -0.000000e+00   1.515352e-02   7.319486e-03  -4.464962e-04   0.000000e+00   0.000000e+00  -0.000000e+00   9.442110e-05   1.844206e-05   3.360904e-09
  -0.000000e+00   1.146940e-02   1.630298e-03  -1.072307e-05   0.000000e+00   0.000000e+00  -0.000000e+00  -4.613064e-06  -1.664467e-06   3.562309e-10
  -0.000000e+00   1.603988e-02   4.433560e-03  -1.046433e-03   0.000000e+00   0.000000e+00  -0.000000e+00   4.811471e-05  -1.239038e-04   7.393786e-09
  -0.000000e+00   1.615213e-02   8.432857e-03  -5.031831e-03   0.000000e+00   0.000000e+00  -0.000000e+00  -1.289481e-03  -6.377204e-04   1.683988e-08
  -0.000000e+00   1.603530e-02   5.656286e-03  -1.985736e-05   0.000000e+00   0.000000e+00  -0.000000e+00   1.973143e-06  -5.237601e-06   5.083344e-10
  -0.000000e+00   1.154584e-02   7.540347e-03  -2.346109e-03   0.000000e+00   0.000000e+00  -0.000000e+00  -6.290805e-04   1.590160e-04   1.135893e-08
  -0.000000e+00   1.372470e-02   6.252975e-03  -4.325730e-05   0.000000e+00   0.000000e+00  -0.000000e+00   5.816914e-06  -3.564028e-06   7.617729e-10
  -0.000000e+00   1.384116e-02   9.181465e-03  -1.011346e-03   0.000000e+00   0.000000e+00  -0.000000e+00   3.488427e-04   3.260684e-05   5.741985e-09
  -0.000000e+00   1.010289e-02   8.168359e-03  -1.627037e-04   0.000000e+00   0.000000e+00  -0.000000e+00  -3.064082e-05  -4.730954e-05   2.137531e-09
  -0.000000e+00   1.907186e-02   9.383562e-03  -2.546928e-03   0.000000e+00   0.000000e+00  -0.000000e+00   4.013426e-04   2.106654e-04   1.109234e-08
  -0.000000e+00   1.196789e-02   9.114589e-03  -1.192252e-03   0.000000e+00   0.000000e+00  -0.000000e+00   9.834098e-05   6.305991e-06   8.689201e-09
  -0.000000e+00   1.021917e-02   9.473449e-03  -2.691398e-04   0.000000e+00   0.000000e+00  -0.000000e+00  -7.302543e-05  -8.463859e-05   2.446260e-09
  -0.000000e+00   1.362004e-02   1.704653e-02  -8.413432e-06   0.000000e+00   0.000000e+00  -0.000000e+00  -3.491534e-06  -2.224928e-06   2.210740e-10
  -0.000000e+00   1.841437e-02   1.786686e-02  -8.181272e-05   0.000000e+00   0.000000e+00  -0.000000e+00  -1.089689e-05   2.819008e-05   1.266374e-09
  -0.000000e+00   1.218073e-02   1.495780e-02  -4.541112e-05   0.000000e+00   0.000000e+00  -0.000000e+00  -1.251681e-05  -1.762475e-05   7.502275e-10
  -0.000000e+00   1.445410e-02   1.465832e-02  -1.428035e-05   0.000000e+00   0.000000e+00  -0.000000e+00  -6.861748e-06   1.681188e-06   3.265655e-10
  -0.000000e+00   1.044103e-02   1.452655e-02  -3.419830e-04   0.000000e+00   0.000000e+00  -0.000000e+00   8.876542e-05  -1.455785e-04   3.048848e-09
  -0.000000e+00   1.181124e-02   1.273643e-02  -9.240190e-04   0.000000e+00   0.000000e+00  -0.000000e+00   1.550118e-07  -1.009160e-04   4.963800e-09
  -0.000000e+00   1.450610e-02   1.209753e-02  -1.270018e-03   0.000000e+00   0.000000e+00  -0.000000e+00   1.848066e-04  -8.597046e-06   6.678308e-09
  -0.000000e+00   1.651872e-02   1.218897e-02  -1.642739e-03   0.000000e+00   0.000000e+00  -0.000000e+00  -5.343218e-04   5.885590e-05   8.108354e-09
  -0.000000e+00   1.844904e-02   1.190970e-02  -1.928527e-04   0.000000e+00   0.000000e+00  -0.000000e+00  -4.031292e-05   3.974103e-05   2.064829e-09
                                               -4.724956e-02   0.000000e+00   0.000000e+00   0.000000e+00  -1.357296e-03   6.982968e-04   4.557160e-09

              2
             36
          pos_x          pos_y          pos_z       normal_x       normal_y       normal_z        tangt_x        tangt_y        tangt_z          pentr
   2.000000e-02   3.222643e-03   3.315072e-03   3.283124e-03   0.000000e+00   0.000000e+00  -0.000000e+00  -3.908913e-04   1.272272e-03   1.033460e-08
   2.000000e-02   1.866265e-03   6.320243e-03   3.179012e-03   0.000000e+00   0.000000e+00  -0.000000e+00   8.453452e-04   1.139172e-03   9.868122e-09
   2.000000e-02   5.555397e-03   5.159228e-03   1.494373e-03   0.000000e+00   0.000000e+00  -0.000000e+00   4.942109e-04  -2.703798e-04   7.407361e-09
   2.000000e-02   8.661527e-03   6.008105e-03   3.860807e-03   0.000000e+00   0.000000e+00  -0.000000e+00  -6.677729e-04   5.249605e-04   1.312841e-08
   2.000000e-02   3.712012e-03   9.332781e-03   1.603415e-04   0.000000e+00   0.000000e+00  -0.000000e+00  -2.305181e-05   2.643922e-05   1.994491e-09
   2.000000e-02   6.024922e-03   7.540310e-03   8.035253e-04   0.000000e+00   0.000000e+00  -0.000000e+00  -2.322330e-05  -2.697066e-04   4.858342e-09
   2.000000e-02   1.106289e-03   9.341804e-03   6.574726e-04   0.000000e+00   0.000000e+00  -0.000000e+00  -1.347350e-04  -1.775835e-04   4.642710e-09
   2.000000e-02   8.864746e-03   2.764454e-03   4.849986e-05   0.000000e+00   0.000000e+00  -0.000000e+00   2.169292e-05   3.157895e-06   9.272326e-10
   2.000000e-02   7.548841e-03   1.747884e-02   7.141583e-05   0.000000e+00   0.000000e+00  -0.000000e+00   1.376873e-05  -4.057759e-06   1.157803e-09
   2.000000e-02   9.020822e-03   1.561657e-02   2.919839e-04   0.000000e+00   0.000000e+00  -0.000000e+00  -1.709287e-05  -4.994481e-05   2.493523e-09
   2.000000e-02   2.152294e-03   1.512360e-02   4.552377e-04   0.000000e+00   0.000000e+00  -0.000000e+00  -1.283626e-04   2.669869e-05   3.527529e-09
   2.000000e-02   5.299930e-03   1.545096e-02   6.465725e-04   0.000000e+00   0.000000e+00  -0.000000e+00   1.674980e-04   1.744112e-04   4.070066e-09
   2.000000e-02   4.826928e-03   1.250638e-02   2.865527e-05   0.000000e+00   0.000000e+00  -0.000000e+00   1.631577e-06   3.547974e-06   6.487691e-10
   2.000000e-02   3.386767e-03   1.085551e-02   3.330630e-04   0.000000e+00   0.000000e+00  -0.000000e+00   1.570369e-05  -1.696262e-05   2.801267e-09
   2.000000e-02   6.664270e-03   1.059069e-02   2.136177e-03   0.000000e+00   0.000000e+00  -0.000000e+00  -3.736874e-04   2.618106e-05   7.363614e-09
   2.000000e-02   1.860340e-02   1.126957e-03   1.086159e-05   0.000000e+00   0.000000e+00  -0.000000e+00  -5.817487e-07  -2.770035e-06   3.601519e-10
   2.000000e-02   1.635308e-02   4.832044e-03   3.426143e-03   0.000000e+00   0.000000e+00  -0.000000e+00  -1.031786e-03  -5.242082e-04   1.306686e-08
   2.000000e-02   1.531118e-02   3.065644e-03   6.160141e-03   0.000000e+00   0.000000e+00  -0.000000e+00   6.918115e-04   2.033963e-03   1.710546e-08
   2.000000e-02   1.900224e-02   4.584854e-03   4.619251e-04   0.000000e+00   0.000000e+00  -0.000000e+00  -2.735435e-05  -1.455573e-04   3.421409e-09
   2.000000e-02   1.861632e-02   9.407788e-03   2.875488e-03   0.000000e+00   0.000000e+00  -0.000000e+00   6.308425e-04   8.442365e-04   1.019617e-08
   2.000000e-02   1.790055e-02   3.063176e-03   3.016651e-03   0.000000e+00   0.000000e+00  -0.000000e+00   8.743754e-04   1.535302e-07   1.257322e-08
   2.000000e-02   1.488362e-02   8.606409e-04   6.806802e-06   0.000000e+00   0.000000e+00  -0.000000e+00  -3.136592e-06  -1.218213e-06   2.415771e-10
   2.000000e-02   1.145000e-02   8.865010e-03   1.687058e-03   0.000000e+00   0.000000e+00  -0.000000e+00  -1.974972e-04  -1.674242e-04   8.962019e-09
   2.000000e-02   1.284663e-02   3.556917e-03   1.883902e-03   0.000000e+00   0.000000e+00  -0.000000e+00  -3.584565e-04  -5.138245e-04   8.014547e-09
   2.000000e-02   1.224057e-02   6.600895e-04   5.023141e-06   0.000000e+00   0.000000e+00  -0.000000e+00   1.337939e-06  -1.349950e-06   2.307662e-10
   2.000000e-02   1.023468e-02   7.289691e-03   2.442339e-05   0.000000e+00   0.000000e+00  -0.000000e+00  -5.319335e-06   4.804692e-07   5.039552e-10
   2.000000e-02   1.386367e-02   1.770688e-02   3.500996e-05   0.000000e+00   0.000000e+00  -0.000000e+00   1.275511e-05   8.101633e-06   8.127804e-10
   2.000000e-02   1.703037e-02   1.810959e-02   3.645449e-04   0.000000e+00   0.000000e+00  -0.000000e+00   4.529369e-05   1.948834e-05   2.731771e-09
   2.000000e-02   1.297227e-02   1.620094e-02   1.078478e-04   0.000000e+00   0.000000e+00  -0.000000e+00   3.785864e-05  -1.208075e-05   1.179224e-09
   2.000000e-02   1.090328e-02   1.524780e-02   4.912359e-05   0.000000e+00   0.000000e+00  -0.000000e+00  -9.118273e-06  -1.112648e-05   8.507600e-10
   2.000000e-02   1.361752e-02   1.416528e-02   7.435810e-05   0.000000e+00   0.000000e+00  -0.000000e+00   7.110887e-08   2.070575e-05   1.341079e-09
   2.000000e-02   1.082095e-02   1.314853e-02   2.667427e-04   0.000000e+00   0.000000e+00  -0.000000e+00   4.310841e-05   2.824792e-05   2.712884e-09
   2.000000e-02   1.822797e-02   1.281184e-02   2.646356e-04   0.000000e+00   0.000000e+00  -0.000000e+00  -1.130743e-04   3.822732e-05   2.228983e-09
   2.000000e-02   1.280281e-02   1.235927e-02   1.613241e-04   0.000000e+00   0.000000e+00  -0.000000e+00   9.527681e-06  -4.525952e-05   1.824924e-09
   2.000000e-02   1.908643e-02   1.136539e-02   2.099608e-04   0.000000e+00   0.000000e+00  -0.000000e+00   5.250277e-05  -3.396561e-05   2.537984e-09
   2.000000e-02   9.687569e-03   1.069940e-02   1.069912e-03   0.000000e+00   0.000000e+00  -0.000000e+00  -1.499100e-04  -2.024793e-04   6.037109e-09
                                                3.961214e-02   0.000000e+00   0.000000e+00   0.000000e+00   3.042842e-04   3.740546e-03   4.782152e-09

              3
             42
          pos_x          pos_y          pos_z       normal_x       normal_y       normal_z        tangt_x        tangt_y        tangt_z          pentr
   6.189399e-03  -0.000000e+00   9.887060e-04   0.000000e+00  -1.237036e-03   0.000000e+00   5.496357e-06  -0.000000e+00  -2.565531e-04   7.610866e-09
   6.084204e-04  -0.000000e+00   1.824327e-03   0.000000e+00  -1.297626e-05   0.000000e+00  -3.637402e-06  -0.000000e+00  -2.308911e-06   4.409302e-10
   3.902296e-03  -0.000000e+00   1.935869e-03   0.000000e+00  -1.790505e-05   0.000000e+00   3.188345e-06  -0.000000e+00   2.308757e-06   4.025585e-10
   2.128808e-03  -0.000000e+00   3.459440e-03   0.000000e+00  -4.095954e-03   0.000000e+00  -5.423718e-04  -0.000000e+00   1.441970e-03   1.507253e-08
   1.679354e-03  -0.000000e+00   6.310454e-03   0.000000e+00  -8.492277e-04   0.000000e+00   7.967500e-05  -0.000000e+00   1.559018e-04   5.278598e-09
   1.376310e-03  -0.000000e+00   8.432309e-03   0.000000e+00  -8.162333e-04   0.000000e+00  -4.900237e-06  -0.000000e+00  -3.063530e-04   4.613336e-09
   2.400774e-03  -0.000000e+00   4.878733e-03   0.000000e+00  -1.053510e-04   0.000000e+00   7.443644e-07  -0.000000e+00  -4.278262e-05   1.596746e-09
   8.820985e-04  -0.000000e+00   4.208787e-03   0.000000e+00  -2.155385e-04   0.000000e+00  -4.652003e-05  -0.000000e+00   4.765963e-05   2.380729e-09
   3.936866e-03  -0.000000e+00   6.365416e-03   0.000000e+00  -9.807557e-05   0.000000e+00   6.626189e-06  -0.000000e+00   4.026484e-05   1.422134e-09
   8.081124e-03  -0.000000e+00   6.139003e-03   0.000000e+00  -3.666562e-04   0.000000e+00  -3.641126e-05  -0.000000e+00  -6.759383e-05   2.789967e-09
   3.673928e-03  -0.000000e+00   7.664758e-03   0.000000e+00  -1.353495e-03   0.000000e+00   1.966560e-04  -0.000000e+00  -3.058500e-04   7.451043e-09
   5.729170e-03  -0.000000e+00   6.170154e-03   0.000000e+00  -6.263041e-05   0.000000e+00   6.866370e-06  -0.000000e+00   1.706402e-05   1.130636e-09
   5.631679e-03  -0.000000e+00   7.783789e-03   0.000000e+00  -3.987095e-05   0.000000e+00  -1.601374e-05  -0.000000e+00   4.068552e-06   8.338283e-10
   9.704062e-03  -0.000000e+00   1.377363e-03   0.000000e+00  -3.019721e-03   0.000000e+00   4.189468e-05  -0.000000e+00   7.766471e-04   1.322914e-08
   7.735733e-03  -0.000000e+00   8.337124e-03   0.000000e+00  -9.505280e-05   0.000000e+00   1.565057e-05  -0.000000e+00   3.370528e-05   1.232928e-09
   5.616989e-03  -0.000000e+00   1.872092e-02   0.000000e+00  -8.127496e-05   0.000000e+00  -1.554238e-05  -0.000000e+00  -1.183082e-05   1.131808e-09
   6.448686e-03  -0.000000e+00   1.442451e-02   0.000000e+00  -6.171473e-04   0.000000e+00  -1.073156e-04  -0.000000e+00   2.160310e-04   4.043521e-09
   4.050113e-03  -0.000000e+00   1.537481e-02   0.000000e+00  -7.406898e-05   0.000000e+00   1.913595e-05  -0.000000e+00  -3.461795e-06   1.104397e-09
   1.770281e-03  -0.000000e+00   1.395488e-02   0.000000e+00  -2.675220e-04   0.000000e+00  -6.680721e-06  -0.000000e+00   7.253751e-05   2.077540e-09
   8.302811e-03  -0.000000e+00   1.204429e-02   0.000000e+00  -1.554727e-04   0.000000e+00   5.034652e-05  -0.000000e+00  -4.258275e-05   1.559982e-09
   2.526125e-03  -0.000000e+00   1.242663e-02   0.000000e+00  -2.109711e-05   0.000000e+00   5.257889e-06  -0.000000e+00   8.052111e-06   5.289686e-10
   1.398067e-03  -0.000000e+00   1.057293e-02   0.000000e+00  -5.194584e-04   0.000000e+00  -1.262435e-04  -0.000000e+00   8.461480e-05   4.052756e-09
   5.741466e-03  -0.000000e+00   1.068639e-02   0.000000e+00  -2.647645e-03   0.000000e+00   6.834902e-04  -0.000000e+00   5.145899e-04   1.330826e-08
   1.763547e-02  -0.000000e+00   1.815855e-03   0.000000e+00  -1.694207e-03   0.000000e+00   6.130357e-04  -0.000000e+00  -1.581062e-04   7.867600e-09
   1.736251e-02  -0.000000e+00   4.645222e-03   0.000000e+00  -5.060317e-03   0.000000e+00   1.647830e-03  -0.000000e+00  -8.444578e-04   1.568654e-08
   1.861943e-02  -0.000000e+00   9.378352e-03   0.000000e+00  -1.044608e-03   0.000000e+00   2.185553e-04  -0.000000e+00  -2.710214e-04   5.311139e-09
   1.511508e-02  -0.000000e+00   2.857671e-03   0.000000e+00  -9.541900e-04   0.000000e+00  -1.630401e-04  -0.000000e+00   3.872010e-04   5.198208e-09
   1.539825e-02  -0.000000e+00   9.754430e-04   0.000000e+00  -2.866184e-05   0.000000e+00   4.420552e-06  -0.000000e+00   7.831099e-06   7.041438e-10
   1.277935e-02  -0.000000e+00   1.469756e-03   0.000000e+00  -4.022028e-03   0.000000e+00   2.912796e-04  -0.000000e+00  -1.750831e-03   1.563809e-08
   1.090347e-02  -0.000000e+00   6.253133e-03   0.000000e+00  -4.001142e-04   0.000000e+00   8.738675e-05  -0.000000e+00  -1.200450e-04   3.285265e-09
   1.449448e-02  -0.000000e+00   8.967593e-03   0.000000e+00  -2.590037e-05   0.000000e+00   1.101451e-06  -0.000000e+00  -7.100518e-06   4.609911e-10
   1.044016e-02  -0.000000e+00   3.207718e-03   0.000000e+00  -2.719281e-04   0.000000e+00   5.074405e-05  -0.000000e+00  -3.331539e-05   2.141109e-09
   1.705994e-02  -0.000000e+00   9.278487e-03   0.000000e+00  -1.404761e-05   0.000000e+00   3.414723e-07  -0.000000e+00   6.850854e-06   4.174195e-10
   1.272206e-02  -0.000000e+00   8.248980e-03   0.000000e+00  -2.646599e-04   0.000000e+00  -1.123516e-04  -0.000000e+00  -5.878698e-05   2.961829e-09
   1.222950e-02  -0.000000e+00   6.596798e-03   0.000000e+00  -7.664135e-06   0.000000e+00   9.852296e-07  -0.000000e+00   2.288392e-06   2.289826e-10
   1.023573e-02  -0.000000e+00   1.038876e-02   0.000000e+00  -1.714143e-03   0.000000e+00  -3.849273e-04  -0.000000e+00   2.165252e-04   8.550995e-09
   1.301983e-02  -0.000000e+00   1.630710e-02   0.000000e+00  -2.674578e-05   0.000000e+00   1.251771e-06  -0.000000e+00  -5.341773e-06   5.573402e-10
   1.748306e-02  -0.000000e+00   1.499675e-02   0.000000e+00  -3.196485e-04   0.000000e+00  -1.259412e-05  -0.000000e+00  -1.077224e-04   2.502903e-09
   1.097488e-02  -0.000000e+00   1.514732e-02   0.000000e+00  -2.094006e-03   0.000000e+00  -5.398455e-04  -0.000000e+00   2.930431e-04   8.860702e-09
   1.460197e-02  -0.000000e+00   1.436132e-02   0.000000e+00  -7.361064e-04   0.000000e+00   2.257612e-04  -0.000000e+00  -2.719852e-04   4.652852e-09
   1.586920e-02  -0.000000e+00   1.253229e-02   0.000000e+00  -1.755066e-04   0.000000e+00  -2.358161e-05  -0.000000e+00  -5.003033e-05   1.693328e-09
   1.308502e-02  -0.000000e+00   1.213463e-02   0.000000e+00  -7.180193e-04   0.000000e+00   5.932514e-05  -0.000000e+00   1.450638e-04   5.648007e-09
                                                0.000000e+00  -3.634191e-02   0.000000e+00   2.175069e-03   0.000000e+00  -2.438425e-04   4.420492e-09

              4
             43
          pos_x          pos_y          pos_z       normal_x       normal_y       normal_z        tangt_x        tangt_y        tangt_z          pentr
   1.647605e-03   2.000000e-02   2.475048e-03   0.000000e+00   2.003114e-04   0.000000e+00   4.064880e-05  -0.000000e+00  -5.978514e-06   1.808903e-09
   6.535048e-03   2.000000e-02   6.124092e-03   0.000000e+00   4.559938e-04   0.000000e+00   9.415880e-05  -0.000000e+00  -1.600093e-04   3.382968e-09
   3.888210e-03   2.000000e-02   4.056265e-03   0.000000e+00   2.181345e-03   0.000000e+00   1.004023e-03  -0.000000e+00  -2.386977e-04   8.474716e-09
   7.878791e-03   2.000000e-02   2.668059e-03   0.000000e+00   1.583195e-03   0.000000e+00  -4.286376e-04  -0.000000e+00  -4.070139e-04   7.858787e-09
   9.664225e-03   2.000000e-02   7.010222e-03   0.000000e+00   2.350514e-03   0.000000e+00   6.471532e-04  -0.000000e+00   3.912480e-04   1.034147e-08
   1.718678e-03   2.000000e-02   4.815520e-03   0.000000e+00   2.645019e-05   0.000000e+00  -9.523675e-06  -0.000000e+00   3.466077e-06   5.676659e-10
   1.512419e-03   2.000000e-02   6.977382e-03   0.000000e+00   4.108159e-06   0.000000e+00  -7.394235e-07  -0.000000e+00  -1.463362e-06   1.768236e-10
   4.818053e-03   2.000000e-02   1.240074e-03   0.000000e+00   4.391420e-04   0.000000e+00   1.158640e-04  -0.000000e+00   2.898322e-05   3.121759e-09
   3.651098e-03   2.000000e-02   9.568421e-03   0.000000e+00   6.347472e-03   0.000000e+00   2.282989e-03  -0.000000e+00   4.254717e-04   1.461713e-08
   8.269212e-03   2.000000e-02   9.471092e-03   0.000000e+00   8.271429e-04   0.000000e+00   1.452879e-04  -0.000000e+00  -1.301494e-05   4.568747e-09
   9.657553e-03   2.000000e-02   1.299644e-03   0.000000e+00   2.160663e-04   0.000000e+00   1.976877e-05  -0.000000e+00  -4.599669e-05   2.315955e-09
   7.850003e-03   2.000000e-02   6.593559e-03   0.000000e+00   5.228370e-04   0.000000e+00  -2.848655e-05  -0.000000e+00  -3.269487e-05   4.237192e-09
   7.538728e-04   2.000000e-02   9.396682e-03   0.000000e+00   8.519969e-04   0.000000e+00  -1.760429e-04  -0.000000e+00   6.622267e-05   6.292007e-09
   1.700071e-03   2.000000e-02   1.803378e-02   0.000000e+00   1.884594e-05   0.000000e+00  -6.002197e-07  -0.000000e+00   7.173122e-06   4.599163e-10
   7.780409e-03   2.000000e-02   1.590237e-02   0.000000e+00   2.919646e-04   0.000000e+00   3.814324e-06  -0.000000e+00  -3.343387e-05   3.146833e-09
   5.308973e-03   2.000000e-02   1.524413e-02   0.000000e+00   1.043281e-03   0.000000e+00   2.348623e-04  -0.000000e+00   7.593133e-06   6.577010e-09
   2.280897e-03   2.000000e-02   1.562802e-02   0.000000e+00   8.621728e-04   0.000000e+00   2.236232e-04  -0.000000e+00   3.157919e-05   4.669096e-09
   9.831439e-03   2.000000e-02   1.385929e-02   0.000000e+00   2.890767e-04   0.000000e+00   2.850724e-05  -0.000000e+00  -6.584258e-05   2.140333e-09
   5.357141e-03   2.000000e-02   1.238574e-02   0.000000e+00   3.701188e-05   0.000000e+00  -8.850017e-06  -0.000000e+00   7.235040e-06   5.844648e-10
   1.604213e-03   2.000000e-02   1.137092e-02   0.000000e+00   1.261095e-04   0.000000e+00  -3.561894e-05  -0.000000e+00   3.440541e-05   1.485881e-09
   1.794356e-02   2.000000e-02   5.606311e-03   0.000000e+00   3.758638e-04   0.000000e+00  -6.504118e-05  -0.000000e+00   2.828878e-05   3.227344e-09
   1.939956e-02   2.000000e-02   4.534015e-03   0.000000e+00   8.010356e-04   0.000000e+00   8.765501e-05  -0.000000e+00   6.292616e-05   6.967601e-09
   1.657703e-02   2.000000e-02   8.491271e-03   0.000000e+00   1.145891e-03   0.000000e+00  -3.722236e-04  -0.000000e+00  -1.259672e-05   6.826828e-09
   1.620095e-02   2.000000e-02   3.799025e-03   0.000000e+00   1.500641e-03   0.000000e+00  -3.509217e-04  -0.000000e+00  -1.420003e-04   9.020498e-09
   1.790094e-02   2.000000e-02   1.039853e-02   0.000000e+00   6.642727e-04   0.000000e+00   9.074753e-05  -0.000000e+00  -1.157448e-05   5.446766e-09
   1.775593e-02   2.000000e-02   2.692261e-03   0.000000e+00   3.555598e-03   0.000000e+00   2.987740e-04  -0.000000e+00  -1.453220e-03   1.364659e-08
   1.412030e-02   2.000000e-02   4.115811e-03   0.000000e+00   8.307841e-04   0.000000e+00  -2.727516e-04  -0.000000e+00  -8.014281e-05   5.185366e-09
   1.543239e-02   2.000000e-02   9.592337e-04   0.000000e+00   1.027777e-05   0.000000e+00  -2.508793e-06  -0.000000e+00   1.200283e-06   2.907452e-10
   1.376079e-02   2.000000e-02   1.880983e-03   0.000000e+00   4.815787e-03   0.000000e+00   1.716228e-03  -0.000000e+00   1.054903e-03   1.593566e-08
   1.540903e-02   2.000000e-02   7.189660e-03   0.000000e+00   1.011120e-05   0.000000e+00  -1.809110e-06  -0.000000e+00   2.606518e-06   2.679574e-10
   1.168820e-02   2.000000e-02   2.101239e-03   0.000000e+00   1.157463e-02   0.000000e+00  -1.422528e-03  -0.000000e+00  -4.653198e-04   2.584018e-08
   1.418853e-02   2.000000e-02   5.594733e-03   0.000000e+00   2.887937e-05   0.000000e+00   5.754007e-07  -0.000000e+00   9.141514e-06   6.363114e-10
   1.179758e-02   2.000000e-02   5.311177e-03   0.000000e+00   3.665476e-04   0.000000e+00  -1.074574e-04  -0.000000e+00  -3.276895e-05   2.976823e-09
   1.616469e-02   2.000000e-02   6.053254e-03   0.000000e+00   1.289031e-04   0.000000e+00   1.464942e-05  -0.000000e+00   6.221452e-05   1.977073e-09
   1.404481e-02   2.000000e-02   7.323915e-03   0.000000e+00   4.810199e-05   0.000000e+00   1.447253e-05  -0.000000e+00  -7.622817e-06   1.000060e-09
   1.134424e-02   2.000000e-02   8.926865e-03   0.000000e+00   3.904360e-04   0.000000e+00   8.753666e-05  -0.000000e+00   9.765264e-05   2.907829e-09
   1.456758e-02   2.000000e-02   9.752482e-03   0.000000e+00   1.675136e-04   0.000000e+00   3.779251e-05  -0.000000e+00   5.718455e-05   1.875771e-09
   1.402748e-02   2.000000e-02   1.716031e-02   0.000000e+00   4.807934e-04   0.000000e+00  -1.319327e-04  -0.000000e+00   2.459508e-05   3.489993e-09
   1.140816e-02   2.000000e-02   1.594153e-02   0.000000e+00   6.629137e-05   0.000000e+00  -2.404413e-05  -0.000000e+00  -1.099780e-05   1.148221e-09
   1.763182e-02   2.000000e-02   1.466123e-02   0.000000e+00   2.848212e-04   0.000000e+00  -1.010929e-04  -0.000000e+00  -4.197047e-05   2.586583e-09
   1.255691e-02   2.000000e-02   1.373323e-02   0.000000e+00   4.402935e-04   0.000000e+00  -1.340210e-04  -0.000000e+00   4.610729e-06   3.419586e-09
   1.185804e-02   2.000000e-02   1.123803e-02   0.000000e+00   1.062242e-03   0.000000e+00  -3.239402e-05  -0.000000e+00  -4.846940e-04   5.057170e-09
   1.925359e-02   2.000000e-02   1.131546e-02   0.000000e+00   9.481315e-05   0.000000e+00  -2.890268e-05  -0.000000e+00   1.587833e-05   1.665139e-09
                                                0.000000e+00   4.751956e-02   0.000000e+00   3.453004e-03   0.000000e+00  -1.322475e-03   4.842413e-09

              5
             62
          pos_x          pos_y          pos_z       normal_x       normal_y       normal_z        tangt_x        tangt_y        tangt_z          pentr
   2.176667e-03   1.561531e-03  -0.000000e+00   0.000000e+00   0.000000e+00  -8.413295e-03   2.257915e-04  -1.074499e-03  -0.000000e+00   2.090912e-08
   6.371592e-03   1.429754e-03  -0.000000e+00   0.000000e+00   0.000000e+00  -2.049264e-03   4.550268e-04   3.328832e-04  -0.000000e+00   8.207994e-09
   4.695576e-03   5.495453e-03  -0.000000e+00   0.000000e+00   0.000000e+00  -5.757594e-05   1.195869e-05   2.533753e-05  -0.000000e+00   1.027534e-09
   1.279665e-03   3.459621e-03  -0.000000e+00   0.000000e+00   0.000000e+00  -1.286618e-04   4.948075e-05  -2.463917e-05  -0.000000e+00   1.687950e-09
   6.064867e-03   8.902548e-03  -0.000000e+00   0.000000e+00   0.000000e+00  -2.682355e-04  -4.937928e-05   5.462647e-05  -0.000000e+00   3.026187e-09
   1.188874e-03   9.737834e-03  -0.000000e+00   0.000000e+00   0.000000e+00  -3.398633e-03  -9.179690e-04   7.620798e-04  -0.000000e+00   1.257025e-08
   7.862885e-04   5.629018e-03  -0.000000e+00   0.000000e+00   0.000000e+00  -6.219967e-05  -1.107156e-05   8.423297e-06  -0.000000e+00   9.012433e-10
   2.646378e-03   4.989886e-03  -0.000000e+00   0.000000e+00   0.000000e+00  -1.354063e-04   9.672913e-06   5.251761e-05  -0.000000e+00   1.580621e-09
   2.345021e-03   6.803889e-03  -0.000000e+00   0.000000e+00   0.000000e+00  -1.572793e-04   6.304107e-06   5.258395e-06  -0.000000e+00   1.668637e-09
   3.926050e-03   9.290786e-03  -0.000000e+00   0.000000e+00   0.000000e+00  -6.083330e-04  -2.287371e-04   1.329211e-04  -0.000000e+00   3.501872e-09
   4.292142e-03   1.327909e-03  -0.000000e+00   0.000000e+00   0.000000e+00  -5.375046e-04  -3.049654e-05  -1.330288e-04  -0.000000e+00   3.800033e-09
   3.367302e-03   3.054522e-03  -0.000000e+00   0.000000e+00   0.000000e+00  -2.598241e-05   4.863749e-06  -4.751418e-06  -0.000000e+00   6.291351e-10
   4.410881e-03   6.638505e-03  -0.000000e+00   0.000000e+00   0.000000e+00  -5.248624e-05   1.965940e-08   4.992249e-07  -0.000000e+00   1.005386e-09
   5.115109e-03   3.556048e-03  -0.000000e+00   0.000000e+00   0.000000e+00  -4.437662e-03  -4.369502e-04   6.087333e-04  -0.000000e+00   1.620000e-08
   6.293255e-03   6.672170e-03  -0.000000e+00   0.000000e+00   0.000000e+00  -4.575251e-04  -7.330888e-05  -4.414574e-05  -0.000000e+00   3.633974e-09
   8.492820e-03   5.217157e-03  -0.000000e+00   0.000000e+00   0.000000e+00  -6.461123e-03  -3.028442e-04  -2.731438e-03  -0.000000e+00   1.886801e-08
   8.315126e-03   8.071724e-03  -0.000000e+00   0.000000e+00   0.000000e+00  -6.851166e-03  -1.099761e-03  -2.702486e-03  -0.000000e+00   1.846640e-08
   9.430722e-03   2.211645e-03  -0.000000e+00   0.000000e+00   0.000000e+00  -4.900121e-03  -6.711094e-04  -4.996014e-04  -0.000000e+00   1.322179e-08
   1.044022e-03   1.843453e-02  -0.000000e+00   0.000000e+00   0.000000e+00  -1.138131e-03  -2.064425e-04   2.999226e-04  -0.000000e+00   5.712302e-09
   4.013516e-03   1.872976e-02  -0.000000e+00   0.000000e+00   0.000000e+00  -6.489111e-04   4.657174e-05  -8.601150e-05  -0.000000e+00   4.101457e-09
   2.346650e-03   1.685582e-02  -0.000000e+00   0.000000e+00   0.000000e+00  -2.384633e-04   4.272414e-05  -1.629459e-05  -0.000000e+00   2.535685e-09
   6.292790e-03   1.816644e-02  -0.000000e+00   0.000000e+00   0.000000e+00  -1.915946e-04  -5.245796e-05   6.486068e-05  -0.000000e+00   1.914889e-09
   1.049224e-03   1.581338e-02  -0.000000e+00   0.000000e+00   0.000000e+00  -5.096652e-05   1.195273e-05   3.766053e-06  -0.000000e+00   9.861940e-10
   6.798655e-03   1.511684e-02  -0.000000e+00   0.000000e+00   0.000000e+00  -3.340447e-03  -1.089512e-03  -7.787367e-04  -0.000000e+00   1.286002e-08
   3.259099e-03   1.271949e-02  -0.000000e+00   0.000000e+00   0.000000e+00  -6.937729e-05  -3.333234e-06  -1.710415e-05  -0.000000e+00   9.709092e-10
   5.015953e-03   1.618391e-02  -0.000000e+00   0.000000e+00   0.000000e+00  -6.945321e-04   1.175900e-04  -1.537091e-04  -0.000000e+00   3.939267e-09
   2.472579e-03   1.445448e-02  -0.000000e+00   0.000000e+00   0.000000e+00  -6.318280e-03   9.521824e-04   6.834926e-04  -0.000000e+00   1.936123e-08
   9.657489e-03   1.897414e-02  -0.000000e+00   0.000000e+00   0.000000e+00  -5.522181e-04   1.339602e-04  -1.974851e-05  -0.000000e+00   5.100185e-09
   4.920510e-03   1.166987e-02  -0.000000e+00   0.000000e+00   0.000000e+00  -3.696098e-03   5.718035e-05  -1.200363e-03  -0.000000e+00   1.642584e-08
   8.821344e-03   1.375376e-02  -0.000000e+00   0.000000e+00   0.000000e+00  -2.246015e-03   1.355747e-04  -5.013299e-06  -0.000000e+00   8.834799e-09
   9.743224e-04   1.252951e-02  -0.000000e+00   0.000000e+00   0.000000e+00  -9.640003e-05   3.385152e-06   1.889843e-05  -0.000000e+00   1.206416e-09
   7.200022e-03   1.097916e-02  -0.000000e+00   0.000000e+00   0.000000e+00  -1.088967e-03  -1.712563e-04   3.711745e-05  -0.000000e+00   5.408820e-09
   9.882940e-03   1.596254e-02  -0.000000e+00   0.000000e+00   0.000000e+00  -8.670508e-05   2.294223e-06   2.318971e-06  -0.000000e+00   1.122505e-09
   1.798868e-02   5.656444e-03  -0.000000e+00   0.000000e+00   0.000000e+00  -1.984070e-03   2.585485e-05  -3.931755e-04  -0.000000e+00   8.762423e-09
   1.608445e-02   8.098421e-03  -0.000000e+00   0.000000e+00   0.000000e+00  -3.469642e-03   1.158278e-03   7.709954e-04  -0.000000e+00   1.339390e-08
   1.704384e-02   1.926179e-03  -0.000000e+00   0.000000e+00   0.000000e+00  -5.466246e-03   4.327777e-04  -3.484306e-04  -0.000000e+00   1.700816e-08
   1.252287e-02   4.978215e-03  -0.000000e+00   0.000000e+00   0.000000e+00  -1.459123e-03  -2.913424e-06   2.839644e-04  -0.000000e+00   8.425733e-09
   1.543875e-02   4.871933e-03  -0.000000e+00   0.000000e+00   0.000000e+00  -1.379816e-03  -1.673195e-04  -4.364793e-04  -0.000000e+00   8.191577e-09
   1.833727e-02   3.756971e-03  -0.000000e+00   0.000000e+00   0.000000e+00  -2.440299e-03  -2.337066e-04   2.520888e-04  -0.000000e+00   1.037973e-08
   1.520546e-02   1.249890e-03  -0.000000e+00   0.000000e+00   0.000000e+00  -6.004688e-05  -4.411651e-06   2.866321e-05  -0.000000e+00   9.724742e-10
   1.429692e-02   3.059595e-03  -0.000000e+00   0.000000e+00   0.000000e+00  -1.706700e-04  -6.965792e-06  -1.669069e-05  -0.000000e+00   2.151357e-09
   1.247793e-02   1.712638e-03  -0.000000e+00   0.000000e+00   0.000000e+00  -3.051338e-03   8.700219e-04   1.768687e-04  -0.000000e+00   1.207067e-08
   1.348308e-02   9.140882e-03  -0.000000e+00   0.000000e+00   0.000000e+00  -3.890355e-03  -1.409499e-04   9.204398e-05  -0.000000e+00   1.474893e-08
   1.432920e-02   6.939348e-03  -0.000000e+00   0.000000e+00   0.000000e+00  -2.564089e-04   1.018958e-04   1.571009e-06  -0.000000e+00   2.333312e-09
   1.891589e-02   9.329540e-03  -0.000000e+00   0.000000e+00   0.000000e+00  -3.687665e-03   1.602158e-03  -5.767415e-04  -0.000000e+00   1.213273e-08
   1.092328e-02   6.503684e-03  -0.000000e+00   0.000000e+00   0.000000e+00  -3.511274e-04   1.619860e-05  -1.968953e-05  -0.000000e+00   2.536006e-09
   1.127592e-02   8.324320e-03  -0.000000e+00   0.000000e+00   0.000000e+00  -7.976851e-05  -2.373682e-06  -1.563435e-05  -0.000000e+00   1.283458e-09
   1.820332e-02   1.720650e-02  -0.000000e+00   0.000000e+00   0.000000e+00  -6.468873e-03   4.113319e-04  -6.876941e-04  -0.000000e+00   2.493578e-08
   1.880947e-02   1.869426e-02  -0.000000e+00   0.000000e+00   0.000000e+00  -4.877890e-05  -1.178051e-05  -3.167471e-06  -0.000000e+00   9.521356e-10
   1.681417e-02   1.499848e-02  -0.000000e+00   0.000000e+00   0.000000e+00  -5.207461e-03  -8.869817e-05  -1.110705e-03  -0.000000e+00   1.675030e-08
   1.490433e-02   1.690794e-02  -0.000000e+00   0.000000e+00   0.000000e+00  -1.795720e-03   4.655875e-04  -1.382544e-05  -0.000000e+00   8.366080e-09
   1.910178e-02   1.495808e-02  -0.000000e+00   0.000000e+00   0.000000e+00  -4.895310e-05  -8.255500e-06   9.441841e-06  -0.000000e+00   8.660050e-10
   1.575897e-02   1.918736e-02  -0.000000e+00   0.000000e+00   0.000000e+00  -5.672183e-05   6.598005e-06  -8.961107e-06  -0.000000e+00   1.045444e-09
   1.395596e-02   1.859686e-02  -0.000000e+00   0.000000e+00   0.000000e+00  -3.774041e-03  -1.700110e-04  -8.346454e-04  -0.000000e+00   1.653581e-08
   1.781076e-02   1.287566e-02  -0.000000e+00   0.000000e+00   0.000000e+00  -5.473298e-05   1.037758e-05   2.257925e-06  -0.000000e+00   1.011929e-09
   1.896044e-02   1.203279e-02  -0.000000e+00   0.000000e+00   0.000000e+00  -5.080958e-05  -4.802813e-06  -2.677236e-06  -0.000000e+00   7.890950e-10
   1.167226e-02   1.674333e-02  -0.000000e+00   0.000000e+00   0.000000e+00  -4.829140e-03  -1.238972e-04  -9.784064e-04  -0.000000e+00   1.603983e-08
   1.602096e-02   1.149442e-02  -0.000000e+00   0.000000e+00   0.000000e+00  -6.049580e-04  -6.747406e-05  -9.110816e-05  -0.000000e+00   4.089469e-09
   1.393963e-02   1.271693e-02  -0.000000e+00   0.000000e+00   0.000000e+00  -4.704767e-04  -1.050296e-04   1.117658e-04  -0.000000e+00   3.577243e-09
   1.143509e-02   1.426505e-02  -0.000000e+00   0.000000e+00   0.000000e+00  -3.600324e-03   7.880785e-04  -6.232968e-04  -0.000000e+00   1.508107e-08
   1.486979e-02   1.441518e-02  -0.000000e+00   0.000000e+00   0.000000e+00  -7.393638e-05   2.666195e-05   1.759381e-05  -0.000000e+00   1.011641e-09
   1.122276e-02   1.090281e-02  -0.000000e+00   0.000000e+00   0.000000e+00  -2.128827e-03   5.047230e-04  -4.060525e-04  -0.000000e+00   7.293245e-09
                                                0.000000e+00   0.000000e+00  -1.164199e-01   2.203858e-03  -1.121804e-02   0.000000e+00   7.324552e-09

