              5

              1
             50
          pos_x          pos_y          pos_z       normal_x       normal_y       normal_z        tangt_x        tangt_y        tangt_z          pentr
  -0.000000e+00   3.389181e-03   1.089344e-03  -7.635215e-05   0.000000e+00   0.000000e+00  -0.000000e+00  -2.734794e-05   5.036246e-06   1.332153e-09
  -0.000000e+00   8.972254e-03   1.335538e-03  -2.468748e-03   0.000000e+00   0.000000e+00  -0.000000e+00  -1.066184e-03  -4.587136e-04   9.131746e-09
  -0.000000e+00   9.862890e-04   1.999543e-03  -1.359184e-04   0.000000e+00   0.000000e+00  -0.000000e+00  -2.718804e-05   5.894512e-05   1.518381e-09
  -0.000000e+00   4.147619e-03   1.888437e-03  -3.595734e-05   0.000000e+00   0.000000e+00  -0.000000e+00   1.201979e-05   4.942905e-06   6.761776e-10
  -0.000000e+00   5.958341e-03   2.683974e-03  -8.693153e-04   0.000000e+00   0.000000e+00  -0.000000e+00  -2.934902e-04  -7.919291e-05   5.488508e-09
  -0.000000e+00   2.729681e-03   4.725089e-03  -1.030035e-03   0.000000e+00   0.000000e+00  -0.000000e+00  -2.069605e-04   1.489741e-04   6.050852e-09
  -0.000000e+00   8.787402e-03   5.169000e-03  -1.433353e-03   0.000000e+00   0.000000e+00  -0.000000e+00  -2.434992e-04   5.993378e-05   5.841245e-09
  -0.000000e+00   5.528782e-03   4.970927e-03  -3.417246e-04   0.000000e+00   0.000000e+00  -0.000000e+00   7.856607e-05  -8.884569e-05   2.549915e-09
  -0.000000e+00   1.112024e-03   8.998396e-03  -4.922120e-04   0.000000e+00   0.000000e+00  -0.000000e+00  -1.096331e-04  -1.065635e-06   3.930680e-09
  -0.000000e+00   9.141536e-04   4.272299e-03  -1.378664e-03   0.000000e+00   0.000000e+00  -0.000000e+00   2.648407e-04   4.371730e-04   8.005991e-09
  -0.000000e+00   3.843210e-03   6.607957e-03  -1.001157e-02   0.000000e+00   0.000000e+00  -0.000000e+00   1.818429e-03   1.865251e-03   3.652243e-08
  -0.000000e+00   7.008818e-03   6.723349e-03  -3.221966e-05   0.000000e+00   0.000000e+00  -0.000000e+00   3.651513e-06  -2.449186e-06   6.235605e-10
  -0.000000e+00   6.704755e-03   1.031485e-02  -4.918677e-04   0.000000e+00   0.000000e+00  -0.000000e+00  -1.302057e-04   5.100772e-05   3.531609e-09
  -0.000000e+00   8.446712e-03   8.480365e-03  -3.495790e-04   0.000000e+00   0.000000e+00  -0.000000e+00  -5.650626e-05  -1.212855e-04   2.937333e-09
  -0.000000e+00   5.002200e-03   7.069093e-03  -9.909993e-06   0.000000e+00   0.000000e+00  -0.000000e+00  -1.543010e-06   2.886313e-06   2.715047e-10
  -0.000000e+00   3.405673e-03   9.524822e-03  -4.790268e-04   0.000000e+00   0.000000e+00  -0.000000e+00  -5.222431e-05   1.812301e-04   3.889895e-09
  -0.000000e+00   5.996886e-03   1.485379e-02  -7.751586e-04   0.000000e+00   0.000000e+00  -0.000000e+00  -8.913131e-05  -1.762594e-04   4.059628e-09
  -0.000000e+00   8.352502e-03   1.526009e-02  -1.270563e-04   0.000000e+00   0.000000e+00  -0.000000e+00  -7.104068e-06  -7.902505e-06   1.648244e-09
  -0.000000e+00   2.044194e-03   1.453758e-02  -3.858890e-05   0.000000e+00   0.000000e+00  -0.000000e+00   2.989124e-06  -9.316687e-06   6.590063e-10
  -0.000000e+00   8.934468e-03   1.338565e-02  -1.376377e-04   0.000000e+00   0.000000e+00  -0.000000e+00  -4.858887e-05  -8.877622e-06   1.912025e-09
  -0.000000e+00   7.619019e-03   1.249280e-02  -1.991414e-05   0.000000e+00   0.000000e+00  -0.000000e+00   3.789702e-06  -1.885400e-06   5.236246e-10
  -0.000000e+00   4.275975e-03   1.272263e-02  -4.273882e-04   0.000000e+00   0.000000e+00  -0.000000e+00   1.030429e-04  -1.649472e-04   3.041043e-09
  -0.000000e+00   1.125377e-03   1.224953e-02  -3.168376e-04   0.000000e+00   0.000000e+00  -0.000000e+00   5.472585e-05  -7.819021e-05   3.417375e-09
  -0.000000e+00   2.294153e-03   1.064543e-02  -2.984276e-05   0.000000e+00   0.000000e+00  -0.000000e+00   6.680768e-06  -6.714191e-06   6.173045e-10
  -0.000000e+00   1.434138e-02   4.756014e-03  -2.267290e-06   0.000000e+00   0.000000e+00  -0.000000e+00   3.192459e-07   5.455105e-07   1.288240e-10
  -0.000000e+00   1.818705e-02   4.837783e-03  -1.136983e-04   0.000000e+00   0.000000e+00  -0.000000e+00  -2.509684e-05   8.486313e-06   1.450964e-09
  -0.000000e+00   1.829758e-02   7.060892e-03  -8.117719e-07   0.000000e+00   0.000000e+00  -0.000000e+00   3.896302e-09  -1.119541e-07   5.624243e-11
  -0.000000e+00   1.728989e-02   2.753703e-03  -2.102212e-03   0.000000e+00   0.000000e+00  -0.000000e+00   1.034573e-04  -6.989269e-04   9.306234e-09
  -0.000000e+00   1.547773e-02   1.140065e-03  -1.213956e-05   0.000000e+00   0.000000e+00  -0.000000e+00  -3.883906e-06  -1.036235e-06   3.523187e-10
  -0.000000e+00   1.393083e-02   2.762651e-03  -4.667200e-03   0.000000e+00   0.000000e+00  -0.000000e+00   1.218593e-05   5.130927e-04   1.452291e-08
  -0.000000e+00   1.515353e-02   7.319483e-03  -4.928790e-04   0.000000e+00   0.000000e+00  -0.000000e+00   9.777994e-05   1.765981e-05   3.589807e-09
  -0.000000e+00   1.146928e-02   1.630403e-03  -1.530931e-05   0.000000e+00   0.000000e+00  -0.000000e+00  -4.834881e-06  -1.222719e-06   4.516769e-10
  -0.000000e+00   1.603988e-02   4.433560e-03  -1.032299e-03   0.000000e+00   0.000000e+00  -0.000000e+00   4.381349e-05  -1.186599e-04   7.327056e-09
  -0.000000e+00   1.615213e-02   8.432858e-03  -4.943504e-03   0.000000e+00   0.000000e+00  -0.000000e+00  -1.240101e-03  -6.386939e-04   1.664223e-08
  -0.000000e+00   1.154584e-02   7.540347e-03  -2.407290e-03   0.000000e+00   0.000000e+00  -0.000000e+00  -6.437563e-04   1.751022e-04   1.155556e-08
  -0.000000e+00   1.372470e-02   6.252971e-03  -2.769013e-05   0.000000e+00   0.000000e+00  -0.000000e+00   2.199827e-06  -8.112734e-06   5.658086e-10
  -0.000000e+00   1.384116e-02   9.181464e-03  -1.056480e-03   0.000000e+00   0.000000e+00  -0.000000e+00   3.734365e-04  -1.777642e-04   5.911570e-09
  -0.000000e+00   1.010289e-02   8.168362e-03  -1.765051e-04   0.000000e+00   0.000000e+00  -0.000000e+00  -5.415992e-05   8.858878e-06   2.256762e-09
  -0.000000e+00   1.907186e-02   9.383562e-03  -2.525017e-03   0.000000e+00   0.000000e+00  -0.000000e+00   3.875841e-04   2.078921e-04   1.102863e-08
  -0.000000e+00   1.196789e-02   9.114591e-03  -1.229429e-03   0.000000e+00   0.000000e+00  -0.000000e+00   5.618279e-05   5.211511e-06   8.868907e-09
  -0.000000e+00   1.021916e-02   9.473454e-03  -1.949819e-04   0.000000e+00   0.000000e+00  -0.000000e+00  -1.290134e-05  -6.457431e-05   1.973241e-09
  -0.000000e+00   1.367196e-02   1.704722e-02  -1.161875e-06   0.000000e+00   0.000000e+00   0.000000e+00  -3.918278e-07  -4.289045e-07   5.957540e-11
  -0.000000e+00   1.841441e-02   1.786707e-02  -3.033837e-05   0.000000e+00   0.000000e+00  -0.000000e+00  -4.267613e-06   1.936281e-06   6.536704e-10
  -0.000000e+00   1.218381e-02   1.496413e-02  -9.411002e-05   0.000000e+00   0.000000e+00  -0.000000e+00  -3.061193e-05  -3.121629e-06   1.218882e-09
  -0.000000e+00   1.445679e-02   1.465816e-02  -2.033571e-05   0.000000e+00   0.000000e+00  -0.000000e+00  -9.319081e-06   1.147457e-06   4.133214e-10
  -0.000000e+00   1.044183e-02   1.452717e-02  -3.137835e-04   0.000000e+00   0.000000e+00  -0.000000e+00   2.954976e-05  -3.570676e-05   2.879104e-09
  -0.000000e+00   1.181123e-02   1.273644e-02  -9.613151e-04   0.000000e+00   0.000000e+00  -0.000000e+00   1.810320e-05  -6.474965e-05   5.096473e-09
  -0.000000e+00   1.450609e-02   1.209753e-02  -1.084147e-03   0.000000e+00   0.000000e+00  -0.000000e+00   1.536047e-04   3.170522e-05   6.009691e-09
  -0.000000e+00   1.651870e-02   1.218896e-02  -1.310531e-03   0.000000e+00   0.000000e+00  -0.000000e+00  -4.004674e-04   1.626784e-04   6.974631e-09
  -0.000000e+00   1.844904e-02   1.190970e-02  -2.042263e-04   0.000000e+00   0.000000e+00  -0.000000e+00  -5.149592e-05   4.349103e-05   2.145234e-09
                                               -4.652854e-02   0.000000e+00   0.000000e+00   0.000000e+00  -1.213938e-03   9.744321e-04   4.592391e-09

              2
             36
          pos_x          pos_y          pos_z       normal_x       normal_y       normal_z        tangt_x        tangt_y        tangt_z          pentr
   2.000000e-02   3.222643e-03   3.315071e-03   3.216500e-03   0.000000e+00   0.000000e+00  -0.000000e+00  -3.829456e-04   1.255248e-03   1.019431e-08
   2.000000e-02   1.866265e-03   6.320243e-03   3.193309e-03   0.000000e+00   0.000000e+00  -0.000000e+00   8.451342e-04   1.140052e-03   9.897687e-09
   2.000000e-02   5.555397e-03   5.159228e-03   1.471753e-03   0.000000e+00   0.000000e+00  -0.000000e+00   4.895412e-04  -2.432643e-04   7.332423e-09
   2.000000e-02   8.661527e-03   6.008105e-03   3.822324e-03   0.000000e+00   0.000000e+00  -0.000000e+00  -6.666515e-04   5.347689e-04   1.304102e-08
   2.000000e-02   3.712012e-03   9.332782e-03   1.546382e-04   0.000000e+00   0.000000e+00  -0.000000e+00  -2.087710e-05   2.247618e-05   1.946911e-09
   2.000000e-02   6.024922e-03   7.540310e-03   7.880749e-04   0.000000e+00   0.000000e+00  -0.000000e+00  -2.144346e-05  -2.571382e-04   4.795863e-09
   2.000000e-02   1.106289e-03   9.341805e-03   6.353117e-04   0.000000e+00   0.000000e+00  -0.000000e+00  -1.234134e-04  -1.720655e-04   4.537790e-09
   2.000000e-02   8.864746e-03   2.764454e-03   5.411334e-05   0.000000e+00   0.000000e+00  -0.000000e+00   1.880903e-05   6.219040e-06   9.974656e-10
   2.000000e-02   7.548843e-03   1.747884e-02   7.400148e-05   0.000000e+00   0.000000e+00  -0.000000e+00  -1.136590e-05  -1.085117e-05   1.185582e-09
   2.000000e-02   9.020822e-03   1.561657e-02   1.924831e-04   0.000000e+00   0.000000e+00  -0.000000e+00  -2.512366e-05  -2.825900e-05   1.888726e-09
   2.000000e-02   2.152294e-03   1.512360e-02   4.137774e-04   0.000000e+00   0.000000e+00  -0.000000e+00  -1.112754e-04   1.307077e-05   3.309962e-09
   2.000000e-02   5.299929e-03   1.545096e-02   7.150013e-04   0.000000e+00   0.000000e+00  -0.000000e+00   1.917505e-04   1.919246e-04   4.352390e-09
   2.000000e-02   4.826927e-03   1.250638e-02   9.104737e-06   0.000000e+00   0.000000e+00  -0.000000e+00   2.665756e-06  -2.659180e-06   3.020873e-10
   2.000000e-02   3.386768e-03   1.085551e-02   2.704023e-04   0.000000e+00   0.000000e+00  -0.000000e+00   1.090940e-05  -2.096990e-05   2.437869e-09
   2.000000e-02   6.664271e-03   1.059069e-02   2.036990e-03   0.000000e+00   0.000000e+00  -0.000000e+00  -3.504021e-04   5.590357e-05   7.133874e-09
   2.000000e-02   1.862020e-02   1.131687e-03   9.861044e-06   0.000000e+00   0.000000e+00  -0.000000e+00  -4.844589e-07  -4.037599e-06   3.365180e-10
   2.000000e-02   1.635308e-02   4.832043e-03   3.431764e-03   0.000000e+00   0.000000e+00  -0.000000e+00  -1.033442e-03  -5.250020e-04   1.308115e-08
   2.000000e-02   1.531118e-02   3.065643e-03   6.183048e-03   0.000000e+00   0.000000e+00  -0.000000e+00   6.809656e-04   2.048037e-03   1.714784e-08
   2.000000e-02   1.900224e-02   4.584854e-03   4.575785e-04   0.000000e+00   0.000000e+00  -0.000000e+00  -2.823772e-05  -1.457414e-04   3.399912e-09
   2.000000e-02   1.861632e-02   9.407787e-03   2.861191e-03   0.000000e+00   0.000000e+00  -0.000000e+00   6.964826e-04   9.352759e-04   1.016234e-08
   2.000000e-02   1.790055e-02   3.063176e-03   3.001837e-03   0.000000e+00   0.000000e+00  -0.000000e+00   8.800641e-04  -4.029483e-06   1.253202e-08
   2.000000e-02   1.433522e-02   8.512577e-04   6.130292e-06   0.000000e+00   0.000000e+00  -0.000000e+00   2.409608e-06  -1.584098e-06   2.262748e-10
   2.000000e-02   1.145000e-02   8.865011e-03   1.535532e-03   0.000000e+00   0.000000e+00  -0.000000e+00  -1.369445e-04  -3.061633e-05   8.417022e-09
   2.000000e-02   1.284663e-02   3.556917e-03   1.857152e-03   0.000000e+00   0.000000e+00  -0.000000e+00  -3.504158e-04  -5.150946e-04   7.938498e-09
   2.000000e-02   1.223588e-02   6.607271e-04   6.733337e-06   0.000000e+00   0.000000e+00  -0.000000e+00   1.785593e-06  -3.100968e-07   2.804046e-10
   2.000000e-02   1.023468e-02   7.289691e-03   2.661092e-05   0.000000e+00   0.000000e+00  -0.000000e+00  -9.043158e-06   6.445696e-07   5.336148e-10
   2.000000e-02   1.386372e-02   1.770680e-02   2.654183e-05   0.000000e+00   0.000000e+00  -0.000000e+00   1.094253e-05   2.946497e-06   6.757574e-10
   2.000000e-02   1.703064e-02   1.810970e-02   2.926709e-04   0.000000e+00   0.000000e+00  -0.000000e+00   1.447812e-05   1.015460e-05   2.359721e-09
   2.000000e-02   1.297238e-02   1.620114e-02   1.420235e-04   0.000000e+00   0.000000e+00  -0.000000e+00   5.898544e-05  -2.707143e-05   1.416729e-09
   2.000000e-02   1.090455e-02   1.525146e-02   2.557184e-05   0.000000e+00   0.000000e+00  -0.000000e+00  -2.956991e-06  -7.474616e-06   5.504676e-10
   2.000000e-02   1.361759e-02   1.416526e-02   5.424458e-05   0.000000e+00   0.000000e+00  -0.000000e+00  -2.899148e-06   1.965315e-05   1.086785e-09
   2.000000e-02   1.082095e-02   1.314853e-02   3.631114e-04   0.000000e+00   0.000000e+00  -0.000000e+00   4.161570e-05   2.247610e-05   3.332187e-09
   2.000000e-02   1.822794e-02   1.281184e-02   2.823673e-04   0.000000e+00   0.000000e+00  -0.000000e+00  -1.123001e-04   3.047034e-05   2.327465e-09
   2.000000e-02   1.280280e-02   1.235927e-02   1.692268e-04   0.000000e+00   0.000000e+00  -0.000000e+00   4.453518e-05  -5.250594e-05   1.884045e-09
   2.000000e-02   1.908644e-02   1.136540e-02   1.574017e-04   0.000000e+00   0.000000e+00  -0.000000e+00   5.337127e-05  -3.533130e-05   2.094451e-09
   2.000000e-02   9.687569e-03   1.069940e-02   9.612480e-04   0.000000e+00   0.000000e+00  -0.000000e+00   2.882634e-05  -6.762540e-05   5.621092e-09
                                                3.889963e-02   0.000000e+00   0.000000e+00   0.000000e+00   6.830498e-04   4.137690e-03   4.687729e-09

              3
             42
          pos_x          pos_y          pos_z       normal_x       normal_y       normal_z        tangt_x        tangt_y        tangt_z          pentr
   6.189399e-03  -0.000000e+00   9.887060e-04   0.000000e+00  -1.231807e-03   0.000000e+00   7.777559e-06  -0.000000e+00  -2.536456e-04   7.589404e-09
   6.084204e-04  -0.000000e+00   1.824327e-03   0.000000e+00  -1.328848e-05   0.000000e+00  -3.736234e-06  -0.000000e+00  -2.205070e-06   4.479749e-10
   3.902296e-03  -0.000000e+00   1.935869e-03   0.000000e+00  -1.884180e-05   0.000000e+00   3.343118e-06  -0.000000e+00   3.149560e-06   4.164794e-10
   2.128808e-03  -0.000000e+00   3.459440e-03   0.000000e+00  -4.097680e-03   0.000000e+00  -5.411047e-04  -0.000000e+00   1.450334e-03   1.507676e-08
   1.679355e-03  -0.000000e+00   6.310454e-03   0.000000e+00  -8.437249e-04   0.000000e+00   6.261025e-05  -0.000000e+00   1.392262e-04   5.255772e-09
   1.376310e-03  -0.000000e+00   8.432308e-03   0.000000e+00  -8.339881e-04   0.000000e+00  -3.202888e-06  -0.000000e+00  -3.253904e-04   4.679996e-09
   2.400775e-03  -0.000000e+00   4.878733e-03   0.000000e+00  -1.145274e-04   0.000000e+00  -2.929057e-06  -0.000000e+00  -4.599149e-05   1.688171e-09
   8.820985e-04  -0.000000e+00   4.208787e-03   0.000000e+00  -2.127535e-04   0.000000e+00  -4.521146e-05  -0.000000e+00   4.805628e-05   2.360177e-09
   3.936866e-03  -0.000000e+00   6.365416e-03   0.000000e+00  -9.149227e-05   0.000000e+00   1.244098e-05  -0.000000e+00   2.252521e-05   1.357759e-09
   8.081124e-03  -0.000000e+00   6.139004e-03   0.000000e+00  -3.251881e-04   0.000000e+00  -3.122139e-05  -0.000000e+00  -4.060759e-05   2.575429e-09
   3.673928e-03  -0.000000e+00   7.664758e-03   0.000000e+00  -1.353063e-03   0.000000e+00   1.919668e-04  -0.000000e+00  -2.959766e-04   7.449461e-09
   5.729170e-03  -0.000000e+00   6.170154e-03   0.000000e+00  -5.758353e-05   0.000000e+00   5.168374e-06  -0.000000e+00   1.460610e-05   1.069050e-09
   5.631678e-03  -0.000000e+00   7.783789e-03   0.000000e+00  -4.052473e-05   0.000000e+00  -1.631384e-05  -0.000000e+00   4.189582e-06   8.429186e-10
   9.704062e-03  -0.000000e+00   1.377363e-03   0.000000e+00  -3.023039e-03   0.000000e+00   3.928437e-05  -0.000000e+00   7.760648e-04   1.323883e-08
   7.735733e-03  -0.000000e+00   8.337124e-03   0.000000e+00  -9.754894e-05   0.000000e+00   1.114855e-05  -0.000000e+00   3.203069e-05   1.254419e-09
   5.616982e-03  -0.000000e+00   1.872092e-02   0.000000e+00  -6.759172e-05   0.000000e+00  -2.135769e-05  -0.000000e+00  -1.593625e-05   1.000917e-09
   6.448684e-03  -0.000000e+00   1.442451e-02   0.000000e+00  -4.638034e-04   0.000000e+00  -9.405724e-05  -0.000000e+00   1.429658e-04   3.342381e-09
   4.050109e-03  -0.000000e+00   1.537481e-02   0.000000e+00  -6.385047e-05   0.000000e+00   3.008253e-05  -0.000000e+00  -2.742091e-07   1.000331e-09
   1.770278e-03  -0.000000e+00   1.395488e-02   0.000000e+00  -2.432177e-04   0.000000e+00  -7.912707e-07  -0.000000e+00   7.605717e-05   1.949724e-09
   8.302807e-03  -0.000000e+00   1.204430e-02   0.000000e+00  -3.138620e-04   0.000000e+00   1.004694e-04  -0.000000e+00  -9.680957e-05   2.491779e-09
   2.526124e-03  -0.000000e+00   1.242663e-02   0.000000e+00  -1.289233e-05   0.000000e+00   1.558927e-07  -0.000000e+00  -1.250231e-06   3.809216e-10
   1.398067e-03  -0.000000e+00   1.057293e-02   0.000000e+00  -5.682103e-04   0.000000e+00  -1.936977e-04  -0.000000e+00   5.187565e-05   4.302517e-09
   5.741466e-03  -0.000000e+00   1.068639e-02   0.000000e+00  -2.746081e-03   0.000000e+00   7.243654e-04  -0.000000e+00   5.654697e-04   1.363610e-08
   1.763547e-02  -0.000000e+00   1.815855e-03   0.000000e+00  -1.689794e-03   0.000000e+00   6.183758e-04  -0.000000e+00  -1.451232e-04   7.853930e-09
   1.736251e-02  -0.000000e+00   4.645223e-03   0.000000e+00  -5.041986e-03   0.000000e+00   1.632380e-03  -0.000000e+00  -8.336778e-04   1.564864e-08
   1.861943e-02  -0.000000e+00   9.378354e-03   0.000000e+00  -9.812449e-04   0.000000e+00   1.962969e-04  -0.000000e+00  -2.565932e-04   5.094134e-09
   1.511508e-02  -0.000000e+00   2.857672e-03   0.000000e+00  -9.551240e-04   0.000000e+00  -1.547150e-04  -0.000000e+00   3.886546e-04   5.201600e-09
   1.539794e-02  -0.000000e+00   9.754819e-04   0.000000e+00  -2.866251e-05   0.000000e+00   4.425795e-06  -0.000000e+00   7.830032e-06   7.041409e-10
   1.277935e-02  -0.000000e+00   1.469756e-03   0.000000e+00  -3.971420e-03   0.000000e+00   3.035580e-04  -0.000000e+00  -1.743818e-03   1.550664e-08
   1.090347e-02  -0.000000e+00   6.253134e-03   0.000000e+00  -3.914458e-04   0.000000e+00   8.565309e-05  -0.000000e+00  -1.051257e-04   3.237642e-09
   1.449435e-02  -0.000000e+00   8.968225e-03   0.000000e+00  -2.491187e-05   0.000000e+00  -5.516317e-07  -0.000000e+00  -4.210138e-06   4.491757e-10
   1.044016e-02  -0.000000e+00   3.207718e-03   0.000000e+00  -2.756209e-04   0.000000e+00   3.760294e-05  -0.000000e+00  -1.635792e-05   2.160450e-09
   1.706003e-02  -0.000000e+00   9.279071e-03   0.000000e+00  -1.338627e-05   0.000000e+00   1.264565e-07  -0.000000e+00   6.445890e-06   4.041888e-10
   1.272213e-02  -0.000000e+00   8.249001e-03   0.000000e+00  -2.928855e-04   0.000000e+00  -1.134214e-04  -0.000000e+00  -6.897133e-05   3.168841e-09
   1.222950e-02  -0.000000e+00   6.596798e-03   0.000000e+00  -6.265350e-06   0.000000e+00   1.957030e-07  -0.000000e+00   1.447043e-06   2.001969e-10
   1.023573e-02  -0.000000e+00   1.038876e-02   0.000000e+00  -1.716213e-03   0.000000e+00  -3.993798e-04  -0.000000e+00   2.135113e-04   8.557879e-09
   1.301980e-02  -0.000000e+00   1.630712e-02   0.000000e+00  -6.170564e-05   0.000000e+00   1.708028e-05  -0.000000e+00   8.228505e-06   9.731281e-10
   1.748306e-02  -0.000000e+00   1.499675e-02   0.000000e+00  -3.101095e-04   0.000000e+00  -1.856305e-05  -0.000000e+00  -1.061420e-04   2.452857e-09
   1.097487e-02  -0.000000e+00   1.514732e-02   0.000000e+00  -2.521235e-03   0.000000e+00  -5.091101e-04  -0.000000e+00   1.894872e-04   1.002825e-08
   1.460197e-02  -0.000000e+00   1.436132e-02   0.000000e+00  -7.745864e-04   0.000000e+00   2.280483e-04  -0.000000e+00  -2.850293e-04   4.813626e-09
   1.586920e-02  -0.000000e+00   1.253229e-02   0.000000e+00  -2.064994e-04   0.000000e+00  -4.167916e-05  -0.000000e+00  -1.209174e-05   1.887229e-09
   1.308502e-02  -0.000000e+00   1.213463e-02   0.000000e+00  -6.692265e-04   0.000000e+00   7.542026e-05  -0.000000e+00   1.374732e-04   5.389145e-09
                                                0.000000e+00  -3.676688e-02   0.000000e+00   2.196933e-03   0.000000e+00  -3.755982e-04   4.455689e-09

              4
             40
          pos_x          pos_y          pos_z       normal_x       normal_y       normal_z        tangt_x        tangt_y        tangt_z          pentr
   1.650126e-03   2.000000e-02   2.474707e-03   0.000000e+00   2.264397e-04   0.000000e+00   5.012249e-05  -0.000000e+00  -3.651108e-05   1.963131e-09
   6.535049e-03   2.000000e-02   6.124092e-03   0.000000e+00   4.842473e-04   0.000000e+00   1.414443e-04  -0.000000e+00  -1.450406e-04   3.521303e-09
   3.888210e-03   2.000000e-02   4.056266e-03   0.000000e+00   2.200790e-03   0.000000e+00   1.005984e-03  -0.000000e+00  -2.344824e-04   8.525005e-09
   7.878791e-03   2.000000e-02   2.668059e-03   0.000000e+00   1.589021e-03   0.000000e+00  -4.311884e-04  -0.000000e+00  -4.111871e-04   7.878055e-09
   9.664226e-03   2.000000e-02   7.010222e-03   0.000000e+00   2.303252e-03   0.000000e+00   6.303346e-04  -0.000000e+00   3.771935e-04   1.020237e-08
   1.512424e-03   2.000000e-02   6.980300e-03   0.000000e+00   1.384383e-07   0.000000e+00   1.280332e-10   0.000000e+00  -6.921901e-08   1.844831e-11
   4.818053e-03   2.000000e-02   1.240074e-03   0.000000e+00   4.225626e-04   0.000000e+00   1.134040e-04  -0.000000e+00   4.275675e-05   3.042683e-09
   3.651099e-03   2.000000e-02   9.568421e-03   0.000000e+00   6.602117e-03   0.000000e+00   2.167346e-03  -0.000000e+00   5.595349e-04   1.500550e-08
   8.269214e-03   2.000000e-02   9.471096e-03   0.000000e+00   8.237161e-04   0.000000e+00   1.475882e-04  -0.000000e+00  -6.079364e-05   4.556122e-09
   9.657553e-03   2.000000e-02   1.299644e-03   0.000000e+00   2.256028e-04   0.000000e+00   1.451259e-05  -0.000000e+00  -5.407611e-05   2.383609e-09
   7.850004e-03   2.000000e-02   6.593560e-03   0.000000e+00   5.955586e-04   0.000000e+00  -1.498361e-04  -0.000000e+00  -5.974374e-05   4.621515e-09
   7.538730e-04   2.000000e-02   9.396682e-03   0.000000e+00   7.852440e-04   0.000000e+00  -1.456239e-04  -0.000000e+00   5.868752e-05   5.958912e-09
   1.700119e-03   2.000000e-02   1.803370e-02   0.000000e+00   2.001522e-05   0.000000e+00   2.205375e-06  -0.000000e+00   6.555628e-06   4.787473e-10
   7.780359e-03   2.000000e-02   1.590235e-02   0.000000e+00   1.368174e-04   0.000000e+00   7.421754e-06  -0.000000e+00  -3.257300e-05   1.898516e-09
   5.308904e-03   2.000000e-02   1.524416e-02   0.000000e+00   1.039134e-03   0.000000e+00   1.830137e-04  -0.000000e+00  -5.649702e-05   6.559559e-09
   2.280884e-03   2.000000e-02   1.562805e-02   0.000000e+00   6.164757e-04   0.000000e+00   1.733331e-04  -0.000000e+00  -1.081550e-04   3.733485e-09
   9.831419e-03   2.000000e-02   1.385931e-02   0.000000e+00   4.459260e-04   0.000000e+00   1.458654e-04  -0.000000e+00   6.387446e-05   2.857459e-09
   1.604213e-03   2.000000e-02   1.137092e-02   0.000000e+00   1.065208e-04   0.000000e+00  -1.528619e-05  -0.000000e+00   1.742089e-05   1.327725e-09
   1.794356e-02   2.000000e-02   5.606311e-03   0.000000e+00   3.942218e-04   0.000000e+00  -6.876069e-05  -0.000000e+00   1.354151e-05   3.331593e-09
   1.939956e-02   2.000000e-02   4.534015e-03   0.000000e+00   8.023308e-04   0.000000e+00   8.824267e-05  -0.000000e+00   6.264736e-05   6.975109e-09
   1.657703e-02   2.000000e-02   8.491270e-03   0.000000e+00   1.184572e-03   0.000000e+00  -4.023732e-04  -0.000000e+00  -4.876838e-05   6.979607e-09
   1.620095e-02   2.000000e-02   3.799025e-03   0.000000e+00   1.504697e-03   0.000000e+00  -3.472448e-04  -0.000000e+00  -1.340185e-04   9.036742e-09
   1.790094e-02   2.000000e-02   1.039853e-02   0.000000e+00   6.310000e-04   0.000000e+00   5.819656e-05  -0.000000e+00  -1.966172e-05   5.263331e-09
   1.775593e-02   2.000000e-02   2.692261e-03   0.000000e+00   3.576294e-03   0.000000e+00   2.931242e-04  -0.000000e+00  -1.449726e-03   1.369949e-08
   1.412030e-02   2.000000e-02   4.115811e-03   0.000000e+00   8.255761e-04   0.000000e+00  -2.721381e-04  -0.000000e+00  -8.765205e-05   5.163672e-09
   1.543239e-02   2.000000e-02   9.592337e-04   0.000000e+00   1.053057e-05   0.000000e+00  -2.182795e-06  -0.000000e+00   1.010005e-06   2.954935e-10
   1.376079e-02   2.000000e-02   1.880983e-03   0.000000e+00   4.823062e-03   0.000000e+00   1.720109e-03  -0.000000e+00   1.039958e-03   1.595171e-08
   1.540903e-02   2.000000e-02   7.189658e-03   0.000000e+00   5.709866e-06   0.000000e+00  -1.927880e-06  -0.000000e+00  -1.479218e-06   1.830689e-10
   1.168820e-02   2.000000e-02   2.101239e-03   0.000000e+00   1.161789e-02   0.000000e+00  -1.397843e-03  -0.000000e+00  -4.908099e-04   2.590452e-08
   1.418853e-02   2.000000e-02   5.594733e-03   0.000000e+00   2.259214e-05   0.000000e+00  -3.748703e-06  -0.000000e+00   7.628779e-06   5.402351e-10
   1.179758e-02   2.000000e-02   5.311177e-03   0.000000e+00   4.084019e-04   0.000000e+00  -8.967844e-05  -0.000000e+00  -5.304401e-05   3.199321e-09
   1.616469e-02   2.000000e-02   6.053254e-03   0.000000e+00   1.261218e-04   0.000000e+00   9.979304e-06  -0.000000e+00   5.824804e-05   1.948530e-09
   1.404481e-02   2.000000e-02   7.323916e-03   0.000000e+00   3.947179e-05   0.000000e+00   8.879095e-06  -0.000000e+00  -1.291008e-05   8.765477e-10
   1.134424e-02   2.000000e-02   8.926865e-03   0.000000e+00   3.815896e-04   0.000000e+00   6.982911e-05  -0.000000e+00   6.858594e-05   2.863738e-09
   1.456758e-02   2.000000e-02   9.752485e-03   0.000000e+00   1.347441e-04   0.000000e+00   3.131953e-05  -0.000000e+00   3.595516e-05   1.622382e-09
   1.402748e-02   2.000000e-02   1.716032e-02   0.000000e+00   3.947745e-04   0.000000e+00  -1.125274e-04  -0.000000e+00  -4.073646e-06   3.060215e-09
   1.763182e-02   2.000000e-02   1.466124e-02   0.000000e+00   3.077440e-04   0.000000e+00  -8.859240e-05  -0.000000e+00  -3.336432e-05   2.723584e-09
   1.255692e-02   2.000000e-02   1.373324e-02   0.000000e+00   3.011120e-04   0.000000e+00  -6.226036e-05  -0.000000e+00  -1.596096e-05   2.654382e-09
   1.185802e-02   2.000000e-02   1.123807e-02   0.000000e+00   1.367624e-03   0.000000e+00  -4.284182e-05  -0.000000e+00  -6.068076e-04   5.985114e-09
   1.925359e-02   2.000000e-02   1.131546e-02   0.000000e+00   4.966096e-05   0.000000e+00  -1.601918e-05  -0.000000e+00  -6.963372e-07   1.081968e-09
                                                0.000000e+00   4.753330e-02   0.000000e+00   3.412182e-03   0.000000e+00  -1.744503e-03   5.096813e-09

              5
             62
          pos_x          pos_y          pos_z       normal_x       normal_y       normal_z        tangt_x        tangt_y        tangt_z          pentr
   2.176667e-03   1.561530e-03  -0.000000e+00   0.000000e+00   0.000000e+00  -8.453319e-03   2.266823e-04  -1.078579e-03  -0.000000e+00   2.097538e-08
   6.371592e-03   1.429754e-03  -0.000000e+00   0.000000e+00   0.000000e+00  -2.050746e-03   4.543210e-04   3.331203e-04  -0.000000e+00   8.211948e-09
   4.695576e-03   5.495453e-03  -0.000000e+00   0.000000e+00   0.000000e+00  -5.656845e-05   1.209104e-05   2.385628e-05  -0.000000e+00   1.015512e-09
   1.279665e-03   3.459621e-03  -0.000000e+00   0.000000e+00   0.000000e+00  -1.373498e-04   5.072602e-05  -2.507258e-05  -0.000000e+00   1.763106e-09
   6.064867e-03   8.902548e-03  -0.000000e+00   0.000000e+00   0.000000e+00  -2.656408e-04  -4.648213e-05   5.411510e-05  -0.000000e+00   3.006640e-09
   1.188874e-03   9.737834e-03  -0.000000e+00   0.000000e+00   0.000000e+00  -3.375433e-03  -9.169861e-04   7.810713e-04  -0.000000e+00   1.251298e-08
   7.930525e-04   5.639828e-03  -0.000000e+00   0.000000e+00   0.000000e+00  -5.293695e-05  -2.959438e-06   2.546571e-06  -0.000000e+00   8.093587e-10
   2.646378e-03   4.989886e-03  -0.000000e+00   0.000000e+00   0.000000e+00  -1.454960e-04   1.089009e-05   5.131344e-05  -0.000000e+00   1.658197e-09
   2.343265e-03   6.806399e-03  -0.000000e+00   0.000000e+00   0.000000e+00  -1.139379e-04   3.668929e-06   3.539125e-06  -0.000000e+00   1.345949e-09
   3.926050e-03   9.290786e-03  -0.000000e+00   0.000000e+00   0.000000e+00  -6.165523e-04  -2.272900e-04   1.418849e-04  -0.000000e+00   3.533344e-09
   4.292142e-03   1.327908e-03  -0.000000e+00   0.000000e+00   0.000000e+00  -5.362713e-04  -3.014578e-05  -1.320480e-04  -0.000000e+00   3.794218e-09
   3.367302e-03   3.054522e-03  -0.000000e+00   0.000000e+00   0.000000e+00  -2.534366e-05   3.281212e-06  -4.507729e-06  -0.000000e+00   6.187813e-10
   4.410881e-03   6.638505e-03  -0.000000e+00   0.000000e+00   0.000000e+00  -5.230723e-05   7.185101e-08   4.862026e-07  -0.000000e+00   1.003098e-09
   5.115109e-03   3.556048e-03  -0.000000e+00   0.000000e+00   0.000000e+00  -4.437920e-03  -4.413444e-04   6.082068e-04  -0.000000e+00   1.620063e-08
   6.293255e-03   6.672170e-03  -0.000000e+00   0.000000e+00   0.000000e+00  -4.598904e-04  -7.203887e-05  -4.346168e-05  -0.000000e+00   3.646488e-09
   8.492820e-03   5.217157e-03  -0.000000e+00   0.000000e+00   0.000000e+00  -6.457700e-03  -2.869184e-04  -2.725798e-03  -0.000000e+00   1.886135e-08
   8.315126e-03   8.071724e-03  -0.000000e+00   0.000000e+00   0.000000e+00  -6.858868e-03  -1.132838e-03  -2.732155e-03  -0.000000e+00   1.848024e-08
   9.430722e-03   2.211645e-03  -0.000000e+00   0.000000e+00   0.000000e+00  -4.890032e-03  -6.525072e-04  -4.973808e-04  -0.000000e+00   1.320364e-08
   1.044022e-03   1.843453e-02  -0.000000e+00   0.000000e+00   0.000000e+00  -1.141417e-03  -2.065007e-04   3.017460e-04  -0.000000e+00   5.723291e-09
   4.013516e-03   1.872976e-02  -0.000000e+00   0.000000e+00   0.000000e+00  -6.346281e-04   4.818697e-05  -8.791513e-05  -0.000000e+00   4.041050e-09
   2.346650e-03   1.685582e-02  -0.000000e+00   0.000000e+00   0.000000e+00  -2.396468e-04   4.188669e-05  -1.938207e-05  -0.000000e+00   2.544068e-09
   6.292790e-03   1.816644e-02  -0.000000e+00   0.000000e+00   0.000000e+00  -1.888717e-04  -5.141440e-05   6.369296e-05  -0.000000e+00   1.896703e-09
   1.049226e-03   1.581409e-02  -0.000000e+00   0.000000e+00   0.000000e+00  -5.118048e-05   1.215327e-05   3.837146e-06  -0.000000e+00   9.889157e-10
   6.798655e-03   1.511684e-02  -0.000000e+00   0.000000e+00   0.000000e+00  -3.322328e-03  -1.094396e-03  -7.854820e-04  -0.000000e+00   1.281348e-08
   3.259098e-03   1.271949e-02  -0.000000e+00   0.000000e+00   0.000000e+00  -6.907960e-05  -2.648078e-06  -1.698972e-05  -0.000000e+00   9.681299e-10
   5.015953e-03   1.618391e-02  -0.000000e+00   0.000000e+00   0.000000e+00  -6.934448e-04   1.167996e-04  -1.562938e-04  -0.000000e+00   3.935155e-09
   2.472580e-03   1.445448e-02  -0.000000e+00   0.000000e+00   0.000000e+00  -6.289051e-03   9.666385e-04   6.839310e-04  -0.000000e+00   1.930148e-08
   9.657489e-03   1.897414e-02  -0.000000e+00   0.000000e+00   0.000000e+00  -5.690007e-04   1.298027e-04  -1.744525e-05  -0.000000e+00   5.203003e-09
   4.920510e-03   1.166987e-02  -0.000000e+00   0.000000e+00   0.000000e+00  -3.669223e-03   6.842568e-05  -1.201853e-03  -0.000000e+00   1.634612e-08
   8.821344e-03   1.375376e-02  -0.000000e+00   0.000000e+00   0.000000e+00  -2.237492e-03   1.189544e-04  -1.271456e-05  -0.000000e+00   8.812436e-09
   1.006066e-03   1.251734e-02  -0.000000e+00   0.000000e+00   0.000000e+00  -9.586720e-05   5.582680e-06   1.785470e-05  -0.000000e+00   1.201930e-09
   7.200022e-03   1.097916e-02  -0.000000e+00   0.000000e+00   0.000000e+00  -1.095128e-03  -1.738195e-04   4.289847e-05  -0.000000e+00   5.429201e-09
   9.882940e-03   1.596254e-02  -0.000000e+00   0.000000e+00   0.000000e+00  -8.532977e-05   3.463140e-06   1.114807e-06  -0.000000e+00   1.110603e-09
   1.798868e-02   5.656444e-03  -0.000000e+00   0.000000e+00   0.000000e+00  -1.956073e-03   2.510221e-05  -3.853287e-04  -0.000000e+00   8.679800e-09
   1.608445e-02   8.098421e-03  -0.000000e+00   0.000000e+00   0.000000e+00  -3.425982e-03   1.148190e-03   7.636784e-04  -0.000000e+00   1.328130e-08
   1.704384e-02   1.926179e-03  -0.000000e+00   0.000000e+00   0.000000e+00  -5.455929e-03   4.353805e-04  -3.445548e-04  -0.000000e+00   1.698675e-08
   1.252287e-02   4.978215e-03  -0.000000e+00   0.000000e+00   0.000000e+00  -1.437069e-03  -4.289187e-06   2.825375e-04  -0.000000e+00   8.340617e-09
   1.543875e-02   4.871934e-03  -0.000000e+00   0.000000e+00   0.000000e+00  -1.344799e-03  -1.668920e-04  -4.297463e-04  -0.000000e+00   8.052396e-09
   1.833727e-02   3.756972e-03  -0.000000e+00   0.000000e+00   0.000000e+00  -2.415717e-03  -2.314884e-04   2.501943e-04  -0.000000e+00   1.030990e-08
   1.520494e-02   1.249890e-03  -0.000000e+00   0.000000e+00   0.000000e+00  -6.004582e-05  -4.426211e-06   2.866245e-05  -0.000000e+00   9.724497e-10
   1.429692e-02   3.059595e-03  -0.000000e+00   0.000000e+00   0.000000e+00  -1.689877e-04  -4.737756e-06  -1.520592e-05  -0.000000e+00   2.137196e-09
   1.247793e-02   1.712639e-03  -0.000000e+00   0.000000e+00   0.000000e+00  -2.973632e-03   8.559164e-04   1.792610e-04  -0.000000e+00   1.186486e-08
   1.348308e-02   9.140882e-03  -0.000000e+00   0.000000e+00   0.000000e+00  -3.912225e-03  -1.340360e-04   8.300042e-05  -0.000000e+00   1.480416e-08
   1.432920e-02   6.939348e-03  -0.000000e+00   0.000000e+00   0.000000e+00  -2.458400e-04   9.882163e-05   2.038659e-06  -0.000000e+00   2.268745e-09
   1.891589e-02   9.329540e-03  -0.000000e+00   0.000000e+00   0.000000e+00  -3.653234e-03   1.579793e-03  -5.706562e-04  -0.000000e+00   1.205709e-08
   1.092328e-02   6.503684e-03  -0.000000e+00   0.000000e+00   0.000000e+00  -3.396009e-04   1.759211e-05  -2.464416e-05  -0.000000e+00   2.480198e-09
   1.127592e-02   8.324320e-03  -0.000000e+00   0.000000e+00   0.000000e+00  -8.538201e-05  -3.267742e-06  -1.630610e-05  -0.000000e+00   1.342987e-09
   1.820332e-02   1.720650e-02  -0.000000e+00   0.000000e+00   0.000000e+00  -6.479697e-03   4.127885e-04  -6.876563e-04  -0.000000e+00   2.496359e-08
   1.880565e-02   1.871299e-02  -0.000000e+00   0.000000e+00   0.000000e+00  -4.757316e-05  -1.072108e-05  -3.062613e-06  -0.000000e+00   9.334147e-10
   1.681417e-02   1.499848e-02  -0.000000e+00   0.000000e+00   0.000000e+00  -5.252487e-03  -1.169492e-04  -1.106683e-03  -0.000000e+00   1.684672e-08
   1.490433e-02   1.690794e-02  -0.000000e+00   0.000000e+00   0.000000e+00  -1.802720e-03   4.820330e-04  -1.971415e-05  -0.000000e+00   8.387808e-09
   1.909824e-02   1.434701e-02  -0.000000e+00   0.000000e+00   0.000000e+00  -4.915473e-05  -7.638295e-06  -8.109737e-06  -0.000000e+00   8.684977e-10
   1.575897e-02   1.918736e-02  -0.000000e+00   0.000000e+00   0.000000e+00  -5.734236e-05   7.199477e-06  -8.860889e-06  -0.000000e+00   1.053054e-09
   1.395596e-02   1.859686e-02  -0.000000e+00   0.000000e+00   0.000000e+00  -3.788600e-03  -1.647471e-04  -8.383895e-04  -0.000000e+00   1.657831e-08
   1.781076e-02   1.287566e-02  -0.000000e+00   0.000000e+00   0.000000e+00  -5.532833e-05   9.950490e-06   3.542163e-07  -0.000000e+00   1.019254e-09
   1.896101e-02   1.202117e-02  -0.000000e+00   0.000000e+00   0.000000e+00  -5.180449e-05  -6.472661e-06  -3.359102e-06  -0.000000e+00   7.996234e-10
   1.167226e-02   1.674333e-02  -0.000000e+00   0.000000e+00   0.000000e+00  -4.908415e-03  -1.295040e-04  -9.841551e-04  -0.000000e+00   1.621489e-08
   1.602096e-02   1.149442e-02  -0.000000e+00   0.000000e+00   0.000000e+00  -5.848129e-04  -6.052912e-05  -1.045486e-04  -0.000000e+00   3.998172e-09
   1.393963e-02   1.271693e-02  -0.000000e+00   0.000000e+00   0.000000e+00  -4.752552e-04  -1.076225e-04   1.118732e-04  -0.000000e+00   3.601424e-09
   1.143509e-02   1.426505e-02  -0.000000e+00   0.000000e+00   0.000000e+00  -3.636461e-03   7.939337e-04  -6.255607e-04  -0.000000e+00   1.518182e-08
   1.486979e-02   1.441518e-02  -0.000000e+00   0.000000e+00   0.000000e+00  -7.561494e-05   2.677213e-05   1.594992e-05  -0.000000e+00   1.026895e-09
   1.122275e-02   1.090281e-02  -0.000000e+00   0.000000e+00   0.000000e+00  -2.191239e-03   5.049650e-04  -4.238931e-04  -0.000000e+00   7.435104e-09
                                                0.000000e+00   0.000000e+00  -1.162990e-01   2.180454e-03  -1.130475e-02   0.000000e+00   7.313604e-09

