     iteration=         800000       process=              0       (i,j,k)=              0              0              0       (x,y,z)=   5.000000e-03   5.000000e-03   5.777744e-03     particles=             89
fabric=[ ...   
   3.347573e-01  -1.210478e-03  -4.341964e-03;
  -1.210478e-03   2.944056e-01   1.355669e-03;
  -4.341964e-03   1.355669e-03   3.671197e-01]
sigma=[ ...    
  -2.428079e+02  -1.583036e+01   2.058400e+01;
  -1.566141e+01  -1.929158e+02  -2.097788e+01;
   2.107600e+01  -2.121674e+01  -3.327824e+02]
sigmaDot=[ ... 
   3.182399e+03   9.014508e+03   2.134595e+04;
  -1.291365e+04  -1.267462e+04  -1.984068e+04;
  -1.058909e+04   5.461789e+04  -4.639871e+04]
intgraE=[ ...  
   4.529226e+01  -1.804484e+01  -6.080359e-02;
  -1.804484e+01   1.188070e+01   8.584592e-03;
  -6.080359e-02   8.584592e-03  -4.998744e-01]
E=[ ...        
   4.438229e+05   2.663168e+05  -2.345737e+02;
   2.663168e+05   3.645744e+05  -5.069674e+02;
  -2.345737e+02  -5.069674e+02   2.789117e-01]
e=[ ...        
  -2.163743e+03   2.239859e+02  -1.266044e+04;
   2.239859e+02  -2.268118e+01   1.310279e+03;
  -1.266044e+04   1.310279e+03  -7.406086e+04]
intgraF=[ ...  
   6.087569e+00  -3.967191e+00  -3.532755e-03;
  -5.164804e-01   2.638408e+00  -6.445951e-03;
  -7.366090e+00   1.435830e+00   1.404144e-02]
F=[ ...        
   5.699224e+02  -1.560698e+02   5.899242e-01;
  -7.420331e+02  -8.394356e+02   1.097086e+00;
  -1.105534e+02   1.182828e+01  -7.883704e-02]
R=[ ...        
   8.314306e-01  -5.290234e-01   1.698746e-01;
  -5.343947e-01  -8.450795e-01  -1.621591e-02;
  -1.521361e-01   7.729768e-02   9.853323e-01]
U=[ ...        
   8.872087e+02   3.170292e+02  -8.380188e-02;
   3.170292e+02   7.928687e+02  -1.245302e+00;
  -8.380188e-02  -1.245302e+00   4.742209e-03]
l=[ ...        
  -1.043536e-02  -1.405458e-03   3.863346e-03;
  -1.014380e-02  -1.088942e-03   1.441292e-02;
  -1.065881e-03  -1.945529e-05   4.151253e-04]
d=[ ...        
  -1.043536e-02  -5.774630e-03   1.398733e-03;
  -5.774630e-03  -1.088942e-03   7.196731e-03;
   1.398733e-03   7.196731e-03   4.151253e-04]
     iteration=         800000       process=              1       (i,j,k)=              0              0              1       (x,y,z)=   5.000000e-03   5.000000e-03   1.733323e-02     particles=             37
fabric=[ ...   
   3.130996e-01  -1.819217e-02   4.840259e-03;
  -1.819217e-02   2.891136e-01   9.852220e-03;
   4.840259e-03   9.852220e-03   3.866757e-01]
sigma=[ ...    
  -6.775317e+01   1.335221e+01  -5.072020e+00;
   1.037977e+01  -4.950956e+01  -1.264142e+00;
  -5.648037e+00  -1.385231e+00  -9.424361e+01]
sigmaDot=[ ... 
   2.055679e+04  -8.011362e+04  -6.204261e+03;
   6.334801e+04   1.065952e+03  -2.035787e+04;
   3.389115e+04   1.772196e+04   8.307250e+04]
intgraE=[ ...  
   1.135531e-01  -7.356075e-02  -7.240175e-01;
  -7.356075e-02   2.719671e-02   3.782183e-01;
  -7.240175e-01   3.782183e-01   3.744703e+00]
E=[ ...        
   1.606672e+06  -8.951732e+04   4.584734e+00;
  -8.951732e+04   2.015631e+06  -4.188104e+01;
   4.584734e+00  -4.188104e+01  -4.990847e-01]
e=[ ...        
  -2.557081e+03   3.730002e+01   3.041694e+03;
   3.730002e+01  -4.398736e-02  -4.436037e+01;
   3.041694e+03  -4.436037e+01  -3.616943e+03]
intgraF=[ ...  
   1.001845e+00  -7.377027e-03  -7.205284e-02;
  -3.245781e-02   1.001313e+00   9.376324e-02;
  -4.715508e-01   2.273995e-01   2.911258e+00]
F=[ ...        
  -3.393769e+02  -1.468288e+03   3.561105e-02;
  -1.740247e+03   5.776006e+02  -1.500088e-02;
  -2.640215e+02  -1.241680e+03   1.837050e-02]
R=[ ...        
  -2.087550e-01  -7.363811e-01   6.435559e-01;
  -9.641693e-01   2.651215e-01  -9.392595e-03;
  -1.637040e-01  -6.224576e-01  -7.653414e-01]
U=[ ...        
   1.791961e+03  -4.712419e+01   4.022078e-03;
  -4.712419e+01   2.007247e+03  -4.163521e-02;
   4.022078e-03  -4.163521e-02   8.998895e-03]
l=[ ...        
  -2.657100e-02   1.359108e-02  -1.525144e-01;
  -3.009658e-01   1.855761e-02   3.616806e-01;
   3.065306e-01   4.186067e-02  -2.632570e-01]
d=[ ...        
  -2.657100e-02  -1.436873e-01   7.700810e-02;
  -1.436873e-01   1.855761e-02   2.017706e-01;
   7.700810e-02   2.017706e-01  -2.632570e-01]
     iteration=         800000       process=              2       (i,j,k)=              0              1              0       (x,y,z)=   5.000000e-03   1.500000e-02   5.777744e-03     particles=             85
fabric=[ ...   
   3.385841e-01  -2.979428e-04   4.794349e-03;
  -2.979428e-04   3.085350e-01   1.961037e-02;
   4.794349e-03   1.961037e-02   3.528809e-01]
sigma=[ ...    
  -2.519434e+02   1.077903e+01   1.830926e+01;
   1.132410e+01  -2.082292e+02  -8.819184e+00;
   1.854517e+01  -7.868765e+00  -2.724370e+02]
sigmaDot=[ ... 
  -2.835290e+04  -4.707991e+03  -1.979753e+04;
  -4.834592e+04  -2.128578e+04  -2.692681e+03;
   1.819774e+04  -3.250005e+04   2.666128e+04]
intgraE=[ ...  
   1.488101e+01  -1.566714e+01  -1.998673e-01;
  -1.566714e+01   1.582048e+01   2.060057e-01;
  -1.998673e-01   2.060057e-01  -4.973864e-01]
E=[ ...        
   2.037406e+05  -2.156206e+04   4.849316e+02;
  -2.156206e+04   4.540561e+05   9.490714e+01;
   4.849316e+02   9.490714e+01   7.549315e-01]
e=[ ...        
  -2.703119e+00   1.801675e+00   1.220816e+00;
   1.801675e+00  -5.133988e-01  -6.866789e-01;
   1.220816e+00  -6.866789e-01   3.470566e-02]
intgraF=[ ...  
   4.279709e+00  -4.898757e+00  -5.925268e-02;
   1.160328e+00  -9.029921e-01  -1.380846e-02;
   3.331628e+00  -2.797810e+00  -3.905838e-02]
F=[ ...        
  -3.451799e+02  -1.089788e+02  -1.138981e+00;
  -5.181126e+02   3.905909e+02  -9.724606e-01;
  -1.410406e+02  -8.623662e+02  -5.166294e-01]
R=[ ...        
  -5.447602e-01  -1.297024e-01  -8.285008e-01;
  -7.970350e-01   3.872343e-01   4.634488e-01;
  -2.607135e-01  -9.128126e-01   3.143272e-01]
U=[ ...        
   6.377653e+02  -2.711671e+01   1.530249e+00;
  -2.711671e+01   9.525638e+02   2.427442e-01;
   1.530249e+00   2.427442e-01   3.305702e-01]
l=[ ...        
  -6.430697e-04   2.328109e-03  -1.304339e-03;
  -1.419366e-02  -4.339896e-04   1.291937e-03;
  -1.940510e-03   8.071538e-04  -3.163499e-04]
d=[ ...        
  -6.430697e-04  -5.932777e-03  -1.622425e-03;
  -5.932777e-03  -4.339896e-04   1.049545e-03;
  -1.622425e-03   1.049545e-03  -3.163499e-04]
     iteration=         800000       process=              3       (i,j,k)=              0              1              1       (x,y,z)=   5.000000e-03   1.500000e-02   1.733323e-02     particles=             34
fabric=[ ...   
   3.281014e-01   2.742313e-02   4.477241e-03;
   2.742313e-02   3.410881e-01   1.760329e-02;
   4.477241e-03   1.760329e-02   3.308105e-01]
sigma=[ ...    
  -6.067068e+01   3.609958e+00  -9.713181e+00;
   4.284084e+00  -7.308856e+01   1.199990e+00;
  -9.726632e+00   8.802709e-01  -8.388351e+01]
sigmaDot=[ ... 
   1.192665e+05  -6.656944e+04  -1.999689e+05;
  -2.589893e+05  -5.524435e+04   5.269657e+03;
  -2.081227e+04  -5.099394e+04   7.711413e+03]
intgraE=[ ...  
  -1.198535e-03   1.905133e-02   3.877386e-03;
   1.905133e-02  -1.103559e-02   3.539694e-02;
   3.877386e-03   3.539694e-02  -8.507415e-02]
E=[ ...        
   7.754523e+05  -9.906101e+05   3.079346e+00;
  -9.906101e+05   1.367929e+06  -8.798736e+00;
   3.079346e+00  -8.798736e+00  -4.997441e-01]
e=[ ...        
  -5.309164e+03  -1.942289e+03   8.512452e+03;
  -1.942289e+03  -7.099944e+02   3.113877e+03;
   8.512452e+03   3.113877e+03  -1.364666e+04]
intgraF=[ ...  
   9.979831e-01  -1.773576e-03   2.489269e-03;
   4.023124e-02   9.885165e-01   4.623325e-02;
   3.748692e-03   2.758452e-02   9.097846e-01]
F=[ ...        
   1.025337e+03  -1.413209e+03   1.159999e-02;
   1.858148e+02   2.019057e+02  -1.916050e-02;
   6.819543e+02  -8.354241e+02  -3.189227e-03]
R=[ ...        
   4.447225e-01  -7.295465e-01   5.195996e-01;
   7.723410e-01   6.061281e-01   1.899949e-01;
   4.535541e-01  -3.168131e-01  -8.330175e-01]
U=[ ...        
   9.088061e+02  -8.514558e+02  -1.108615e-02;
  -8.514558e+02   1.418056e+03  -1.906606e-02;
  -1.108615e-02  -1.906606e-02   5.043636e-03]
l=[ ...        
  -1.322106e-01  -1.382928e-02  -4.360366e-02;
   5.556975e-01   6.546298e-02  -2.703895e+00;
   3.437374e-01   3.276102e-01  -1.560724e+00]
d=[ ...        
  -1.322106e-01   2.709341e-01   1.500669e-01;
   2.709341e-01   6.546298e-02  -1.188142e+00;
   1.500669e-01  -1.188142e+00  -1.560724e+00]
     iteration=         800000       process=              4       (i,j,k)=              1              0              0       (x,y,z)=   1.500000e-02   5.000000e-03   5.777744e-03     particles=             81
fabric=[ ...   
   3.220130e-01   3.605353e-03  -4.017966e-03;
   3.605353e-03   3.117012e-01   5.427951e-03;
  -4.017966e-03   5.427951e-03   3.662859e-01]
sigma=[ ...    
  -2.375375e+02   2.945080e+00  -9.364553e+00;
   2.836185e+00  -2.149812e+02  -1.074931e+01;
  -1.034610e+01  -1.035252e+01  -3.528484e+02]
sigmaDot=[ ... 
  -2.519941e+05  -7.483533e+04   9.427646e+05;
   5.824948e+05  -1.564804e+04  -1.408460e+05;
   7.450924e+04   6.248891e+05  -2.462838e+05]
intgraE=[ ...  
   1.997833e+01  -1.506472e+00   1.550176e-02;
  -1.506472e+00   2.807191e+00   2.984156e-02;
   1.550176e-02   2.984156e-02  -4.996865e-01]
E=[ ...        
   1.141418e+06  -2.544386e+05   1.151334e+01;
  -2.544386e+05   1.494900e+05  -2.299992e+00;
   1.151334e+01  -2.299992e+00  -4.996561e-01]
e=[ ...        
  -7.281364e+02   5.101817e+02   1.054511e+02;
   5.101817e+02  -3.567226e+02  -7.383550e+01;
   1.054511e+02  -7.383550e+01  -1.476130e+01]
intgraF=[ ...  
   4.236364e+00   9.832172e-01   1.482868e-02;
   8.712117e-01   1.543679e+00   1.753298e-02;
   4.717084e+00  -1.806854e+00  -9.983097e-03]
F=[ ...        
  -4.432352e+02  -1.175249e+02  -2.242655e-02;
  -8.711657e+02  -5.812705e+01   2.625087e-03;
   1.152151e+03  -5.308391e+02   1.334316e-02]
R=[ ...        
  -3.748652e-01  -4.446849e-01  -8.134687e-01;
  -6.682220e-01  -4.786144e-01   5.695680e-01;
   6.426161e-01  -7.570889e-01   1.177323e-01]
U=[ ...        
   1.488676e+03  -2.582280e+02   1.522733e-02;
  -2.582280e+02   4.819744e+02  -1.385617e-03;
   1.522733e-02  -1.385617e-03   2.130939e-02]
l=[ ...        
   2.708308e-04   1.247550e-03   1.602046e-03;
  -9.675830e-04  -3.058721e-04  -1.772636e-03;
   7.973763e-04  -4.299600e-03  -2.826941e-03]
d=[ ...        
   2.708308e-04   1.399837e-04   1.199711e-03;
   1.399837e-04  -3.058721e-04  -3.036118e-03;
   1.199711e-03  -3.036118e-03  -2.826941e-03]
     iteration=         800000       process=              5       (i,j,k)=              1              0              1       (x,y,z)=   1.500000e-02   5.000000e-03   1.733323e-02     particles=             31
fabric=[ ...   
   2.737778e-01   5.045239e-03   9.270896e-03;
   5.045239e-03   3.835439e-01   8.746284e-03;
   9.270896e-03   8.746284e-03   3.426783e-01]
sigma=[ ...    
  -7.984262e+01  -2.082345e-01   5.824195e+00;
   1.740948e-01  -1.317271e+02   1.957549e+00;
   6.898925e+00   2.977146e+00  -1.205756e+02]
sigmaDot=[ ... 
   2.181570e+04  -1.808187e+04   1.957308e+05;
  -6.714227e+04  -1.270342e+04   1.312131e+04;
  -2.323879e+04   2.179893e+05   1.336252e+05]
intgraE=[ ...  
  -9.734928e-03   1.015633e-02  -6.535138e-02;
   1.015633e-02   4.194438e-02   1.492389e-01;
  -6.535138e-02   1.492389e-01  -4.020800e-01]
E=[ ...        
   2.163569e+06  -2.046312e+06  -1.359060e+04;
  -2.046312e+06   2.108144e+06   1.314129e+04;
  -1.359060e+04   1.314129e+04   1.286702e+02]
e=[ ...        
   4.998808e-01  -8.177646e-04   5.646920e-05;
  -8.177646e-04   4.943741e-01   3.828828e-04;
   5.646920e-05   3.828828e-04   4.999714e-01]
intgraF=[ ...  
   9.889666e-01   2.944112e-02  -1.141055e-01;
   2.807524e-03   1.013910e+00   2.117729e-01;
  -4.967282e-02   2.345389e-01   3.714461e-01]
F=[ ...        
  -2.032523e+03   1.829997e+03   1.127798e+01;
   2.716248e+02  -2.041311e+02  -1.080916e+01;
  -3.495838e+02   9.086969e+02   3.782806e+00]
R=[ ...        
  -8.803227e-01   4.536641e-01  -1.386392e-01;
   1.537717e-01  -3.572401e-03  -9.880999e-01;
   4.487608e-01   8.911656e-01   6.661585e-02]
U=[ ...        
   1.674165e+03  -1.234590e+03  -9.892827e+00;
  -1.234590e+03   1.640733e+03   8.526135e+00;
  -9.892827e+00   8.526135e+00   9.368954e+00]
l=[ ...        
   6.621508e-02  -5.518213e-01   3.700765e-01;
  -6.503529e-01   4.606804e+00  -3.455337e+00;
  -1.682132e-01   1.123020e+00  -1.004768e+00]
d=[ ...        
   6.621508e-02  -6.010871e-01   1.009316e-01;
  -6.010871e-01   4.606804e+00  -1.166159e+00;
   1.009316e-01  -1.166159e+00  -1.004768e+00]
     iteration=         800000       process=              6       (i,j,k)=              1              1              0       (x,y,z)=   1.500000e-02   1.500000e-02   5.777744e-03     particles=             74
fabric=[ ...   
   3.176046e-01   1.289774e-03   1.184213e-03;
   1.289774e-03   3.254189e-01   1.443422e-02;
   1.184213e-03   1.443422e-02   3.569764e-01]
sigma=[ ...    
  -2.644416e+02  -3.654311e+01   1.342963e+00;
  -3.680359e+01  -2.316177e+02   1.903675e+01;
   1.204841e+00   1.931141e+01  -3.120771e+02]
sigmaDot=[ ... 
  -6.040076e+04  -1.257052e+04  -5.446491e+04;
  -5.004449e+04   3.423242e+04   2.205600e+04;
   9.459300e+03   3.713074e+04   3.322900e+04]
intgraE=[ ...  
   3.615975e-01  -8.550769e-01  -3.538712e-02;
  -8.550769e-01   3.583729e-01   3.705578e-02;
  -3.538712e-02   3.705578e-02  -4.981624e-01]
E=[ ...        
   1.523519e+06  -1.255811e+06  -3.478095e+00;
  -1.255811e+06   1.064666e+06   2.947147e+00;
  -3.478095e+00   2.947147e+00  -4.999539e-01]
e=[ ...        
  -2.648132e+02  -7.444801e+02   1.059864e+03;
  -7.444801e+02  -2.088543e+03   2.974024e+03;
   1.059864e+03   2.974024e+03  -4.233410e+03]
intgraF=[ ...  
   4.854294e-01  -6.116142e-01  -4.568124e-02;
  -1.116213e+00   1.060299e+00   3.615809e-02;
  -4.915509e-01   4.673759e-01   1.676143e-02]
F=[ ...        
   5.357097e+02  -2.155082e+02  -2.356978e-03;
  -1.419577e+03   1.205806e+03  -1.567838e-03;
  -8.630501e+02   7.930459e+02   9.175830e-03]
R=[ ...        
   7.940072e-01   5.738315e-01  -2.006737e-01;
  -5.728028e-01   5.956623e-01  -5.631017e-01;
  -2.035917e-01   5.620532e-01   8.016524e-01]
U=[ ...        
   1.414205e+03  -1.023261e+03  -2.841518e-03;
  -1.023261e+03   1.040321e+03   2.870895e-03;
  -2.841518e-03   2.870895e-03   8.711662e-03]
l=[ ...        
   8.163028e-03   1.921889e-03  -1.097358e-02;
  -1.068454e-01  -1.084638e-01   1.778077e-01;
  -1.177075e-02  -2.362095e-02   1.240338e-02]
d=[ ...        
   8.163028e-03  -5.246174e-02  -1.137217e-02;
  -5.246174e-02  -1.084638e-01   7.709340e-02;
  -1.137217e-02   7.709340e-02   1.240338e-02]
     iteration=         800000       process=              7       (i,j,k)=              1              1              1       (x,y,z)=   1.500000e-02   1.500000e-02   1.733323e-02     particles=             45
fabric=[ ...   
   3.112459e-01  -2.430211e-03  -1.989632e-02;
  -2.430211e-03   3.142005e-01   1.595278e-02;
  -1.989632e-02   1.595278e-02   3.745535e-01]
sigma=[ ...    
  -4.131064e+01   7.388106e+00   1.352564e+01;
   5.705992e+00  -6.314193e+01  -1.369051e+01;
   1.068660e+01  -2.296998e+01  -9.403536e+01]
sigmaDot=[ ... 
  -8.642638e+02   3.448478e+04  -2.858741e+04;
   3.228404e+05   7.790482e+04   1.051936e+03;
   5.929262e+04   8.381214e+04   4.019410e+05]
intgraE=[ ...  
  -9.689276e-03   6.478282e-02  -9.177637e-02;
   6.478282e-02   1.010855e-02  -3.452616e-02;
  -9.177637e-02  -3.452616e-02  -4.672553e-01]
E=[ ...        
   1.584985e+05  -1.783639e+05   7.539216e-01;
  -1.783639e+05   2.097994e+05  -2.192997e+00;
   7.539216e-01  -2.192997e+00  -4.995007e-01]
e=[ ...        
  -1.072698e+01   7.141137e+01  -6.508048e+01;
   7.141137e+01  -4.537276e+02   4.139583e+02;
  -6.508048e+01   4.139583e+02  -3.767591e+02]
intgraF=[ ...  
   9.826768e-01   2.363824e-02  -1.683725e-01;
   9.129246e-02   9.907597e-01  -2.814124e-02;
  -8.144641e-02  -1.950730e-01   1.906521e-01]
F=[ ...        
  -2.784581e+02   4.294532e+02  -1.570200e-02;
   3.049793e+02  -2.880330e+02  -2.460073e-02;
   3.826837e+02  -3.901368e+02   1.212021e-02]
R=[ ...        
   2.129429e-01   9.702443e-01   1.152444e-01;
   6.760954e-01  -6.116924e-02  -7.342706e-01;
   7.053725e-01  -2.342739e-01   6.690033e-01]
U=[ ...        
   4.168339e+02  -3.784805e+02  -1.142681e-02;
  -3.784805e+02   5.256922e+02  -1.656942e-02;
  -1.142681e-02  -1.656942e-02   2.436249e-02]
l=[ ...        
  -4.490127e-01  -3.610783e-02  -6.383422e+00;
  -1.962089e-01  -1.112438e-01  -1.902140e+00;
   3.040762e-01   4.814885e-02  -2.529927e+00]
d=[ ...        
  -4.490127e-01  -1.161584e-01  -3.039673e+00;
  -1.161584e-01  -1.112438e-01  -9.269955e-01;
  -3.039673e+00  -9.269955e-01  -2.529927e+00]
