              5

              1
             51
          pos_x          pos_y          pos_z       normal_x       normal_y       normal_z        tangt_x        tangt_y        tangt_z          pentr
  -0.000000e+00   3.389181e-03   1.089344e-03  -8.359048e-05   0.000000e+00   0.000000e+00  -0.000000e+00  -2.532581e-05   5.406587e-06   1.415069e-09
  -0.000000e+00   8.972254e-03   1.335538e-03  -2.470425e-03   0.000000e+00   0.000000e+00  -0.000000e+00  -1.066167e-03  -4.553851e-04   9.135882e-09
  -0.000000e+00   9.862890e-04   1.999543e-03  -1.373465e-04   0.000000e+00   0.000000e+00  -0.000000e+00  -2.756481e-05   5.978150e-05   1.528999e-09
  -0.000000e+00   4.147618e-03   1.888437e-03  -2.102382e-05   0.000000e+00   0.000000e+00  -0.000000e+00   7.426744e-06   2.221208e-07   4.727993e-10
  -0.000000e+00   5.958342e-03   2.683974e-03  -8.653418e-04   0.000000e+00   0.000000e+00  -0.000000e+00  -2.592419e-04  -6.383580e-05   5.471770e-09
  -0.000000e+00   2.729681e-03   4.725090e-03  -9.934511e-04   0.000000e+00   0.000000e+00  -0.000000e+00  -2.051508e-04   1.612449e-04   5.906718e-09
  -0.000000e+00   8.787400e-03   5.168998e-03  -1.420456e-03   0.000000e+00   0.000000e+00  -0.000000e+00  -2.109214e-04   3.286186e-05   5.806155e-09
  -0.000000e+00   5.528782e-03   4.970928e-03  -3.378739e-04   0.000000e+00   0.000000e+00  -0.000000e+00   6.780618e-05  -9.068036e-05   2.530723e-09
  -0.000000e+00   1.112024e-03   8.998397e-03  -4.877336e-04   0.000000e+00   0.000000e+00  -0.000000e+00  -9.757887e-05   6.515390e-06   3.906801e-09
  -0.000000e+00   9.141536e-04   4.272299e-03  -1.377868e-03   0.000000e+00   0.000000e+00  -0.000000e+00   2.649556e-04   4.374134e-04   8.002908e-09
  -0.000000e+00   3.843210e-03   6.607958e-03  -1.000232e-02   0.000000e+00   0.000000e+00  -0.000000e+00   1.823775e-03   1.867559e-03   3.649995e-08
  -0.000000e+00   7.008817e-03   6.723349e-03  -3.117197e-05   0.000000e+00   0.000000e+00  -0.000000e+00  -6.312645e-06  -3.487409e-06   6.099686e-10
  -0.000000e+00   6.704756e-03   1.031485e-02  -4.120424e-04   0.000000e+00   0.000000e+00  -0.000000e+00  -1.110587e-04   3.155392e-05   3.138353e-09
  -0.000000e+00   8.446711e-03   8.480364e-03  -3.126880e-04   0.000000e+00   0.000000e+00  -0.000000e+00  -8.364043e-05  -9.799574e-05   2.726866e-09
  -0.000000e+00   5.002200e-03   7.069093e-03  -1.172812e-05   0.000000e+00   0.000000e+00  -0.000000e+00  -1.765899e-06   4.265832e-06   3.037717e-10
  -0.000000e+00   3.405672e-03   9.524824e-03  -4.468697e-04   0.000000e+00   0.000000e+00  -0.000000e+00  -5.034046e-05   1.607259e-04   3.713801e-09
  -0.000000e+00   5.996876e-03   1.485378e-02  -1.019633e-03   0.000000e+00   0.000000e+00  -0.000000e+00  -1.316156e-04  -1.669824e-04   4.873663e-09
  -0.000000e+00   8.349307e-03   1.525439e-02  -2.791279e-04   0.000000e+00   0.000000e+00  -0.000000e+00  -1.106078e-04  -8.305344e-05   2.785097e-09
  -0.000000e+00   2.044223e-03   1.453751e-02  -6.457977e-05   0.000000e+00   0.000000e+00  -0.000000e+00  -4.798040e-06  -2.909585e-05   9.289183e-10
  -0.000000e+00   8.934473e-03   1.338564e-02  -2.747028e-05   0.000000e+00   0.000000e+00  -0.000000e+00   1.834660e-06  -4.803893e-06   6.529961e-10
  -0.000000e+00   7.619022e-03   1.249280e-02  -1.578441e-05   0.000000e+00   0.000000e+00  -0.000000e+00   3.397687e-06  -3.340980e-06   4.484668e-10
  -0.000000e+00   4.275975e-03   1.272263e-02  -4.397594e-04   0.000000e+00   0.000000e+00  -0.000000e+00   1.207935e-04  -1.553266e-04   3.099447e-09
  -0.000000e+00   1.125378e-03   1.224953e-02  -3.043742e-04   0.000000e+00   0.000000e+00  -0.000000e+00   5.176642e-05  -8.257384e-05   3.327158e-09
  -0.000000e+00   2.294153e-03   1.064543e-02  -2.130724e-05   0.000000e+00   0.000000e+00  -0.000000e+00  -6.375961e-06  -3.791404e-07   4.931263e-10
  -0.000000e+00   1.434138e-02   4.756012e-03  -5.125849e-06   0.000000e+00   0.000000e+00  -0.000000e+00  -8.433991e-07   5.384413e-07   2.219065e-10
  -0.000000e+00   1.818678e-02   4.836391e-03  -1.160245e-04   0.000000e+00   0.000000e+00  -0.000000e+00  -5.552615e-05   1.241331e-05   1.470134e-09
  -0.000000e+00   1.829772e-02   7.058900e-03  -1.215397e-05   0.000000e+00   0.000000e+00  -0.000000e+00  -9.950421e-07  -4.526333e-06   3.416685e-10
  -0.000000e+00   1.728989e-02   2.753703e-03  -2.131265e-03   0.000000e+00   0.000000e+00  -0.000000e+00   1.000048e-04  -7.093814e-04   9.391778e-09
  -0.000000e+00   1.549278e-02   1.143913e-03  -1.146499e-05   0.000000e+00   0.000000e+00  -0.000000e+00  -3.664052e-06  -1.899948e-06   3.384388e-10
  -0.000000e+00   1.393083e-02   2.762651e-03  -4.705729e-03   0.000000e+00   0.000000e+00  -0.000000e+00   2.147723e-05   4.985592e-04   1.460273e-08
  -0.000000e+00   1.515352e-02   7.319486e-03  -4.469518e-04   0.000000e+00   0.000000e+00  -0.000000e+00   9.428701e-05   1.825823e-05   3.363190e-09
  -0.000000e+00   1.146956e-02   1.630155e-03  -1.194034e-05   0.000000e+00   0.000000e+00  -0.000000e+00  -5.752815e-06  -7.542953e-07   3.826978e-10
  -0.000000e+00   1.603988e-02   4.433560e-03  -1.046535e-03   0.000000e+00   0.000000e+00  -0.000000e+00   4.817060e-05  -1.239385e-04   7.394266e-09
  -0.000000e+00   1.615213e-02   8.432857e-03  -5.033657e-03   0.000000e+00   0.000000e+00  -0.000000e+00  -1.288801e-03  -6.394351e-04   1.684395e-08
  -0.000000e+00   1.603530e-02   5.656286e-03  -1.984597e-05   0.000000e+00   0.000000e+00  -0.000000e+00   1.968030e-06  -5.198361e-06   5.081400e-10
  -0.000000e+00   1.154584e-02   7.540347e-03  -2.346183e-03   0.000000e+00   0.000000e+00  -0.000000e+00  -6.297543e-04   1.587570e-04   1.135917e-08
  -0.000000e+00   1.372470e-02   6.252975e-03  -4.342340e-05   0.000000e+00   0.000000e+00  -0.000000e+00   5.782254e-06  -3.579709e-06   7.637217e-10
  -0.000000e+00   1.384116e-02   9.181465e-03  -1.012171e-03   0.000000e+00   0.000000e+00  -0.000000e+00   3.492181e-04   3.161692e-05   5.745105e-09
  -0.000000e+00   1.010289e-02   8.168359e-03  -1.628483e-04   0.000000e+00   0.000000e+00  -0.000000e+00  -3.079123e-05  -4.772978e-05   2.138798e-09
  -0.000000e+00   1.907186e-02   9.383562e-03  -2.547181e-03   0.000000e+00   0.000000e+00  -0.000000e+00   4.014413e-04   2.106926e-04   1.109307e-08
  -0.000000e+00   1.196789e-02   9.114589e-03  -1.191761e-03   0.000000e+00   0.000000e+00  -0.000000e+00   9.843947e-05   6.301647e-06   8.686815e-09
  -0.000000e+00   1.021917e-02   9.473449e-03  -2.689569e-04   0.000000e+00   0.000000e+00  -0.000000e+00  -7.270231e-05  -8.469116e-05   2.445151e-09
  -0.000000e+00   1.362003e-02   1.704653e-02  -8.490350e-06   0.000000e+00   0.000000e+00  -0.000000e+00  -3.248250e-06  -2.101694e-06   2.224194e-10
  -0.000000e+00   1.841437e-02   1.786686e-02  -8.207821e-05   0.000000e+00   0.000000e+00  -0.000000e+00  -1.102017e-05   2.825759e-05   1.269112e-09
  -0.000000e+00   1.218073e-02   1.495780e-02  -4.554408e-05   0.000000e+00   0.000000e+00  -0.000000e+00  -1.136822e-05  -1.755666e-05   7.516912e-10
  -0.000000e+00   1.445410e-02   1.465832e-02  -1.382470e-05   0.000000e+00   0.000000e+00  -0.000000e+00  -6.270924e-06   1.139841e-06   3.195814e-10
  -0.000000e+00   1.044103e-02   1.452655e-02  -3.502529e-04   0.000000e+00   0.000000e+00  -0.000000e+00   7.111055e-05  -1.292684e-04   3.097802e-09
  -0.000000e+00   1.181124e-02   1.273643e-02  -9.138328e-04   0.000000e+00   0.000000e+00  -0.000000e+00   4.131047e-06  -1.010731e-04   4.927253e-09
  -0.000000e+00   1.450610e-02   1.209753e-02  -1.272664e-03   0.000000e+00   0.000000e+00  -0.000000e+00   1.840998e-04  -1.195508e-05   6.687580e-09
  -0.000000e+00   1.651872e-02   1.218897e-02  -1.644404e-03   0.000000e+00   0.000000e+00  -0.000000e+00  -5.351796e-04   5.746803e-05   8.113832e-09
  -0.000000e+00   1.844904e-02   1.190970e-02  -1.930668e-04   0.000000e+00   0.000000e+00  -0.000000e+00  -4.026423e-05   3.987857e-05   2.066357e-09
                                               -4.722135e-02   0.000000e+00   0.000000e+00   0.000000e+00  -1.372762e-03   7.114015e-04   4.555407e-09

              2
             36
          pos_x          pos_y          pos_z       normal_x       normal_y       normal_z        tangt_x        tangt_y        tangt_z          pentr
   2.000000e-02   3.222643e-03   3.315073e-03   3.418213e-03   0.000000e+00   0.000000e+00  -0.000000e+00  -3.913309e-04   1.333733e-03   1.061618e-08
   2.000000e-02   1.866265e-03   6.320243e-03   3.168231e-03   0.000000e+00   0.000000e+00  -0.000000e+00   8.392661e-04   1.133680e-03   9.845798e-09
   2.000000e-02   5.555397e-03   5.159228e-03   1.468807e-03   0.000000e+00   0.000000e+00  -0.000000e+00   4.849739e-04  -2.864088e-04   7.322635e-09
   2.000000e-02   8.661527e-03   6.008105e-03   3.844442e-03   0.000000e+00   0.000000e+00  -0.000000e+00  -6.693235e-04   5.203160e-04   1.309128e-08
   2.000000e-02   3.712012e-03   9.332781e-03   1.617472e-04   0.000000e+00   0.000000e+00  -0.000000e+00  -2.345419e-05   2.719357e-05   2.006131e-09
   2.000000e-02   6.024922e-03   7.540310e-03   8.107854e-04   0.000000e+00   0.000000e+00  -0.000000e+00  -2.667628e-05  -2.757809e-04   4.887563e-09
   2.000000e-02   1.106289e-03   9.341803e-03   6.785657e-04   0.000000e+00   0.000000e+00  -0.000000e+00  -1.443978e-04  -1.826580e-04   4.741485e-09
   2.000000e-02   8.864746e-03   2.764453e-03   4.488667e-05   0.000000e+00   0.000000e+00  -0.000000e+00   2.066032e-05   1.816331e-06   8.805891e-10
   2.000000e-02   7.548841e-03   1.747884e-02   6.654907e-05   0.000000e+00   0.000000e+00  -0.000000e+00   1.324770e-05  -1.631905e-06   1.104586e-09
   2.000000e-02   9.020822e-03   1.561657e-02   2.958470e-04   0.000000e+00   0.000000e+00  -0.000000e+00  -1.461581e-05  -4.707434e-05   2.515468e-09
   2.000000e-02   2.152294e-03   1.512360e-02   4.520744e-04   0.000000e+00   0.000000e+00  -0.000000e+00  -1.273608e-04   2.570523e-05   3.511169e-09
   2.000000e-02   5.299930e-03   1.545096e-02   6.478697e-04   0.000000e+00   0.000000e+00  -0.000000e+00   1.776376e-04   1.714431e-04   4.075508e-09
   2.000000e-02   4.826928e-03   1.250638e-02   2.563122e-05   0.000000e+00   0.000000e+00  -0.000000e+00  -7.122437e-07   1.605122e-06   6.022821e-10
   2.000000e-02   3.386767e-03   1.085551e-02   3.566650e-04   0.000000e+00   0.000000e+00  -0.000000e+00   1.624912e-05  -1.768238e-05   2.932089e-09
   2.000000e-02   6.664270e-03   1.059069e-02   2.091286e-03   0.000000e+00   0.000000e+00  -0.000000e+00  -3.833566e-04   4.025494e-05   7.260087e-09
   2.000000e-02   1.864210e-02   1.137555e-03   1.102898e-05   0.000000e+00   0.000000e+00  -0.000000e+00  -5.746860e-07  -3.393205e-06   3.610609e-10
   2.000000e-02   1.635308e-02   4.832044e-03   3.426753e-03   0.000000e+00   0.000000e+00  -0.000000e+00  -1.031967e-03  -5.242934e-04   1.306841e-08
   2.000000e-02   1.531118e-02   3.065644e-03   6.164074e-03   0.000000e+00   0.000000e+00  -0.000000e+00   6.945961e-04   2.034221e-03   1.711274e-08
   2.000000e-02   1.900224e-02   4.584854e-03   4.618187e-04   0.000000e+00   0.000000e+00  -0.000000e+00  -2.742540e-05  -1.458118e-04   3.420884e-09
   2.000000e-02   1.861632e-02   9.407788e-03   2.875844e-03   0.000000e+00   0.000000e+00  -0.000000e+00   6.311153e-04   8.447452e-04   1.019701e-08
   2.000000e-02   1.790055e-02   3.063176e-03   3.016595e-03   0.000000e+00   0.000000e+00  -0.000000e+00   8.746485e-04   1.043618e-07   1.257306e-08
   2.000000e-02   1.484488e-02   8.655224e-04   7.820381e-06   0.000000e+00   0.000000e+00  -0.000000e+00  -2.874699e-06  -1.435250e-06   2.639973e-10
   2.000000e-02   1.145000e-02   8.865010e-03   1.688295e-03   0.000000e+00   0.000000e+00  -0.000000e+00  -1.959634e-04  -1.661048e-04   8.966399e-09
   2.000000e-02   1.284663e-02   3.556917e-03   1.883104e-03   0.000000e+00   0.000000e+00  -0.000000e+00  -3.590462e-04  -5.165047e-04   8.012284e-09
   2.000000e-02   1.227566e-02   6.553684e-04   4.231113e-06   0.000000e+00   0.000000e+00  -0.000000e+00   5.006996e-07  -1.367407e-06   2.066197e-10
   2.000000e-02   1.023468e-02   7.289691e-03   2.465245e-05   0.000000e+00   0.000000e+00  -0.000000e+00  -4.949483e-06   7.151586e-07   5.071013e-10
   2.000000e-02   1.386367e-02   1.770688e-02   3.455032e-05   0.000000e+00   0.000000e+00  -0.000000e+00   1.244122e-05   7.810291e-06   8.056508e-10
   2.000000e-02   1.703037e-02   1.810959e-02   3.655147e-04   0.000000e+00   0.000000e+00  -0.000000e+00   4.549648e-05   1.976056e-05   2.736614e-09
   2.000000e-02   1.297227e-02   1.620094e-02   1.068165e-04   0.000000e+00   0.000000e+00  -0.000000e+00   3.636531e-05  -1.158014e-05   1.171695e-09
   2.000000e-02   1.090328e-02   1.524780e-02   4.814148e-05   0.000000e+00   0.000000e+00  -0.000000e+00  -1.014834e-05  -1.073078e-05   8.393826e-10
   2.000000e-02   1.361752e-02   1.416528e-02   7.460161e-05   0.000000e+00   0.000000e+00  -0.000000e+00   1.242843e-07   2.066684e-05   1.344006e-09
   2.000000e-02   1.082095e-02   1.314853e-02   2.687218e-04   0.000000e+00   0.000000e+00  -0.000000e+00   4.366340e-05   2.742351e-05   2.726286e-09
   2.000000e-02   1.822797e-02   1.281184e-02   2.653319e-04   0.000000e+00   0.000000e+00  -0.000000e+00  -1.124784e-04   3.828870e-05   2.232891e-09
   2.000000e-02   1.280281e-02   1.235927e-02   1.624673e-04   0.000000e+00   0.000000e+00  -0.000000e+00   7.780496e-06  -4.463893e-05   1.833536e-09
   2.000000e-02   1.908643e-02   1.136539e-02   2.099694e-04   0.000000e+00   0.000000e+00  -0.000000e+00   5.252791e-05  -3.393389e-05   2.538053e-09
   2.000000e-02   9.687569e-03   1.069940e-02   1.078048e-03   0.000000e+00   0.000000e+00  -0.000000e+00  -1.481172e-04  -2.083413e-04   6.067676e-09
                                                3.970998e-02   0.000000e+00   0.000000e+00   0.000000e+00   2.765215e-04   3.770111e-03   4.788284e-09

              3
             42
          pos_x          pos_y          pos_z       normal_x       normal_y       normal_z        tangt_x        tangt_y        tangt_z          pentr
   6.189399e-03  -0.000000e+00   9.887061e-04   0.000000e+00  -1.235867e-03   0.000000e+00   7.473540e-06  -0.000000e+00  -2.515180e-04   7.606070e-09
   6.084204e-04  -0.000000e+00   1.824327e-03   0.000000e+00  -1.317603e-05   0.000000e+00  -3.760857e-06  -0.000000e+00  -2.210294e-06   4.454440e-10
   3.902296e-03  -0.000000e+00   1.935869e-03   0.000000e+00  -1.763843e-05   0.000000e+00   3.003893e-06  -0.000000e+00   2.103158e-06   3.985522e-10
   2.128808e-03  -0.000000e+00   3.459440e-03   0.000000e+00  -4.096668e-03   0.000000e+00  -5.445640e-04  -0.000000e+00   1.442753e-03   1.507428e-08
   1.679354e-03  -0.000000e+00   6.310454e-03   0.000000e+00  -8.503491e-04   0.000000e+00   7.772799e-05  -0.000000e+00   1.574687e-04   5.283244e-09
   1.376310e-03  -0.000000e+00   8.432309e-03   0.000000e+00  -8.154717e-04   0.000000e+00  -5.157119e-06  -0.000000e+00  -3.057833e-04   4.610466e-09
   2.400774e-03  -0.000000e+00   4.878733e-03   0.000000e+00  -1.042964e-04   0.000000e+00   1.161933e-06  -0.000000e+00  -4.226488e-05   1.586072e-09
   8.820985e-04  -0.000000e+00   4.208787e-03   0.000000e+00  -2.152590e-04   0.000000e+00  -4.610986e-05  -0.000000e+00   4.733061e-05   2.378670e-09
   3.936866e-03  -0.000000e+00   6.365416e-03   0.000000e+00  -9.691524e-05   0.000000e+00   5.801885e-06  -0.000000e+00   3.984347e-05   1.410895e-09
   8.081124e-03  -0.000000e+00   6.139004e-03   0.000000e+00  -3.582011e-04   0.000000e+00  -3.755579e-05  -0.000000e+00  -6.177701e-05   2.746909e-09
   3.673928e-03  -0.000000e+00   7.664758e-03   0.000000e+00  -1.354107e-03   0.000000e+00   1.964535e-04  -0.000000e+00  -3.064438e-04   7.453292e-09
   5.729170e-03  -0.000000e+00   6.170154e-03   0.000000e+00  -6.421084e-05   0.000000e+00   7.829708e-06  -0.000000e+00   1.378395e-05   1.149577e-09
   5.631678e-03  -0.000000e+00   7.783789e-03   0.000000e+00  -4.686772e-05   0.000000e+00  -2.117608e-05  -0.000000e+00   3.864110e-06   9.287270e-10
   9.704062e-03  -0.000000e+00   1.377363e-03   0.000000e+00  -3.032649e-03   0.000000e+00   5.139040e-05  -0.000000e+00   7.726090e-04   1.326687e-08
   7.735733e-03  -0.000000e+00   8.337124e-03   0.000000e+00  -9.781256e-05   0.000000e+00   1.508924e-05  -0.000000e+00   3.449346e-05   1.256678e-09
   5.616989e-03  -0.000000e+00   1.872092e-02   0.000000e+00  -8.049121e-05   0.000000e+00  -1.615869e-05  -0.000000e+00  -1.183970e-05   1.124521e-09
   6.448686e-03  -0.000000e+00   1.442451e-02   0.000000e+00  -6.135670e-04   0.000000e+00  -9.954262e-05  -0.000000e+00   2.190516e-04   4.027867e-09
   4.050113e-03  -0.000000e+00   1.537481e-02   0.000000e+00  -7.012894e-05   0.000000e+00   2.184290e-05  -0.000000e+00  -5.430629e-06   1.064876e-09
   1.770281e-03  -0.000000e+00   1.395488e-02   0.000000e+00  -2.664260e-04   0.000000e+00  -3.327615e-06  -0.000000e+00   7.599597e-05   2.071862e-09
   8.302811e-03  -0.000000e+00   1.204429e-02   0.000000e+00  -1.576186e-04   0.000000e+00   5.451931e-05  -0.000000e+00  -4.417073e-05   1.574303e-09
   2.526125e-03  -0.000000e+00   1.242663e-02   0.000000e+00  -2.167109e-05   0.000000e+00   5.525391e-06  -0.000000e+00   8.661981e-06   5.385200e-10
   1.398067e-03  -0.000000e+00   1.057293e-02   0.000000e+00  -5.195079e-04   0.000000e+00  -1.261569e-04  -0.000000e+00   8.541479e-05   4.053013e-09
   5.741466e-03  -0.000000e+00   1.068639e-02   0.000000e+00  -2.645341e-03   0.000000e+00   6.821781e-04  -0.000000e+00   5.148490e-04   1.330054e-08
   1.763547e-02  -0.000000e+00   1.815856e-03   0.000000e+00  -1.672441e-03   0.000000e+00   5.754246e-04  -0.000000e+00  -1.723342e-04   7.800067e-09
   1.736251e-02  -0.000000e+00   4.645222e-03   0.000000e+00  -5.068501e-03   0.000000e+00   1.662697e-03  -0.000000e+00  -8.617682e-04   1.570345e-08
   1.861943e-02  -0.000000e+00   9.378351e-03   0.000000e+00  -1.067456e-03   0.000000e+00   2.288400e-04  -0.000000e+00  -2.765787e-04   5.388303e-09
   1.511508e-02  -0.000000e+00   2.857671e-03   0.000000e+00  -9.403030e-04   0.000000e+00  -1.989934e-04  -0.000000e+00   3.762974e-04   5.147649e-09
   1.539766e-02  -0.000000e+00   9.755164e-04   0.000000e+00  -2.866013e-05   0.000000e+00   4.429986e-06  -0.000000e+00   7.826777e-06   7.040895e-10
   1.277935e-02  -0.000000e+00   1.469754e-03   0.000000e+00  -4.113471e-03   0.000000e+00   2.450926e-04  -0.000000e+00  -1.706755e-03   1.587423e-08
   1.090347e-02  -0.000000e+00   6.253133e-03   0.000000e+00  -3.949333e-04   0.000000e+00   8.588750e-05  -0.000000e+00  -1.238723e-04   3.256844e-09
   1.449482e-02  -0.000000e+00   8.965891e-03   0.000000e+00  -2.912575e-05   0.000000e+00   1.524793e-06  -0.000000e+00  -9.823630e-06   4.985411e-10
   1.044017e-02  -0.000000e+00   3.207718e-03   0.000000e+00  -2.359379e-04   0.000000e+00   9.113313e-05  -0.000000e+00  -4.925105e-05   1.947756e-09
   1.705969e-02  -0.000000e+00   9.276909e-03   0.000000e+00  -1.258870e-05   0.000000e+00   2.545074e-07  -0.000000e+00   5.201342e-06   3.880594e-10
   1.272186e-02  -0.000000e+00   8.248923e-03   0.000000e+00  -2.623812e-04   0.000000e+00  -1.105096e-04  -0.000000e+00  -5.841051e-05   2.944790e-09
   1.222950e-02  -0.000000e+00   6.596799e-03   0.000000e+00  -1.056578e-05   0.000000e+00   9.378671e-07  -0.000000e+00   4.697864e-06   2.836361e-10
   1.023573e-02  -0.000000e+00   1.038876e-02   0.000000e+00  -1.707604e-03   0.000000e+00  -3.656935e-04  -0.000000e+00   2.111012e-04   8.529236e-09
   1.301983e-02  -0.000000e+00   1.630710e-02   0.000000e+00  -4.047390e-05   0.000000e+00   5.350531e-06  -0.000000e+00  -4.720953e-08   7.346268e-10
   1.748306e-02  -0.000000e+00   1.499675e-02   0.000000e+00  -3.211760e-04   0.000000e+00  -1.305068e-05  -0.000000e+00  -1.070721e-04   2.510870e-09
   1.097488e-02  -0.000000e+00   1.514732e-02   0.000000e+00  -2.119601e-03   0.000000e+00  -5.724569e-04  -0.000000e+00   2.906546e-04   8.932760e-09
   1.460197e-02  -0.000000e+00   1.436132e-02   0.000000e+00  -7.026369e-04   0.000000e+00   1.647339e-04  -0.000000e+00  -2.271872e-04   4.510722e-09
   1.586920e-02  -0.000000e+00   1.253229e-02   0.000000e+00  -1.421895e-04   0.000000e+00  -2.245199e-05  -0.000000e+00  -6.673680e-05   1.471603e-09
   1.308502e-02  -0.000000e+00   1.213463e-02   0.000000e+00  -7.321022e-04   0.000000e+00   6.503449e-05  -0.000000e+00   1.411532e-04   5.721620e-09
                                                0.000000e+00  -3.637639e-02   0.000000e+00   2.074673e-03   0.000000e+00  -2.361189e-04   4.421431e-09

              4
             43
          pos_x          pos_y          pos_z       normal_x       normal_y       normal_z        tangt_x        tangt_y        tangt_z          pentr
   1.647605e-03   2.000000e-02   2.475048e-03   0.000000e+00   2.003091e-04   0.000000e+00   4.065085e-05  -0.000000e+00  -5.999820e-06   1.808890e-09
   6.535048e-03   2.000000e-02   6.124092e-03   0.000000e+00   4.562355e-04   0.000000e+00   9.425217e-05  -0.000000e+00  -1.600125e-04   3.384163e-09
   3.888210e-03   2.000000e-02   4.056265e-03   0.000000e+00   2.181614e-03   0.000000e+00   1.004218e-03  -0.000000e+00  -2.388082e-04   8.475413e-09
   7.878791e-03   2.000000e-02   2.668059e-03   0.000000e+00   1.583426e-03   0.000000e+00  -4.284887e-04  -0.000000e+00  -4.071928e-04   7.859552e-09
   9.664225e-03   2.000000e-02   7.010222e-03   0.000000e+00   2.352641e-03   0.000000e+00   6.474957e-04  -0.000000e+00   3.912558e-04   1.034770e-08
   1.718678e-03   2.000000e-02   4.815520e-03   0.000000e+00   2.652515e-05   0.000000e+00  -9.583053e-06  -0.000000e+00   3.468528e-06   5.687379e-10
   1.512419e-03   2.000000e-02   6.977382e-03   0.000000e+00   4.105438e-06   0.000000e+00  -7.387154e-07  -0.000000e+00  -1.465752e-06   1.767455e-10
   4.818053e-03   2.000000e-02   1.240074e-03   0.000000e+00   4.392783e-04   0.000000e+00   1.158352e-04  -0.000000e+00   2.889099e-05   3.122405e-09
   3.651098e-03   2.000000e-02   9.568421e-03   0.000000e+00   6.351487e-03   0.000000e+00   2.282111e-03  -0.000000e+00   4.268115e-04   1.462330e-08
   8.269212e-03   2.000000e-02   9.471092e-03   0.000000e+00   8.288939e-04   0.000000e+00   1.456683e-04  -0.000000e+00  -1.423079e-05   4.575192e-09
   9.657553e-03   2.000000e-02   1.299644e-03   0.000000e+00   2.162267e-04   0.000000e+00   1.969418e-05  -0.000000e+00  -4.616438e-05   2.317101e-09
   7.850003e-03   2.000000e-02   6.593559e-03   0.000000e+00   5.241990e-04   0.000000e+00  -2.923841e-05  -0.000000e+00  -3.340936e-05   4.244547e-09
   7.538728e-04   2.000000e-02   9.396682e-03   0.000000e+00   8.525217e-04   0.000000e+00  -1.762575e-04  -0.000000e+00   6.627992e-05   6.294591e-09
   1.700071e-03   2.000000e-02   1.803378e-02   0.000000e+00   1.834852e-05   0.000000e+00  -5.935858e-07  -0.000000e+00   6.794195e-06   4.517877e-10
   7.780409e-03   2.000000e-02   1.590237e-02   0.000000e+00   2.908093e-04   0.000000e+00   2.722910e-06  -0.000000e+00  -3.225807e-05   3.138527e-09
   5.308973e-03   2.000000e-02   1.524413e-02   0.000000e+00   1.045217e-03   0.000000e+00   2.354687e-04  -0.000000e+00   1.039889e-05   6.585144e-09
   2.280897e-03   2.000000e-02   1.562802e-02   0.000000e+00   8.673321e-04   0.000000e+00   2.240079e-04  -0.000000e+00   3.253211e-05   4.687705e-09
   9.831439e-03   2.000000e-02   1.385929e-02   0.000000e+00   2.938497e-04   0.000000e+00   3.143580e-05  -0.000000e+00  -6.718139e-05   2.163829e-09
   5.357141e-03   2.000000e-02   1.238574e-02   0.000000e+00   3.649979e-05   0.000000e+00  -8.913687e-06  -0.000000e+00   8.186667e-06   5.790612e-10
   1.604213e-03   2.000000e-02   1.137092e-02   0.000000e+00   1.259232e-04   0.000000e+00  -3.572393e-05  -0.000000e+00   3.441894e-05   1.484417e-09
   1.794356e-02   2.000000e-02   5.606311e-03   0.000000e+00   3.759655e-04   0.000000e+00  -6.505444e-05  -0.000000e+00   2.817512e-05   3.227926e-09
   1.939956e-02   2.000000e-02   4.534015e-03   0.000000e+00   8.009656e-04   0.000000e+00   8.765459e-05  -0.000000e+00   6.284346e-05   6.967195e-09
   1.657703e-02   2.000000e-02   8.491271e-03   0.000000e+00   1.147918e-03   0.000000e+00  -3.719938e-04  -0.000000e+00  -1.261246e-05   6.834877e-09
   1.620095e-02   2.000000e-02   3.799025e-03   0.000000e+00   1.501193e-03   0.000000e+00  -3.508294e-04  -0.000000e+00  -1.419983e-04   9.022709e-09
   1.790094e-02   2.000000e-02   1.039853e-02   0.000000e+00   6.646038e-04   0.000000e+00   9.067347e-05  -0.000000e+00  -1.122039e-05   5.448576e-09
   1.775593e-02   2.000000e-02   2.692261e-03   0.000000e+00   3.557279e-03   0.000000e+00   2.988668e-04  -0.000000e+00  -1.453215e-03   1.365089e-08
   1.412030e-02   2.000000e-02   4.115811e-03   0.000000e+00   8.318187e-04   0.000000e+00  -2.728541e-04  -0.000000e+00  -8.051321e-05   5.189670e-09
   1.543239e-02   2.000000e-02   9.592337e-04   0.000000e+00   1.029401e-05   0.000000e+00  -2.489074e-06  -0.000000e+00   1.189347e-06   2.910514e-10
   1.376079e-02   2.000000e-02   1.880983e-03   0.000000e+00   4.816352e-03   0.000000e+00   1.716224e-03  -0.000000e+00   1.054673e-03   1.593691e-08
   1.540903e-02   2.000000e-02   7.189660e-03   0.000000e+00   1.008767e-05   0.000000e+00  -1.817336e-06  -0.000000e+00   2.584648e-06   2.675415e-10
   1.168820e-02   2.000000e-02   2.101239e-03   0.000000e+00   1.157609e-02   0.000000e+00  -1.422119e-03  -0.000000e+00  -4.657132e-04   2.584235e-08
   1.418853e-02   2.000000e-02   5.594733e-03   0.000000e+00   2.899741e-05   0.000000e+00   5.679445e-07  -0.000000e+00   9.145599e-06   6.380442e-10
   1.179758e-02   2.000000e-02   5.311177e-03   0.000000e+00   3.678684e-04   0.000000e+00  -1.075053e-04  -0.000000e+00  -3.301706e-05   2.983969e-09
   1.616469e-02   2.000000e-02   6.053254e-03   0.000000e+00   1.289576e-04   0.000000e+00   1.466650e-05  -0.000000e+00   6.224669e-05   1.977630e-09
   1.404481e-02   2.000000e-02   7.323915e-03   0.000000e+00   4.842161e-05   0.000000e+00   1.447481e-05  -0.000000e+00  -7.640467e-06   1.004485e-09
   1.134424e-02   2.000000e-02   8.926865e-03   0.000000e+00   3.906553e-04   0.000000e+00   8.751683e-05  -0.000000e+00   9.754403e-05   2.908918e-09
   1.456758e-02   2.000000e-02   9.752482e-03   0.000000e+00   1.679413e-04   0.000000e+00   3.757586e-05  -0.000000e+00   5.749751e-05   1.878963e-09
   1.402748e-02   2.000000e-02   1.716031e-02   0.000000e+00   4.820714e-04   0.000000e+00  -1.322995e-04  -0.000000e+00   2.537697e-05   3.496175e-09
   1.140816e-02   2.000000e-02   1.594153e-02   0.000000e+00   6.617513e-05   0.000000e+00  -2.486485e-05  -0.000000e+00  -1.110999e-05   1.146878e-09
   1.763182e-02   2.000000e-02   1.466123e-02   0.000000e+00   2.847116e-04   0.000000e+00  -1.008384e-04  -0.000000e+00  -4.198990e-05   2.585919e-09
   1.255691e-02   2.000000e-02   1.373323e-02   0.000000e+00   4.414690e-04   0.000000e+00  -1.352737e-04  -0.000000e+00   5.323879e-06   3.425670e-09
   1.185804e-02   2.000000e-02   1.123803e-02   0.000000e+00   1.066994e-03   0.000000e+00  -3.314794e-05  -0.000000e+00  -4.836968e-04   5.072243e-09
   1.925359e-02   2.000000e-02   1.131546e-02   0.000000e+00   9.491864e-05   0.000000e+00  -2.888661e-05  -0.000000e+00   1.578090e-05   1.666374e-09
                                                0.000000e+00   4.755719e-02   0.000000e+00   3.452270e-03   0.000000e+00  -1.318031e-03   4.845436e-09

              5
             62
          pos_x          pos_y          pos_z       normal_x       normal_y       normal_z        tangt_x        tangt_y        tangt_z          pentr
   2.176667e-03   1.561531e-03  -0.000000e+00   0.000000e+00   0.000000e+00  -8.413317e-03   2.259240e-04  -1.074520e-03  -0.000000e+00   2.090916e-08
   6.371592e-03   1.429754e-03  -0.000000e+00   0.000000e+00   0.000000e+00  -2.039344e-03   4.554190e-04   3.342641e-04  -0.000000e+00   8.181482e-09
   4.695576e-03   5.495453e-03  -0.000000e+00   0.000000e+00   0.000000e+00  -5.700505e-05   1.203578e-05   2.452640e-05  -0.000000e+00   1.020731e-09
   1.279665e-03   3.459621e-03  -0.000000e+00   0.000000e+00   0.000000e+00  -1.286176e-04   4.951894e-05  -2.465411e-05  -0.000000e+00   1.687563e-09
   6.064867e-03   8.902548e-03  -0.000000e+00   0.000000e+00   0.000000e+00  -2.659805e-04  -4.738373e-05   5.317914e-05  -0.000000e+00   3.009203e-09
   1.188874e-03   9.737834e-03  -0.000000e+00   0.000000e+00   0.000000e+00  -3.399734e-03  -9.183420e-04   7.621042e-04  -0.000000e+00   1.257297e-08
   7.862885e-04   5.629018e-03  -0.000000e+00   0.000000e+00   0.000000e+00  -6.218725e-05  -1.105373e-05   8.446507e-06  -0.000000e+00   9.011232e-10
   2.646378e-03   4.989886e-03  -0.000000e+00   0.000000e+00   0.000000e+00  -1.351068e-04   9.506477e-06   5.231928e-05  -0.000000e+00   1.578290e-09
   2.345021e-03   6.803889e-03  -0.000000e+00   0.000000e+00   0.000000e+00  -1.566847e-04   6.274272e-06   5.234023e-06  -0.000000e+00   1.664429e-09
   3.926050e-03   9.290786e-03  -0.000000e+00   0.000000e+00   0.000000e+00  -6.071207e-04  -2.278897e-04   1.321513e-04  -0.000000e+00   3.497218e-09
   4.292142e-03   1.327909e-03  -0.000000e+00   0.000000e+00   0.000000e+00  -5.346175e-04  -3.025491e-05  -1.321075e-04  -0.000000e+00   3.786414e-09
   3.367302e-03   3.054522e-03  -0.000000e+00   0.000000e+00   0.000000e+00  -2.577374e-05   4.846364e-06  -4.974647e-06  -0.000000e+00   6.257620e-10
   4.410881e-03   6.638505e-03  -0.000000e+00   0.000000e+00   0.000000e+00  -5.237253e-05   9.080807e-08   5.572296e-07  -0.000000e+00   1.003933e-09
   5.115109e-03   3.556048e-03  -0.000000e+00   0.000000e+00   0.000000e+00  -4.429420e-03  -4.334590e-04   6.094567e-04  -0.000000e+00   1.617994e-08
   6.293255e-03   6.672170e-03  -0.000000e+00   0.000000e+00   0.000000e+00  -4.571049e-04  -7.203744e-05  -4.406570e-05  -0.000000e+00   3.631749e-09
   8.492820e-03   5.217157e-03  -0.000000e+00   0.000000e+00   0.000000e+00  -6.453598e-03  -3.041651e-04  -2.730356e-03  -0.000000e+00   1.885336e-08
   8.315126e-03   8.071724e-03  -0.000000e+00   0.000000e+00   0.000000e+00  -6.840302e-03  -1.093453e-03  -2.709358e-03  -0.000000e+00   1.844688e-08
   9.430721e-03   2.211645e-03  -0.000000e+00   0.000000e+00   0.000000e+00  -4.915736e-03  -6.956596e-04  -5.109687e-04  -0.000000e+00   1.324987e-08
   1.044022e-03   1.843453e-02  -0.000000e+00   0.000000e+00   0.000000e+00  -1.138166e-03  -2.064893e-04   2.999500e-04  -0.000000e+00   5.712420e-09
   4.013516e-03   1.872976e-02  -0.000000e+00   0.000000e+00   0.000000e+00  -6.490340e-04   4.653163e-05  -8.599617e-05  -0.000000e+00   4.101975e-09
   2.346650e-03   1.685582e-02  -0.000000e+00   0.000000e+00   0.000000e+00  -2.384699e-04   4.272190e-05  -1.630464e-05  -0.000000e+00   2.535732e-09
   6.292790e-03   1.816644e-02  -0.000000e+00   0.000000e+00   0.000000e+00  -1.917415e-04  -5.256206e-05   6.488856e-05  -0.000000e+00   1.915868e-09
   1.049209e-03   1.582680e-02  -0.000000e+00   0.000000e+00   0.000000e+00  -5.031578e-05   1.143066e-05   3.771597e-06  -0.000000e+00   9.771354e-10
   6.798655e-03   1.511684e-02  -0.000000e+00   0.000000e+00   0.000000e+00  -3.340803e-03  -1.089461e-03  -7.791934e-04  -0.000000e+00   1.286094e-08
   3.259099e-03   1.271949e-02  -0.000000e+00   0.000000e+00   0.000000e+00  -6.939562e-05  -3.353326e-06  -1.711527e-05  -0.000000e+00   9.710802e-10
   5.015953e-03   1.618391e-02  -0.000000e+00   0.000000e+00   0.000000e+00  -6.946656e-04   1.176006e-04  -1.536860e-04  -0.000000e+00   3.939772e-09
   2.472579e-03   1.445448e-02  -0.000000e+00   0.000000e+00   0.000000e+00  -6.318457e-03   9.522578e-04   6.835753e-04  -0.000000e+00   1.936159e-08
   9.657489e-03   1.897414e-02  -0.000000e+00   0.000000e+00   0.000000e+00  -5.526138e-04   1.339185e-04  -1.969602e-05  -0.000000e+00   5.102622e-09
   4.920510e-03   1.166987e-02  -0.000000e+00   0.000000e+00   0.000000e+00  -3.696152e-03   5.714778e-05  -1.200209e-03  -0.000000e+00   1.642599e-08
   8.821344e-03   1.375376e-02  -0.000000e+00   0.000000e+00   0.000000e+00  -2.245620e-03   1.359490e-04  -5.321436e-06  -0.000000e+00   8.833764e-09
   1.007708e-03   1.251726e-02  -0.000000e+00   0.000000e+00   0.000000e+00  -9.587314e-05   5.703590e-06   1.783173e-05  -0.000000e+00   1.202020e-09
   7.200022e-03   1.097916e-02  -0.000000e+00   0.000000e+00   0.000000e+00  -1.088036e-03  -1.710516e-04   3.501909e-05  -0.000000e+00   5.405739e-09
   9.882940e-03   1.596254e-02  -0.000000e+00   0.000000e+00   0.000000e+00  -8.682403e-05   2.325436e-06   2.311163e-06  -0.000000e+00   1.123531e-09
   1.798868e-02   5.656444e-03  -0.000000e+00   0.000000e+00   0.000000e+00  -1.982681e-03   2.870141e-05  -3.965194e-04  -0.000000e+00   8.758335e-09
   1.608445e-02   8.098421e-03  -0.000000e+00   0.000000e+00   0.000000e+00  -3.481605e-03   1.161001e-03   7.777345e-04  -0.000000e+00   1.342467e-08
   1.704384e-02   1.926180e-03  -0.000000e+00   0.000000e+00   0.000000e+00  -5.378884e-03   4.056504e-04  -3.343918e-04  -0.000000e+00   1.682646e-08
   1.252287e-02   4.978215e-03  -0.000000e+00   0.000000e+00   0.000000e+00  -1.465463e-03  -1.472222e-05   2.758946e-04  -0.000000e+00   8.450121e-09
   1.543875e-02   4.871934e-03  -0.000000e+00   0.000000e+00   0.000000e+00  -1.395560e-03  -1.811428e-04  -4.272216e-04  -0.000000e+00   8.253774e-09
   1.833727e-02   3.756971e-03  -0.000000e+00   0.000000e+00   0.000000e+00  -2.471411e-03  -2.371774e-04   2.569208e-04  -0.000000e+00   1.046776e-08
   1.520449e-02   1.249890e-03  -0.000000e+00   0.000000e+00   0.000000e+00  -6.004255e-05  -4.438682e-06   2.865879e-05  -0.000000e+00   9.724030e-10
   1.429692e-02   3.059595e-03  -0.000000e+00   0.000000e+00   0.000000e+00  -1.763171e-04  -1.035602e-05  -2.064502e-05  -0.000000e+00   2.198555e-09
   1.247793e-02   1.712637e-03  -0.000000e+00   0.000000e+00   0.000000e+00  -3.163337e-03   9.114869e-04   2.065361e-04  -0.000000e+00   1.236427e-08
   1.348308e-02   9.140882e-03  -0.000000e+00   0.000000e+00   0.000000e+00  -3.890439e-03  -1.410686e-04   9.446488e-05  -0.000000e+00   1.474914e-08
   1.432920e-02   6.939349e-03  -0.000000e+00   0.000000e+00   0.000000e+00  -2.482324e-04   9.548111e-05   1.109538e-06  -0.000000e+00   2.283441e-09
   1.891589e-02   9.329540e-03  -0.000000e+00   0.000000e+00   0.000000e+00  -3.688119e-03   1.602774e-03  -5.716070e-04  -0.000000e+00   1.213373e-08
   1.092328e-02   6.503684e-03  -0.000000e+00   0.000000e+00   0.000000e+00  -3.529587e-04   1.592732e-05  -1.911601e-05  -0.000000e+00   2.544816e-09
   1.127592e-02   8.324320e-03  -0.000000e+00   0.000000e+00   0.000000e+00  -7.771411e-05  -1.882885e-06  -1.660214e-05  -0.000000e+00   1.261326e-09
   1.820332e-02   1.720650e-02  -0.000000e+00   0.000000e+00   0.000000e+00  -6.469986e-03   4.115865e-04  -6.875243e-04  -0.000000e+00   2.493864e-08
   1.880097e-02   1.873734e-02  -0.000000e+00   0.000000e+00   0.000000e+00  -4.834098e-05  -1.176890e-05  -2.682812e-06  -0.000000e+00   9.397437e-10
   1.681417e-02   1.499848e-02  -0.000000e+00   0.000000e+00   0.000000e+00  -5.208183e-03  -8.885279e-05  -1.110438e-03  -0.000000e+00   1.675185e-08
   1.490433e-02   1.690794e-02  -0.000000e+00   0.000000e+00   0.000000e+00  -1.796173e-03   4.661349e-04  -1.369117e-05  -0.000000e+00   8.367488e-09
   1.909426e-02   1.491578e-02  -0.000000e+00   0.000000e+00   0.000000e+00  -4.950086e-05  -8.643338e-06   8.353847e-06  -0.000000e+00   8.680396e-10
   1.575897e-02   1.918736e-02  -0.000000e+00   0.000000e+00   0.000000e+00  -5.673639e-05   6.614693e-06  -8.954716e-06  -0.000000e+00   1.045622e-09
   1.395596e-02   1.859686e-02  -0.000000e+00   0.000000e+00   0.000000e+00  -3.774243e-03  -1.699710e-04  -8.346536e-04  -0.000000e+00   1.653640e-08
   1.781076e-02   1.287566e-02  -0.000000e+00   0.000000e+00   0.000000e+00  -5.465141e-05   1.031212e-05   2.215225e-06  -0.000000e+00   1.010923e-09
   1.895917e-02   1.212063e-02  -0.000000e+00   0.000000e+00   0.000000e+00  -5.089137e-05  -4.309461e-06  -3.823320e-08  -0.000000e+00   7.896365e-10
   1.167226e-02   1.674333e-02  -0.000000e+00   0.000000e+00   0.000000e+00  -4.830773e-03  -1.239514e-04  -9.777576e-04  -0.000000e+00   1.604344e-08
   1.602096e-02   1.149442e-02  -0.000000e+00   0.000000e+00   0.000000e+00  -6.023382e-04  -6.655827e-05  -9.105325e-05  -0.000000e+00   4.077654e-09
   1.393963e-02   1.271693e-02  -0.000000e+00   0.000000e+00   0.000000e+00  -4.708185e-04  -1.060296e-04   1.123685e-04  -0.000000e+00   3.578975e-09
   1.143509e-02   1.426505e-02  -0.000000e+00   0.000000e+00   0.000000e+00  -3.600423e-03   7.885128e-04  -6.231273e-04  -0.000000e+00   1.508135e-08
   1.486979e-02   1.441518e-02  -0.000000e+00   0.000000e+00   0.000000e+00  -7.404635e-05   2.680854e-05   1.774650e-05  -0.000000e+00   1.012644e-09
   1.122276e-02   1.090281e-02  -0.000000e+00   0.000000e+00   0.000000e+00  -2.128718e-03   5.033963e-04  -4.038338e-04  -0.000000e+00   7.292996e-09
                                                0.000000e+00   0.000000e+00  -1.164788e-01   2.176101e-03  -1.117679e-02   0.000000e+00   7.327330e-09

