              9             53   4.219197e-03   3.032098e-03   1.285697e-03   4.219230e-03   3.032109e-03   1.285666e-03   7.309397e-04   1.128834e-03   4.678447e-08   7.512282e-07   4.555926e-06   4.436613e-04   2.400000e+10   6.820690e-03   3.410345e-03  -4.802533e-03   4.219214e-03   3.032104e-03   1.285682e-03   4.913118e-03   1.507059e-03  -4.484623e-03  -3.355181e-04  -3.090016e-03  -1.403453e-03   6.980619e-06   1.342942e-03   7.203257e-01   2.209541e-01  -6.575029e-01
             25             37   1.673406e-03   3.865473e-03   3.525188e-03   1.673407e-03   3.865471e-03   3.525186e-03   7.718586e-04   6.197771e-04   2.845366e-09   8.455423e-07   9.889922e-07   3.437539e-04   2.400000e+10   9.004942e-05   4.502471e-05  -4.132710e-05   1.673406e-03   3.865472e-03   3.525187e-03   1.929698e-05  -7.512446e-05  -4.574758e-05  -1.068462e-05   2.055143e-05  -3.860961e-05   1.498255e-05   4.372196e-02   2.142932e-01  -8.342581e-01  -5.080275e-01
             29             33   1.640612e-03   4.442641e-03   1.590793e-03   1.640392e-03   4.442606e-03   1.590939e-03   4.710255e-04   1.034509e-03   2.668456e-07   2.359770e-07   9.293386e-06   3.236592e-04   2.400000e+10   7.935677e-02   3.348761e-02  -1.588173e-01   1.640502e-03   4.442623e-03   1.590866e-03  -6.544041e-02  -1.049765e-02   4.364457e-02  -1.838263e-02  -1.912878e-03  -2.792561e-02   6.070970e-06   1.035532e-04  -8.246355e-01  -1.322843e-01   5.499792e-01
             33             41   4.165855e-03   5.203867e-03   1.650375e-03   4.165263e-03   5.203484e-03   1.650130e-03   7.505920e-04   1.128285e-03   7.470343e-07   9.408323e-06   1.834985e-05   4.507382e-04   2.400000e+10   4.386549e-01   2.193275e-01   1.607228e-01   4.165559e-03   5.203675e-03   1.650252e-03  -3.476962e-01  -2.252154e-01  -1.442341e-01  -9.960015e-02   1.880639e-01  -5.306892e-02   7.578569e-06   1.698529e-03  -7.926418e-01  -5.134228e-01  -3.288099e-01
             39             63   8.037259e-03   4.788182e-03   2.740871e-03   8.037356e-03   4.788328e-03   2.740586e-03   2.428332e-03   1.163558e-03   3.345910e-07   3.295519e-05   1.622347e-05   7.866347e-04   2.400000e+10   1.737032e-01   8.685161e-02   8.957505e-02   8.037307e-03   4.788255e-03   2.740728e-03   5.039828e-02   7.579843e-02  -1.479440e-01  -3.243003e-03  -8.157498e-02  -2.963458e-02   5.028909e-06   1.130325e-03   2.901401e-01   4.363674e-01  -8.517055e-01
             56             16   9.885107e-03   9.004220e-03   2.945636e-03   9.885104e-03   9.004218e-03   2.945638e-03   2.013152e-03   1.303007e-03   3.725001e-09   3.113181e-07   1.716553e-06   7.910209e-04   2.400000e+10   2.046131e-04   1.023066e-04  -2.614820e-03   9.885105e-03   9.004219e-03   2.945637e-03  -1.453676e-04  -7.647597e-05   1.220091e-04  -4.472608e-06  -8.412400e-05  -5.804983e-05   3.533334e-05   1.542582e-02  -7.104510e-01  -3.737589e-01   5.962915e-01
             63             65   7.804225e-03   5.109244e-03   3.694179e-03   7.804287e-03   5.109042e-03   3.694020e-03   1.044956e-03   1.970661e-03   2.646559e-07   6.988381e-06   1.344335e-05   6.828632e-04   2.400000e+10   1.138516e-01   5.549095e-02   6.232397e-02   7.804256e-03   5.109143e-03   3.694099e-03   2.651754e-02  -8.685749e-02  -6.866430e-02  -1.369274e-02   3.223696e-02  -4.304106e-02   5.524484e-06   6.023755e-03   2.329132e-01  -7.629008e-01  -6.031034e-01
             26             24   3.655322e-03   1.268914e-02   1.258868e-03   3.655301e-03   1.268917e-02   1.258857e-03   1.242573e-03   1.420791e-03   4.333923e-08   6.909823e-05   5.359835e-06   6.628596e-04   2.400000e+10   7.433316e-03   2.713555e-03   1.906439e-03   3.655312e-03   1.268916e-02   1.258863e-03  -3.747538e-03   6.179268e-03  -1.739766e-03  -9.189674e-04   2.452247e-03   7.108879e-04   1.402257e-05   1.070124e-01  -5.041543e-01   8.312937e-01  -2.340498e-01
             51             55   1.127620e-02   3.022380e-03   4.098349e-03   1.127621e-02   3.022387e-03   4.098350e-03   1.452565e-03   1.141258e-03   9.061930e-09   2.449088e-06   2.406578e-06   6.391150e-04   2.400000e+10   6.978636e-04   3.489318e-04  -2.998858e-05   1.127620e-02   3.022384e-03   4.098349e-03   4.934858e-04   4.906740e-04   5.219623e-05  -6.013618e-05   8.988329e-05  -3.317500e-04   2.092683e-05   1.579585e-01   7.071379e-01   7.031087e-01   7.479431e-02
             16             56   9.885104e-03   9.004218e-03   2.945638e-03   9.885107e-03   9.004220e-03   2.945636e-03   1.303007e-03   2.013152e-03   3.725001e-09   3.113181e-07   1.716553e-06   7.910209e-04   2.400000e+10   2.046131e-04   1.023066e-04   2.614820e-03   9.885105e-03   9.004219e-03   2.945637e-03   1.453676e-04   7.647597e-05  -1.220091e-04   4.472608e-06   8.412400e-05   5.804983e-05   3.533334e-05   1.542582e-02   7.104510e-01   3.737589e-01  -5.962915e-01
