     iteration=        2050000       process=              0       (i,j,k)=              0              0              0       (x,y,z)=   5.000000e-03   5.000000e-03   5.253276e-03     particles=             80
fabric=[ ...   
   3.407048e-01   6.665281e-03  -4.657700e-04;
   6.665281e-03   3.072124e-01   5.728536e-04;
  -4.657700e-04   5.728536e-04   3.520828e-01]
sigma=[ ...    
  -3.170710e+02  -2.419939e+01   2.393435e+01;
  -2.419952e+01  -2.446745e+02  -2.607350e+01;
   2.393437e+01  -2.607379e+01  -3.735286e+02]
sigmaDot=[ ... 
  -1.575970e+01  -1.867218e+00  -3.182568e+00;
   4.212877e+00   8.698387e+00   4.088102e+00;
  -6.288708e+00   4.981901e+00   2.981860e+00]
intgraE=[ ...  
   4.534052e+01  -1.806355e+01  -6.086858e-02;
  -1.806355e+01   1.188917e+01   8.606301e-03;
  -6.086858e-02   8.606301e-03  -4.998743e-01]
E=[ ...        
   1.858243e+05  -5.420855e+04  -1.991477e+00;
  -5.420855e+04   8.829587e+05   1.409885e+00;
  -1.991477e+00   1.409885e+00  -4.997947e-01]
e=[ ...        
  -4.178187e+01  -3.694776e+00  -2.364758e+02;
  -3.694776e+00   1.771333e-01  -2.066430e+01;
  -2.364758e+02  -2.066430e+01  -1.322072e+03]
intgraF=[ ...  
   6.093329e+00  -3.971271e+00  -3.535110e-03;
  -5.130165e-01   2.635674e+00  -6.446555e-03;
  -7.368121e+00   1.435467e+00   1.404751e-02]
F=[ ...        
   5.030429e+02  -8.536539e+02  -2.698839e-03;
  -3.337942e+02  -1.004420e+03   2.818327e-03;
  -8.472874e+01   1.683267e+02   1.988206e-02]
R=[ ...        
   7.723275e-01  -6.103619e-01   1.759792e-01;
  -6.221203e-01  -7.827705e-01   1.538434e-02;
  -1.283613e-01   1.213620e-01   9.842737e-01]
U=[ ...        
   6.070499e+02  -5.603685e+01  -6.389812e-03;
  -5.603685e+01   1.327697e+03   1.854091e-03;
  -6.389812e-03   1.854091e-03   1.913780e-02]
l=[ ...        
   1.158830e-02   1.606953e-03  -4.985860e-04;
   1.095408e-02   1.518992e-03  -4.707691e-04;
  -1.391822e-04  -1.966712e-05   6.343749e-06]
d=[ ...        
   1.158830e-02   6.280515e-03  -3.188841e-04;
   6.280515e-03   1.518992e-03  -2.452181e-04;
  -3.188841e-04  -2.452181e-04   6.343749e-06]
     iteration=        2050000       process=              1       (i,j,k)=              0              0              1       (x,y,z)=   5.000000e-03   5.000000e-03   1.575983e-02     particles=             46
fabric=[ ...   
   3.564787e-01  -1.130126e-02   2.350286e-02;
  -1.130126e-02   3.196542e-01   3.392459e-04;
   2.350286e-02   3.392459e-04   3.238671e-01]
sigma=[ ...    
  -6.728984e+01   8.025037e+00   7.080159e-01;
   8.025174e+00  -7.685025e+01   1.493494e+00;
   7.080604e-01   1.493454e+00  -1.060249e+02]
sigmaDot=[ ... 
  -3.596039e+01   9.183494e+00   2.426163e+01;
   3.554662e+00  -9.319710e+00  -7.400171e+00;
   3.108358e+01  -7.903762e+00  -2.688270e+01]
intgraE=[ ...  
   9.541110e-02  -6.456878e-02  -6.784939e-01;
  -6.456878e-02   1.150404e-02   3.409815e-01;
  -6.784939e-01   3.409815e-01   3.604721e+00]
E=[ ...        
   6.649840e+05  -8.275409e+05   3.175634e+00;
  -8.275409e+05   1.803571e+06  -2.435672e+01;
   3.175634e+00  -2.435672e+01  -4.994458e-01]
e=[ ...        
  -1.548393e+05  -7.116273e+04   1.213571e+05;
  -7.116273e+04  -3.270513e+04   5.577445e+04;
   1.213571e+05   5.577445e+04  -9.511427e+04]
intgraF=[ ...  
   9.981293e-01   3.866698e-04  -9.610485e-02;
  -3.448876e-02   9.878713e-01   6.129178e-02;
  -4.397393e-01   2.170674e-01   2.862944e+00]
F=[ ...        
   4.045324e+02  -1.217120e+03   1.976895e-02;
  -1.073970e+03   1.174091e+03  -1.298038e-03;
  -1.136228e+02  -8.644495e+02   2.675489e-02]
R=[ ...        
   6.245660e-03  -6.724524e-01  -7.401141e-01;
  -8.660895e-01   3.663227e-01  -3.401420e-01;
  -4.998499e-01  -6.431294e-01   5.801160e-01]
U=[ ...        
   9.894754e+02  -5.923744e+02  -1.212574e-02;
  -5.923744e+02   1.804504e+03  -3.097603e-02;
  -1.212574e-02  -3.097603e-02   1.331180e-03]
l=[ ...        
  -1.166715e-06   2.801993e-07   5.331961e-07;
   3.929298e-07   2.460131e-08  -4.351849e-07;
   5.484693e-07  -3.814888e-08  -2.040030e-07]
d=[ ...        
  -1.166715e-06   3.365646e-07   5.408327e-07;
   3.365646e-07   2.460131e-08  -2.366669e-07;
   5.408327e-07  -2.366669e-07  -2.040030e-07]
     iteration=        2050000       process=              2       (i,j,k)=              0              1              0       (x,y,z)=   5.000000e-03   1.500000e-02   5.253276e-03     particles=             81
fabric=[ ...   
   3.310355e-01  -4.723100e-04   1.712302e-03;
  -4.723100e-04   3.223820e-01   1.541400e-02;
   1.712302e-03   1.541400e-02   3.465825e-01]
sigma=[ ...    
  -2.982762e+02  -7.162203e+00   2.961951e+01;
  -7.162360e+00  -2.536300e+02  -3.487093e+01;
   2.961953e+01  -3.487071e+01  -2.910088e+02]
sigmaDot=[ ... 
  -1.938329e+00   2.647099e+00  -5.000617e-01;
   2.318110e+00  -5.529950e+00   3.865799e-01;
  -7.735679e-01   5.377283e-01  -2.049388e+00]
intgraE=[ ...  
   1.494243e+01  -1.573045e+01  -2.006697e-01;
  -1.573045e+01   1.588490e+01   2.068272e-01;
  -2.006697e-01   2.068272e-01  -4.973760e-01]
E=[ ...        
   3.416892e+05   1.212556e+05   6.570514e+02;
   1.212556e+05   1.985474e+05   3.806324e+01;
   6.570514e+02   3.806324e+01   1.010105e+00]
e=[ ...        
  -6.673045e+01   6.535681e+01   1.545612e+01;
   6.535681e+01  -6.303539e+01  -1.502538e+01;
   1.545612e+01  -1.502538e+01  -3.053327e+00]
intgraF=[ ...  
   4.292555e+00  -4.910660e+00  -5.941141e-02;
   1.162371e+00  -9.053332e-01  -1.383690e-02;
   3.332824e+00  -2.799212e+00  -3.907465e-02]
F=[ ...        
  -4.851196e+02   4.748089e+01  -1.251568e+00;
  -3.665818e+02   1.904529e+02  -1.065091e+00;
  -5.600502e+02  -5.988063e+02  -5.651272e-01]
R=[ ...        
  -6.540523e-01   2.627220e-01  -7.093608e-01;
  -5.545866e-01   4.711988e-01   6.858611e-01;
  -5.144407e-01  -8.419910e-01   1.624866e-01]
U=[ ...        
   8.087076e+02   1.713728e+02   1.700001e+00;
   1.713728e+02   6.064050e+02  -3.548521e-01;
   1.700001e+00  -3.548521e-01   6.548314e-02]
l=[ ...        
  -6.352117e-04  -2.705099e-04  -3.912003e-03;
   8.990095e-04   6.100234e-05   1.243756e-03;
   6.012624e-06   9.389227e-06   1.278745e-04]
d=[ ...        
  -6.352117e-04   3.142498e-04  -1.952995e-03;
   3.142498e-04   6.100234e-05   6.265727e-04;
  -1.952995e-03   6.265727e-04   1.278745e-04]
     iteration=        2050000       process=              3       (i,j,k)=              0              1              1       (x,y,z)=   5.000000e-03   1.500000e-02   1.575983e-02     particles=             39
fabric=[ ...   
   3.400960e-01   1.709693e-02   1.990281e-02;
   1.709693e-02   3.266190e-01   1.359117e-03;
   1.990281e-02   1.359117e-03   3.332851e-01]
sigma=[ ...    
  -1.009687e+02  -1.025331e+01  -9.293756e+00;
  -1.025404e+01  -8.771457e+01  -1.427496e+00;
  -9.292021e+00  -1.427790e+00  -1.334452e+02]
sigmaDot=[ ... 
  -1.635310e+00  -7.953161e-01  -2.791745e-01;
  -6.533161e-01  -4.662440e-01  -2.040145e+00;
  -3.182768e-01  -1.966144e+00  -3.863798e-01]
intgraE=[ ...  
  -4.111339e-02   7.395219e-02  -3.250967e-02;
   7.395219e-02   7.158015e-02  -4.380868e-02;
  -3.250967e-02  -4.380868e-02  -1.447513e-01]
E=[ ...        
   5.471872e+05  -5.417085e+05   9.098759e+00;
  -5.417085e+05   9.262393e+05  -1.671681e+00;
   9.098759e+00  -1.671681e+00  -4.995766e-01]
e=[ ...        
  -2.710177e+00   3.797052e+01   6.731363e+01;
   3.797052e+01  -4.486220e+02  -7.961975e+02;
   6.731363e+01  -7.961975e+02  -1.410988e+03]
intgraF=[ ...  
   9.471465e-01  -1.347451e-04  -9.096779e-02;
   1.362075e-01   1.067701e+00  -1.257955e-01;
   4.619818e-02   5.634629e-02   8.284913e-01]
F=[ ...        
  -5.672273e+02  -1.795827e+02  -2.405410e-02;
  -7.768908e+02   1.171415e+03   2.690079e-03;
   4.111805e+02  -6.693404e+02   1.615659e-02]
R=[ ...        
  -8.746598e-01  -4.829541e-01  -4.154128e-02;
  -4.388764e-01   7.526090e-01   4.908841e-01;
   2.058101e-01  -4.475881e-01   8.702339e-01]
U=[ ...        
   9.217150e+02  -4.947897e+02   2.318373e-02;
  -4.947897e+02   1.267936e+03   6.410104e-03;
   2.318373e-02   6.410104e-03   1.637977e-02]
l=[ ...        
  -1.282017e-08   1.122768e-08  -7.651874e-08;
   1.104251e-08   1.148047e-08  -6.057462e-08;
   4.094066e-08   2.429342e-08  -2.614734e-08]
d=[ ...        
  -1.282017e-08   1.113509e-08  -1.778904e-08;
   1.113509e-08   1.148047e-08  -1.814060e-08;
  -1.778904e-08  -1.814060e-08  -2.614734e-08]
     iteration=        2050000       process=              4       (i,j,k)=              1              0              0       (x,y,z)=   1.500000e-02   5.000000e-03   5.253276e-03     particles=             77
fabric=[ ...   
   3.322146e-01   4.587805e-03  -1.145980e-02;
   4.587805e-03   3.198867e-01   2.024891e-02;
  -1.145980e-02   2.024891e-02   3.478987e-01]
sigma=[ ...    
  -2.892809e+02   1.823635e+01  -3.805138e+00;
   1.825043e+01  -2.589536e+02  -4.827386e+01;
  -3.796781e+00  -4.823572e+01  -3.698114e+02]
sigmaDot=[ ... 
  -5.884052e+01  -1.615772e+01  -1.016466e+03;
  -1.792245e+03  -1.412619e+02  -2.117224e+01;
  -2.842435e+02  -1.035715e+03  -1.701884e+02]
intgraE=[ ...  
   1.997167e+01  -1.507001e+00   1.549140e-02;
  -1.507001e+00   2.807010e+00   2.983763e-02;
   1.549140e-02   2.983763e-02  -4.996866e-01]
E=[ ...        
   1.458529e+06  -7.915130e+05   8.648085e+00;
  -7.915130e+05   4.650989e+05  -4.766115e+00;
   8.648085e+00  -4.766115e+00  -4.996759e-01]
e=[ ...        
  -7.131316e+02   2.837073e+02   2.542084e+02;
   2.837073e+02  -1.122891e+02  -1.010617e+02;
   2.542084e+02  -1.010617e+02  -9.005364e+01]
intgraF=[ ...  
   4.235398e+00   9.829253e-01   1.482411e-02;
   8.721465e-01   1.543406e+00   1.753234e-02;
   4.716365e+00  -1.807146e+00  -9.985221e-03]
F=[ ...        
  -7.265402e+00  -1.216392e+02  -2.038524e-02;
  -1.149845e+03   4.503897e+02   1.728073e-03;
   1.262879e+03  -8.441278e+02   1.515195e-02]
R=[ ...        
  -2.039294e-01  -4.244603e-01  -8.821826e-01;
  -8.860371e-01  -3.032152e-01   3.507118e-01;
   4.163544e-01  -8.531670e-01   3.142531e-01]
U=[ ...        
   1.546092e+03  -7.257126e+02   8.934593e-03;
  -7.257126e+02   6.352480e+02  -4.798396e-03;
   8.934593e-03  -4.798396e-03   2.335110e-02]
l=[ ...        
   1.437684e-06  -5.002452e-04  -3.901085e-04;
  -3.643252e-08  -7.928244e-05  -5.998537e-05;
  -1.884980e-07   4.233126e-05  -5.210385e-06]
d=[ ...        
   1.437684e-06  -2.501408e-04  -1.951485e-04;
  -2.501408e-04  -7.928244e-05  -8.827056e-06;
  -1.951485e-04  -8.827056e-06  -5.210385e-06]
     iteration=        2050000       process=              5       (i,j,k)=              1              0              1       (x,y,z)=   1.500000e-02   5.000000e-03   1.575983e-02     particles=             35
fabric=[ ...   
   3.330019e-01   1.096332e-02   3.956541e-03;
   1.096332e-02   3.613500e-01   2.199390e-03;
   3.956541e-03   2.199390e-03   3.056481e-01]
sigma=[ ...    
  -1.123679e+02  -1.894017e+00   1.079694e+00;
  -1.893885e+00  -1.196904e+02   1.547425e+01;
   1.079977e+00   1.547476e+01  -1.337170e+02]
sigmaDot=[ ... 
   2.256808e+01   6.988749e+00  -1.497853e+01;
   4.861485e-01  -7.935228e-02   8.511781e+00;
  -9.838507e+00   4.769085e+01  -6.055117e+01]
intgraE=[ ...  
  -9.614586e-03   1.044749e-02  -6.499427e-02;
   1.044749e-02   4.347369e-02   1.493197e-01;
  -6.499427e-02   1.493197e-01  -4.027498e-01]
E=[ ...        
   1.446285e+06  -4.948988e+05  -6.632021e+03;
  -4.948988e+05   9.678349e+05   9.123865e+03;
  -6.632021e+03   9.123865e+03   1.197083e+02]
e=[ ...        
   4.994273e-01  -2.034181e-03   3.976825e-04;
  -2.034181e-03   4.927722e-01   1.413318e-03;
   3.976825e-04   1.413318e-03   4.997233e-01]
intgraF=[ ...  
   9.892159e-01   2.952755e-02  -1.144071e-01;
   2.639698e-03   1.015634e+00   2.124687e-01;
  -4.707095e-02   2.335857e-01   3.691454e-01]
F=[ ...        
  -1.124083e+03   1.271325e+03   1.067151e+01;
   5.422837e+02  -2.595663e+02  -1.056540e+01;
   1.155394e+03   5.020247e+02   3.861076e+00]
R=[ ...        
  -5.138166e-01   8.180652e-01  -2.583831e-01;
   3.000325e-01  -1.108089e-01  -9.474713e-01;
   8.037244e-01   5.643498e-01   1.885107e-01]
U=[ ...        
   1.668894e+03  -3.276168e+02  -5.549919e+00;
  -3.276168e+02   1.352107e+03   1.207973e+01;
  -5.549919e+00   1.207973e+01   7.980928e+00]
l=[ ...        
   4.004475e-07  -9.237806e-09   4.130048e-07;
  -2.161047e-07  -4.116119e-07  -1.634187e-06;
   1.943016e-07  -1.514117e-06  -2.244787e-06]
d=[ ...        
   4.004475e-07  -1.126712e-07   3.036532e-07;
  -1.126712e-07  -4.116119e-07  -1.574152e-06;
   3.036532e-07  -1.574152e-06  -2.244787e-06]
     iteration=        2050000       process=              6       (i,j,k)=              1              1              0       (x,y,z)=   1.500000e-02   1.500000e-02   5.253276e-03     particles=             70
fabric=[ ...   
   3.125268e-01  -1.370809e-03   1.030270e-02;
  -1.370809e-03   3.303789e-01   1.998688e-02;
   1.030270e-02   1.998688e-02   3.570943e-01]
sigma=[ ...    
  -3.137664e+02  -4.049018e+01   1.804510e+01;
  -4.048742e+01  -3.483654e+02   2.115082e+01;
   1.804880e+01   2.116041e+01  -3.550027e+02]
sigmaDot=[ ... 
   3.776974e+01   3.396501e+00   1.979642e+00;
   3.380472e+00   4.052092e+01   5.760488e+00;
   3.952570e+00   5.346668e+00   4.182976e+01]
intgraE=[ ...  
   3.570132e-01  -8.504265e-01  -3.517586e-02;
  -8.504265e-01   3.536733e-01   3.684526e-02;
  -3.517586e-02   3.684526e-02  -4.981714e-01]
E=[ ...        
   1.255282e+06  -1.019897e+06   5.740736e-01;
  -1.019897e+06   8.570098e+05   3.813318e-01;
   5.740736e-01   3.813318e-01  -4.999363e-01]
e=[ ...        
  -3.861477e+02  -9.823573e+02   1.192954e+03;
  -9.823573e+02  -2.495379e+03   3.030942e+03;
   1.192954e+03   3.030942e+03  -3.680211e+03]
intgraF=[ ...  
   4.849745e-01  -6.111721e-01  -4.566467e-02;
  -1.112504e+00   1.056316e+00   3.593947e-02;
  -4.910807e-01   4.669185e-01   1.674412e-02]
F=[ ...        
   5.884107e+02  -2.646374e+02   4.530969e-03;
  -1.223558e+03   1.030553e+03  -4.852949e-03;
  -8.168495e+02   7.628546e+02   9.127494e-03]
R=[ ...        
   8.203718e-01   5.177802e-01  -2.426804e-01;
  -5.424774e-01   5.704744e-01  -6.166662e-01;
  -1.808546e-01   6.375442e-01   7.488852e-01]
U=[ ...        
   1.294199e+03  -9.141188e+02   4.698946e-03;
  -9.141188e+02   9.372339e+02   5.396744e-03;
   4.698946e-03   5.396744e-03   8.728518e-03]
l=[ ...        
  -2.535892e-02  -1.494257e-02   8.556147e-04;
   1.355037e-01   1.704688e-01  -6.682317e-02;
   4.358743e-02   2.504867e-02  -2.245121e-02]
d=[ ...        
  -2.535892e-02   6.028054e-02   2.222152e-02;
   6.028054e-02   1.704688e-01  -2.088725e-02;
   2.222152e-02  -2.088725e-02  -2.245121e-02]
     iteration=        2050000       process=              7       (i,j,k)=              1              1              1       (x,y,z)=   1.500000e-02   1.500000e-02   1.575983e-02     particles=             48
fabric=[ ...   
   3.295687e-01  -1.015338e-02  -9.363665e-03;
  -1.015338e-02   3.120910e-01  -6.333301e-03;
  -9.363665e-03  -6.333301e-03   3.583403e-01]
sigma=[ ...    
  -7.719218e+01   4.749674e-01   1.207555e+01;
   4.749791e-01  -7.534176e+01   4.105594e+00;
   1.207552e+01   4.105608e+00  -1.001831e+02]
sigmaDot=[ ... 
  -2.946750e+00  -2.609084e+00  -1.424999e+00;
  -2.391527e+00  -9.912464e+00  -7.259138e+00;
  -1.719626e+00  -7.181842e+00  -1.130335e+00]
intgraE=[ ...  
   1.740593e-02   7.398290e-02  -9.779643e-02;
   7.398290e-02   1.064828e-02  -3.851895e-02;
  -9.779643e-02  -3.851895e-02  -4.664300e-01]
E=[ ...        
   6.940563e+05  -5.277906e+05   1.521941e+01;
  -5.277906e+05   4.208986e+05  -1.237949e+01;
   1.521941e+01  -1.237949e+01  -4.996319e-01]
e=[ ...        
  -2.901110e+04  -1.318699e+04  -7.420432e+04;
  -1.318699e+04  -5.993543e+03  -3.372898e+04;
  -7.420432e+04  -3.372898e+04  -1.897953e+05]
intgraF=[ ...  
   1.008011e+00   2.683119e-02  -1.737981e-01;
   1.045809e-01   9.911030e-01  -3.574203e-02;
  -8.825153e-02  -1.956822e-01   1.888298e-01]
F=[ ...        
  -6.868624e+02   6.663999e+02  -2.046772e-02;
  -8.595599e+02   5.223412e+02  -1.319020e-02;
   4.212961e+02  -3.533681e+02   1.196912e-02]
R=[ ...        
  -9.087297e-02   9.288243e-01   3.592039e-01;
  -9.737723e-01  -1.584258e-01   1.633060e-01;
   2.085898e-01  -3.349427e-01   9.188600e-01]
U=[ ...        
   9.873109e+02  -6.429081e+02   1.720085e-02;
  -6.429081e+02   6.545742e+02  -2.093021e-02;
   1.720085e-02  -2.093021e-02   1.491819e-03]
l=[ ...        
   1.511399e-08   1.294728e-08  -1.813190e-07;
  -2.849321e-08  -2.278048e-07  -5.054943e-07;
   7.042728e-08   6.963313e-08  -3.918577e-08]
d=[ ...        
   1.511399e-08  -7.772963e-09  -5.544588e-08;
  -7.772963e-09  -2.278048e-07  -2.179306e-07;
  -5.544588e-08  -2.179306e-07  -3.918577e-08]
