              6

              1
             26
          pos_x          pos_y          pos_z       normal_x       normal_y       normal_z        tangt_x        tangt_y        tangt_z          pentr
   1.577991e-05   9.025578e-03   1.297733e-03  -1.481183e-01   0.000000e+00   0.000000e+00  -0.000000e+00  -5.783979e-02  -2.864051e-02   1.380276e-07
   1.577991e-05   1.027117e-03   2.094241e-03  -7.608705e-01   0.000000e+00   0.000000e+00  -0.000000e+00   1.356334e-01   3.282704e-01   4.825125e-07
   1.577991e-05   3.997707e-03   2.325152e-03  -3.052025e-01   0.000000e+00   0.000000e+00  -0.000000e+00  -5.351288e-02   1.001671e-01   2.622833e-07
   1.577991e-05   5.974452e-03   2.778012e-03  -2.385417e-01   0.000000e+00   0.000000e+00  -0.000000e+00   9.908406e-03   1.996859e-02   2.315511e-07
   1.577991e-05   2.717822e-03   4.708122e-03  -2.115628e-01   0.000000e+00   0.000000e+00  -0.000000e+00   2.240865e-02   6.904487e-02   2.078490e-07
   1.577991e-05   8.884864e-03   5.134411e-03  -8.394456e-02   0.000000e+00   0.000000e+00  -0.000000e+00   2.028183e-02  -2.069301e-02   8.912687e-08
   1.577991e-05   1.326831e-03   6.256824e-03  -3.957920e-02   0.000000e+00   0.000000e+00  -0.000000e+00   4.696411e-03  -2.348047e-03   7.850499e-08
   1.577991e-05   1.164778e-03   9.129112e-03  -2.979918e-02   0.000000e+00   0.000000e+00  -0.000000e+00   6.868089e-03   9.739071e-03   6.051882e-08
   1.577991e-05   5.104261e-03   7.321625e-03  -9.783723e-02   0.000000e+00   0.000000e+00  -0.000000e+00   1.089346e-02  -1.648239e-02   1.220395e-07
   1.577991e-05   6.573951e-03   1.049985e-02  -3.336303e-01   0.000000e+00   0.000000e+00  -0.000000e+00   7.696238e-03   8.459864e-02   2.797353e-07
   1.577991e-05   5.618379e-03   1.550735e-02  -3.714277e-01   0.000000e+00   0.000000e+00  -0.000000e+00  -1.235909e-01   9.249279e-02   2.372187e-07
   1.577991e-05   4.358720e-03   1.280165e-02  -8.647260e-01   0.000000e+00   0.000000e+00  -0.000000e+00   3.030767e-01  -1.277106e-01   4.910944e-07
   1.577991e-05   1.792771e-02   8.755257e-04  -7.090718e-01   0.000000e+00   0.000000e+00  -0.000000e+00  -2.703496e-01   7.364257e-02   4.980287e-07
   1.577991e-05   1.814091e-02   4.778126e-03  -5.368665e-01   0.000000e+00   0.000000e+00  -0.000000e+00  -2.009537e-01   5.095679e-02   4.053497e-07
   1.577991e-05   1.393692e-02   2.761384e-03  -8.245577e-02   0.000000e+00   0.000000e+00  -0.000000e+00   2.591502e-02  -4.900577e-03   9.913281e-08
   1.577991e-05   1.606824e-02   8.387425e-03  -2.204015e-01   0.000000e+00   0.000000e+00  -0.000000e+00   1.398125e-02  -1.892096e-02   2.147659e-07
   1.577991e-05   1.151856e-02   7.408562e-03  -2.007473e-02   0.000000e+00   0.000000e+00  -0.000000e+00  -1.652006e-03   9.577728e-04   4.839198e-08
   1.577991e-05   1.359553e-02   6.345409e-03  -2.346370e-01   0.000000e+00   0.000000e+00  -0.000000e+00   1.099602e-02   7.997199e-02   2.410790e-07
   1.577991e-05   1.215949e-02   1.512832e-02  -2.629515e-03   0.000000e+00   0.000000e+00  -0.000000e+00   1.024243e-04   6.771891e-04   1.111730e-08
   1.577991e-05   1.750237e-02   1.470435e-02  -9.246953e-01   0.000000e+00   0.000000e+00  -0.000000e+00  -6.041733e-02  -4.142406e-01   4.616442e-07
   1.577991e-05   1.049767e-02   1.495289e-02  -1.492408e-02   0.000000e+00   0.000000e+00  -0.000000e+00   6.975995e-04   6.469694e-04   3.544451e-08
   1.577991e-05   1.161774e-02   1.291837e-02  -1.329708e-01   0.000000e+00   0.000000e+00  -0.000000e+00   6.313183e-03  -2.497437e-03   1.375443e-07
   1.577991e-05   1.440560e-02   1.198915e-02  -5.022935e-01   0.000000e+00   0.000000e+00  -0.000000e+00   2.402510e-02   8.102379e-02   3.691554e-07
   1.577991e-05   1.674244e-02   1.181746e-02  -3.270890e-02   0.000000e+00   0.000000e+00  -0.000000e+00   4.582362e-04  -2.179676e-03   6.006016e-08
   1.577991e-05   1.841575e-02   1.159722e-02  -6.900731e-01   0.000000e+00   0.000000e+00  -0.000000e+00  -1.024755e-02  -3.290352e-01   4.868197e-07
   1.577991e-05   1.366825e-02   9.027614e-03  -5.086097e-01   0.000000e+00   0.000000e+00  -0.000000e+00  -1.290099e-01  -1.104505e-01   3.699291e-07
                                               -8.097652e+00   0.000000e+00   0.000000e+00   0.000000e+00  -3.036216e-01  -8.594092e-02   2.353433e-07

              2
             20
          pos_x          pos_y          pos_z       normal_x       normal_y       normal_z        tangt_x        tangt_y        tangt_z          pentr
   1.991652e-02   3.270394e-03   3.301875e-03   3.038710e+00   0.000000e+00   0.000000e+00  -0.000000e+00  -1.180599e-01   1.267463e+00   9.801049e-07
   1.991652e-02   6.201892e-03   7.522351e-03   9.696944e-01   0.000000e+00   0.000000e+00  -0.000000e+00   2.462062e-01   4.658719e-02   5.532676e-07
   1.991652e-02   9.716050e-03   1.068999e-03   1.544837e+00   0.000000e+00   0.000000e+00  -0.000000e+00   5.717552e-01  -5.379765e-02   7.167629e-07
   1.991652e-02   9.039673e-03   1.613130e-02   2.496751e-01   0.000000e+00   0.000000e+00  -0.000000e+00   7.146568e-02   7.072820e-02   2.216919e-07
   1.991652e-02   2.160196e-03   1.548260e-02   2.391612e-02   0.000000e+00   0.000000e+00  -0.000000e+00  -2.436245e-03   5.233980e-03   4.935060e-08
   1.991652e-02   5.283603e-03   1.598259e-02   3.320336e-03   0.000000e+00   0.000000e+00   0.000000e+00   1.620821e-03   3.592995e-04   1.223548e-08
   1.991652e-02   4.655140e-03   1.257876e-02   2.183913e-01   0.000000e+00   0.000000e+00  -0.000000e+00   6.925452e-02  -4.316453e-02   2.086977e-07
   1.991652e-02   3.521901e-03   1.085676e-02   1.940266e-01   0.000000e+00   0.000000e+00  -0.000000e+00   2.964283e-02   1.498877e-02   1.944808e-07
   1.991652e-02   6.738640e-03   1.044787e-02   3.479141e-01   0.000000e+00   0.000000e+00  -0.000000e+00   1.472851e-01  -6.302699e-02   2.178905e-07
   1.991652e-02   1.883989e-02   1.153319e-03   4.364983e-02   0.000000e+00   0.000000e+00  -0.000000e+00   1.138527e-02  -1.298222e-02   8.933454e-08
   1.991652e-02   1.497392e-02   3.663468e-03   2.895068e-01   0.000000e+00   0.000000e+00  -0.000000e+00   7.035031e-02  -9.234427e-02   2.189097e-07
   1.991652e-02   1.694726e-02   4.756200e-03   1.386894e-01   0.000000e+00   0.000000e+00  -0.000000e+00  -6.908787e-03   8.551373e-03   1.781357e-07
   1.991652e-02   1.236553e-02   3.925717e-03   1.554778e-01   0.000000e+00   0.000000e+00  -0.000000e+00   1.942910e-02   3.006601e-02   1.559621e-07
   1.991652e-02   1.217610e-02   6.979393e-04   3.226931e-02   0.000000e+00   0.000000e+00  -0.000000e+00  -3.218460e-03   5.081202e-03   7.865763e-08
   1.991652e-02   1.365867e-02   8.514065e-03   1.484962e-01   0.000000e+00   0.000000e+00  -0.000000e+00   7.818762e-03  -3.234629e-02   1.525420e-07
   1.991652e-02   1.872268e-02   9.724198e-03   6.587584e-03   0.000000e+00   0.000000e+00  -0.000000e+00   6.499456e-04   1.485016e-03   1.757670e-08
   1.991652e-02   1.557599e-02   1.520796e-02   8.463662e-02   0.000000e+00   0.000000e+00  -0.000000e+00   2.732072e-02   2.709205e-02   1.157812e-07
   1.991652e-02   1.113812e-02   1.354676e-02   2.238979e-02   0.000000e+00   0.000000e+00  -0.000000e+00   4.877725e-03   1.649423e-03   5.453071e-08
   1.991652e-02   1.284051e-02   1.225684e-02   1.099688e-01   0.000000e+00   0.000000e+00  -0.000000e+00   1.300932e-02  -3.102442e-04   1.369476e-07
   1.991652e-02   1.636182e-02   1.209134e-02   1.072666e-02   0.000000e+00   0.000000e+00  -0.000000e+00  -1.452715e-03   2.922874e-03   2.508235e-08
                                                7.632884e+00   0.000000e+00   0.000000e+00   0.000000e+00   1.159995e+00   1.184236e+00   2.188971e-07

              3
             25
          pos_x          pos_y          pos_z       normal_x       normal_y       normal_z        tangt_x        tangt_y        tangt_z          pentr
   6.125374e-03   2.672209e-05   9.727262e-04   0.000000e+00  -1.121280e-01   0.000000e+00  -8.537508e-03  -0.000000e+00   5.643584e-03   1.539715e-07
   6.483770e-04   2.672209e-05   1.844442e-03   0.000000e+00  -4.590773e-01   0.000000e+00   6.823001e-02  -0.000000e+00  -1.055982e-02   4.715752e-07
   3.899059e-03   2.672209e-05   1.967544e-03   0.000000e+00  -3.348192e-01   0.000000e+00  -9.279307e-02  -0.000000e+00   5.184704e-02   2.836961e-07
   2.091221e-03   2.672209e-05   3.532321e-03   0.000000e+00  -9.989331e-02   0.000000e+00  -2.105402e-02  -0.000000e+00   4.313781e-02   1.270289e-07
   1.433695e-03   2.672209e-05   8.589636e-03   0.000000e+00  -4.652537e-03   0.000000e+00   1.107270e-03  -0.000000e+00  -7.461620e-05   1.466779e-08
   3.870143e-03   2.672209e-05   6.445272e-03   0.000000e+00  -1.040980e-02   0.000000e+00  -1.474850e-03  -0.000000e+00  -1.399286e-03   3.189036e-08
   5.670057e-03   2.672209e-05   6.255235e-03   0.000000e+00  -9.246068e-02   0.000000e+00  -2.404281e-02  -0.000000e+00  -2.046426e-03   1.456780e-07
   9.615927e-03   2.672209e-05   1.410810e-03   0.000000e+00  -4.002710e-01   0.000000e+00  -1.395251e-01  -0.000000e+00   6.464838e-03   3.431862e-07
   4.135454e-03   2.672209e-05   1.577621e-02   0.000000e+00  -1.738033e-01   0.000000e+00   1.415943e-02  -0.000000e+00  -8.466264e-02   2.081863e-07
   4.886615e-03   2.672209e-05   1.295238e-02   0.000000e+00  -3.634491e-01   0.000000e+00   4.557920e-02  -0.000000e+00  -6.921903e-02   3.238562e-07
   8.248429e-03   2.672209e-05   1.246061e-02   0.000000e+00  -1.304097e-01   0.000000e+00  -3.020329e-02  -0.000000e+00   3.192428e-02   1.393164e-07
   2.561881e-03   2.672209e-05   1.257663e-02   0.000000e+00  -2.014435e-01   0.000000e+00   4.143756e-03  -0.000000e+00   1.938847e-03   2.496659e-07
   5.731676e-03   2.672209e-05   1.096767e-02   0.000000e+00  -8.163360e-01   0.000000e+00   2.211633e-01  -0.000000e+00  -7.073864e-02   6.016472e-07
   1.755914e-02   2.672209e-05   1.847268e-03   0.000000e+00  -1.405446e+00   0.000000e+00  -6.423651e-02  -0.000000e+00   1.697906e-01   6.838434e-07
   1.722742e-02   2.672209e-05   4.710728e-03   0.000000e+00  -1.457979e-01   0.000000e+00  -4.814871e-02  -0.000000e+00   2.214505e-02   1.437571e-07
   1.500924e-02   2.672209e-05   2.864200e-03   0.000000e+00  -2.584904e-01   0.000000e+00   1.807289e-03  -0.000000e+00   2.631654e-04   2.180822e-07
   1.274286e-02   2.672209e-05   1.478437e-03   0.000000e+00  -2.847927e-01   0.000000e+00  -1.027426e-01  -0.000000e+00   3.889442e-02   2.660622e-07
   1.285443e-02   2.672209e-05   5.091585e-03   0.000000e+00  -2.045000e-01   0.000000e+00  -2.001660e-02  -0.000000e+00   7.829100e-02   2.061064e-07
   1.082403e-02   2.672209e-05   6.297772e-03   0.000000e+00  -1.589889e-02   0.000000e+00  -2.571591e-03  -0.000000e+00   3.150893e-03   3.793186e-08
   1.037357e-02   2.672209e-05   3.302358e-03   0.000000e+00  -4.282874e-02   0.000000e+00  -1.665986e-02  -0.000000e+00  -5.938051e-03   6.191849e-08
   1.015566e-02   2.672209e-05   1.051840e-02   0.000000e+00  -8.928534e-01   0.000000e+00  -1.386957e-01  -0.000000e+00   9.431215e-02   5.536693e-07
   1.734066e-02   2.672209e-05   1.543431e-02   0.000000e+00  -1.295959e-01   0.000000e+00  -3.250314e-02  -0.000000e+00   4.585248e-02   1.336234e-07
   1.434281e-02   2.672209e-05   1.426040e-02   0.000000e+00  -5.960513e-01   0.000000e+00   7.335659e-02  -0.000000e+00   3.958662e-02   4.262993e-07
   1.598624e-02   2.672209e-05   1.257809e-02   0.000000e+00  -8.436917e-02   0.000000e+00  -1.038597e-02  -0.000000e+00   2.220369e-02   1.042597e-07
   1.294346e-02   2.672209e-05   1.197461e-02   0.000000e+00  -5.149458e-01   0.000000e+00  -1.691208e-01  -0.000000e+00  -8.570638e-02   4.522610e-07
                                                0.000000e+00  -7.774724e+00   0.000000e+00  -4.931652e-01   0.000000e+00   3.251016e-01   2.552872e-07

              4
             21
          pos_x          pos_y          pos_z       normal_x       normal_y       normal_z        tangt_x        tangt_y        tangt_z          pentr
   1.756559e-03   1.996464e-02   2.491715e-03   0.000000e+00   8.990949e-01   0.000000e+00   2.425537e-01  -0.000000e+00   1.261371e-01   4.908622e-07
   6.360831e-03   1.996464e-02   6.175672e-03   0.000000e+00   3.498769e-01   0.000000e+00   6.314384e-02  -0.000000e+00   3.987047e-02   2.830601e-07
   3.805278e-03   1.996464e-02   3.977302e-03   0.000000e+00   5.782610e-01   0.000000e+00   1.373279e-01  -0.000000e+00   7.868158e-02   3.537402e-07
   7.878170e-03   1.996464e-02   2.565398e-03   0.000000e+00   4.961355e-01   0.000000e+00  -3.069634e-02  -0.000000e+00   5.343083e-02   3.641638e-07
   1.675779e-03   1.996464e-02   4.803813e-03   0.000000e+00   1.280895e-01   0.000000e+00   3.441318e-02  -0.000000e+00  -2.311973e-02   1.657610e-07
   4.864748e-03   1.996464e-02   1.234948e-03   0.000000e+00   2.013146e-01   0.000000e+00   6.147165e-02  -0.000000e+00   2.480513e-03   1.842844e-07
   5.985329e-03   1.996464e-02   1.736108e-02   0.000000e+00   1.253018e+00   0.000000e+00   1.972610e-01  -0.000000e+00  -5.011697e-01   6.862560e-07
   7.816113e-03   1.996464e-02   1.585310e-02   0.000000e+00   5.810488e-01   0.000000e+00   1.585576e-01  -0.000000e+00  -1.643629e-01   4.974415e-07
   2.294306e-03   1.996464e-02   1.532682e-02   0.000000e+00   1.192584e+00   0.000000e+00   8.812036e-02  -0.000000e+00  -4.172362e-01   5.680755e-07
   1.667581e-03   1.996464e-02   1.106036e-02   0.000000e+00   6.146506e-01   0.000000e+00   6.579331e-02  -0.000000e+00  -2.318587e-01   4.226441e-07
   4.008179e-03   1.996464e-02   9.480460e-03   0.000000e+00   6.464937e-01   0.000000e+00  -6.083032e-03  -0.000000e+00  -2.291453e-01   3.226321e-07
   8.707994e-03   1.996464e-02   9.580269e-03   0.000000e+00   3.543923e-01   0.000000e+00   7.960061e-03  -0.000000e+00   2.814454e-02   2.675381e-07
   1.823818e-02   1.996464e-02   5.481857e-03   0.000000e+00   1.687019e-01   0.000000e+00   3.851280e-02  -0.000000e+00  -7.775266e-04   1.959836e-07
   1.755106e-02   1.996464e-02   2.793764e-03   0.000000e+00   1.233082e-01   0.000000e+00  -3.177977e-02  -0.000000e+00  -4.074501e-02   1.427776e-07
   1.464912e-02   1.996464e-02   3.925268e-03   0.000000e+00   2.760117e-04   0.000000e+00  -1.344794e-04   0.000000e+00  -3.099848e-05   2.629980e-09
   1.462734e-02   1.996464e-02   5.777810e-03   0.000000e+00   1.103736e-03   0.000000e+00   1.715120e-04   0.000000e+00  -5.245398e-04   6.364537e-09
   1.171295e-02   1.996464e-02   5.338835e-03   0.000000e+00   2.515679e-03   0.000000e+00  -5.241637e-05   0.000000e+00  -1.256747e-03   1.012627e-08
   1.164619e-02   1.996464e-02   8.908371e-03   0.000000e+00   3.457047e-03   0.000000e+00   3.596314e-04  -0.000000e+00  -2.392942e-04   1.199370e-08
   1.220708e-02   1.996464e-02   1.417976e-02   0.000000e+00   8.944501e-02   0.000000e+00   2.169785e-02  -0.000000e+00   3.208790e-02   1.328407e-07
   1.215003e-02   1.996464e-02   1.153454e-02   0.000000e+00   5.703342e-02   0.000000e+00  -2.118073e-02  -0.000000e+00  -7.812790e-04   7.109487e-08
   1.648978e-02   1.996464e-02   9.521662e-03   0.000000e+00   4.901203e-02   0.000000e+00  -6.953250e-03  -0.000000e+00   9.195616e-03   8.481187e-08
                                                0.000000e+00   7.789812e+00   0.000000e+00   1.020464e+00   0.000000e+00  -1.241219e+00   2.507182e-07

              5
             27
          pos_x          pos_y          pos_z       normal_x       normal_y       normal_z        tangt_x        tangt_y        tangt_z          pentr
   2.210652e-03   1.570793e-03   7.369987e-06   0.000000e+00   0.000000e+00  -3.845659e-01   1.229989e-01   1.079791e-02  -0.000000e+00   2.677848e-07
   6.300036e-03   1.433940e-03   7.369987e-06   0.000000e+00   0.000000e+00  -2.026402e-01  -4.238594e-02  -6.439613e-04  -0.000000e+00   1.749370e-07
   6.071057e-03   9.012986e-03   7.369987e-06   0.000000e+00   0.000000e+00  -1.047636e-01  -1.516134e-02   2.500395e-02  -0.000000e+00   1.573602e-07
   1.143692e-03   9.664816e-03   7.369987e-06   0.000000e+00   0.000000e+00  -1.731730e-02   1.804495e-03  -4.026815e-03  -0.000000e+00   3.714579e-08
   3.971533e-03   9.218091e-03   7.369987e-06   0.000000e+00   0.000000e+00  -4.603305e-02  -2.249076e-03  -2.141435e-02  -0.000000e+00   6.309164e-08
   3.379616e-03   3.036624e-03   7.369987e-06   0.000000e+00   0.000000e+00  -4.368199e-01   3.531020e-03  -6.097026e-02  -0.000000e+00   4.149115e-07
   4.975485e-03   3.748565e-03   7.369987e-06   0.000000e+00   0.000000e+00  -2.826218e-01  -1.012380e-01  -2.597912e-04  -0.000000e+00   2.609260e-07
   8.475370e-03   5.211266e-03   7.369987e-06   0.000000e+00   0.000000e+00  -4.842126e-01   6.460087e-02  -6.674777e-03  -0.000000e+00   3.270944e-07
   8.319377e-03   8.033360e-03   7.369987e-06   0.000000e+00   0.000000e+00  -4.844715e-01   8.284861e-02  -8.171830e-02  -0.000000e+00   3.206116e-07
   9.264820e-03   2.258430e-03   7.369987e-06   0.000000e+00   0.000000e+00  -2.545202e-01  -9.763522e-02   8.583428e-03  -0.000000e+00   1.847334e-07
   1.115589e-03   1.842361e-02   7.369987e-06   0.000000e+00   0.000000e+00  -1.372111e+00   2.018318e-02  -1.482959e-01  -0.000000e+00   6.427254e-07
   4.079669e-03   1.871983e-02   7.369987e-06   0.000000e+00   0.000000e+00  -1.175277e-01   3.015079e-03  -5.029017e-02  -0.000000e+00   1.311796e-07
   2.325900e-03   1.683991e-02   7.369987e-06   0.000000e+00   0.000000e+00  -9.176955e-02  -1.722692e-02  -3.166052e-02  -0.000000e+00   1.346943e-07
   6.844991e-03   1.508026e-02   7.369987e-06   0.000000e+00   0.000000e+00  -3.433238e-01  -1.166767e-01   2.155031e-02  -0.000000e+00   2.815188e-07
   3.075525e-03   1.262704e-02   7.369987e-06   0.000000e+00   0.000000e+00  -4.588283e-01  -4.259963e-02   8.113522e-04  -0.000000e+00   3.436365e-07
   1.797815e-02   5.702147e-03   7.369987e-06   0.000000e+00   0.000000e+00  -3.842430e-01  -1.105817e-01   1.161940e-04  -0.000000e+00   2.940964e-07
   1.603651e-02   8.032665e-03   7.369987e-06   0.000000e+00   0.000000e+00  -2.638710e-01  -1.100976e-01  -4.907230e-02  -0.000000e+00   2.417259e-07
   1.695898e-02   1.942102e-03   7.369987e-06   0.000000e+00   0.000000e+00  -1.349314e+00  -4.483413e-01   2.055504e-01  -0.000000e+00   6.661201e-07
   1.252171e-02   4.993086e-03   7.369987e-06   0.000000e+00   0.000000e+00  -5.806459e-02  -1.365425e-02   1.012663e-02  -0.000000e+00   9.830189e-08
   1.545328e-02   4.845402e-03   7.369987e-06   0.000000e+00   0.000000e+00  -1.401049e-01  -2.682832e-04  -6.714042e-02  -0.000000e+00   1.770732e-07
   1.241542e-02   1.726251e-03   7.369987e-06   0.000000e+00   0.000000e+00  -1.830936e-01  -6.192004e-02  -3.550633e-03  -0.000000e+00   1.850423e-07
   1.879809e-02   9.212740e-03   7.369987e-06   0.000000e+00   0.000000e+00  -3.851415e-01  -1.582372e-01   3.480267e-02  -0.000000e+00   2.695010e-07
   1.868203e-02   1.895184e-02   7.369987e-06   0.000000e+00   0.000000e+00  -5.166762e-02  -1.715199e-02   1.372366e-02  -0.000000e+00   9.526784e-08
   1.501308e-02   1.675774e-02   7.369987e-06   0.000000e+00   0.000000e+00  -2.572322e-02  -7.014816e-03   4.440870e-03  -0.000000e+00   4.899989e-08
   1.886244e-02   1.194018e-02   7.369987e-06   0.000000e+00   0.000000e+00  -1.651249e-02  -6.677534e-04  -1.282426e-03  -0.000000e+00   3.748363e-08
   1.600900e-02   1.166544e-02   7.369987e-06   0.000000e+00   0.000000e+00  -1.545138e-01  -8.034454e-03  -1.162314e-02  -0.000000e+00   1.642791e-07
   1.125957e-02   1.108301e-02   7.369987e-06   0.000000e+00   0.000000e+00  -7.046103e-01  -2.446620e-01   1.921502e-01  -0.000000e+00   3.462247e-07
                                                0.000000e+00   0.000000e+00  -8.798386e+00  -1.316822e+00  -1.096611e-02   0.000000e+00   2.357951e-07

              6
             11
          pos_x          pos_y          pos_z       normal_x       normal_y       normal_z        tangt_x        tangt_y        tangt_z          pentr
   1.598951e-03   8.885951e-03   1.830134e-02   0.000000e+00   0.000000e+00   2.143419e-02   4.840955e-03   2.588925e-04  -0.000000e+00   3.537870e-08
   4.864188e-03   1.124475e-03   1.830134e-02   0.000000e+00   0.000000e+00   5.320937e-01   1.830299e-01  -9.631821e-02  -0.000000e+00   4.934440e-07
   3.374413e-03   1.579981e-02   1.830134e-02   0.000000e+00   0.000000e+00   4.175878e+00   5.710812e-01  -1.412985e+00  -0.000000e+00   1.095718e-06
   6.404742e-03   1.884906e-02   1.830134e-02   0.000000e+00   0.000000e+00   1.588083e+00   3.724875e-02  -4.549023e-01  -0.000000e+00   7.217839e-07
   8.371865e-03   1.366778e-02   1.830134e-02   0.000000e+00   0.000000e+00   3.270944e-02  -1.074585e-02   1.617255e-03  -0.000000e+00   5.400587e-08
   1.592458e-02   7.520899e-03   1.830134e-02   0.000000e+00   0.000000e+00   3.461706e-02  -2.893000e-03  -9.369412e-03  -0.000000e+00   5.042368e-08
   1.402212e-02   4.651248e-03   1.830134e-02   0.000000e+00   0.000000e+00   6.709788e-01   8.311283e-02   3.154069e-01  -0.000000e+00   4.463036e-07
   1.208388e-02   8.254969e-03   1.830134e-02   0.000000e+00   0.000000e+00   1.249390e+00   2.083537e-01   4.111651e-01  -0.000000e+00   6.054668e-07
   1.220226e-02   1.384437e-02   1.830134e-02   0.000000e+00   0.000000e+00   1.309224e-02  -2.049645e-03  -2.054074e-03  -0.000000e+00   3.899258e-08
   1.511215e-02   1.517739e-02   1.830134e-02   0.000000e+00   0.000000e+00   1.220295e-01  -6.827974e-03  -4.552107e-03  -0.000000e+00   1.345091e-07
   1.304371e-02   1.870841e-02   1.830134e-02   0.000000e+00   0.000000e+00   4.555599e-02   8.019332e-05   1.705228e-03  -0.000000e+00   6.771694e-08
                                                0.000000e+00   0.000000e+00   8.485862e+00   1.065231e+00  -1.250028e+00   0.000000e+00   3.403403e-07

