   0.000000e+00   0.000000e+00   0.000000e+00   2.000000e-02   2.000000e-02   2.000000e-02

              6

              1              1
              1             -1              0              0   0.000000e+00   1.000000e-02   1.000000e-02

              1              1
              2              1              0              0   2.000000e-02   1.000000e-02   1.000000e-02

              1              1
              3              0             -1              0   1.000000e-02   0.000000e+00   1.000000e-02

              1              1
              4              0              1              0   1.000000e-02   2.000000e-02   1.000000e-02

              1              0
              5              0              0             -1   1.000000e-02   1.000000e-02   0.000000e+00

              1              0
              6              0              0              1   1.000000e-02   1.000000e-02   2.000000e-02

