   1.759734e-05   3.050661e-05   1.127518e-05   1.990379e-02   1.995564e-02   1.827512e-02

              6

              1              0
              1  -1.000000e+00   0.000000e+00   0.000000e+00   1.759734e-05   1.000000e-02   1.000000e-02

              1              0
              2   1.000000e+00   0.000000e+00   0.000000e+00   1.990379e-02   1.000000e-02   1.000000e-02

              1              0
              3   0.000000e+00  -1.000000e+00   0.000000e+00   1.000000e-02   3.050661e-05   1.000000e-02

              1              0
              4   0.000000e+00   1.000000e+00   0.000000e+00   1.000000e-02   1.995564e-02   1.000000e-02

              1              0
              5   0.000000e+00   0.000000e+00  -1.000000e+00   1.000000e-02   1.000000e-02   1.127518e-05

              1              0
              6   0.000000e+00   0.000000e+00   1.000000e+00   1.000000e-02   1.000000e-02   1.827512e-02
