   4.989260e-05   4.989490e-05   4.990985e-05   1.995007e-02   1.995007e-02   1.903159e-02

              6

              1              0
              1  -1.000000e+00   0.000000e+00   0.000000e+00   4.989260e-05   1.000000e-02   1.000000e-02

              1              0
              2   1.000000e+00   0.000000e+00   0.000000e+00   1.995007e-02   1.000000e-02   1.000000e-02

              1              0
              3   0.000000e+00  -1.000000e+00   0.000000e+00   1.000000e-02   4.989490e-05   1.000000e-02

              1              0
              4   0.000000e+00   1.000000e+00   0.000000e+00   1.000000e-02   1.995007e-02   1.000000e-02

              1              0
              5   0.000000e+00   0.000000e+00  -1.000000e+00   1.000000e-02   1.000000e-02   4.990985e-05

              1              0
              6   0.000000e+00   0.000000e+00   1.000000e+00   1.000000e-02   1.000000e-02   1.903159e-02
