              6

              1
             35
          pos_x          pos_y          pos_z       normal_x       normal_y       normal_z        tangt_x        tangt_y        tangt_z          pentr
   2.390536e-04   3.339048e-03   1.302087e-03  -3.273398e-04   0.000000e+00   0.000000e+00  -0.000000e+00   3.361222e-05   1.460267e-04   3.548642e-09
   2.390536e-04   9.070705e-03   1.470714e-03  -7.579009e-04   0.000000e+00   0.000000e+00  -0.000000e+00  -3.024639e-05   3.344734e-04   4.107907e-09
   2.390536e-04   1.315515e-03   2.229941e-03  -4.201197e-09   0.000000e+00   0.000000e+00   0.000000e+00  -1.667192e-09   1.277883e-09   1.509268e-12
   2.390536e-04   3.895988e-03   2.669815e-03  -1.630321e-10   0.000000e+00   0.000000e+00  -0.000000e+00  -2.786470e-11   3.638016e-11   1.801555e-13
   2.390536e-04   6.186533e-03   8.445730e-04  -5.012494e-09   0.000000e+00   0.000000e+00   0.000000e+00   2.194187e-09   1.211122e-09   2.012636e-12
   2.390536e-04   1.523951e-03   6.411972e-03  -3.093242e-03   0.000000e+00   0.000000e+00  -0.000000e+00   3.045253e-04   5.660071e-04   1.454697e-08
   2.390536e-04   6.102842e-03   5.571557e-03  -1.413933e-03   0.000000e+00   0.000000e+00  -0.000000e+00   4.357014e-04   1.089512e-04   6.485547e-09
   2.390536e-04   1.337460e-03   9.189673e-03  -6.862416e-04   0.000000e+00   0.000000e+00  -0.000000e+00   2.340586e-04   2.326812e-04   4.908483e-09
   2.390536e-04   1.249548e-03   4.047312e-03  -9.530361e-05   0.000000e+00   0.000000e+00   0.000000e+00   4.719151e-05   6.607303e-06   1.325543e-09
   2.390536e-04   6.618818e-03   8.229111e-03  -3.366493e-09   0.000000e+00   0.000000e+00   0.000000e+00   1.683018e-09  -2.775859e-11   1.479326e-12
   2.390536e-04   4.997925e-03   7.602845e-03  -4.500814e-04   0.000000e+00   0.000000e+00  -0.000000e+00  -8.703466e-06  -4.938966e-05   3.364948e-09
   2.390536e-04   8.472726e-03   1.739945e-02  -8.154672e-04   0.000000e+00   0.000000e+00  -0.000000e+00  -2.176078e-05  -3.771847e-05   4.973718e-09
   2.390536e-04   1.323794e-03   1.680304e-02  -9.645890e-05   0.000000e+00   0.000000e+00  -0.000000e+00   1.873656e-05  -5.475990e-06   1.452338e-09
   2.390536e-04   5.711664e-03   1.580090e-02  -9.334868e-04   0.000000e+00   0.000000e+00  -0.000000e+00  -1.361118e-04  -3.081476e-04   4.372718e-09
   2.390536e-04   1.267388e-03   1.407106e-02  -2.442719e-04   0.000000e+00   0.000000e+00  -0.000000e+00   6.417066e-05  -2.741527e-05   2.713439e-09
   2.390536e-04   1.784439e-02   1.056317e-03  -3.955014e-03   0.000000e+00   0.000000e+00  -0.000000e+00  -8.901716e-04   1.451210e-03   1.562195e-08
   2.390536e-04   1.789691e-02   5.255880e-03  -9.114232e-04   0.000000e+00   0.000000e+00  -0.000000e+00  -2.912397e-04   3.488196e-04   5.660060e-09
   2.390536e-04   1.805589e-02   7.461440e-03  -2.364832e-04   0.000000e+00   0.000000e+00  -0.000000e+00  -1.105982e-04   8.793590e-06   2.476306e-09
   2.390536e-04   1.703607e-02   3.076068e-03  -6.610281e-06   0.000000e+00   0.000000e+00  -0.000000e+00  -1.210106e-06   1.927930e-06   1.994154e-10
   2.390536e-04   1.536630e-02   1.328892e-03  -8.988315e-05   0.000000e+00   0.000000e+00  -0.000000e+00  -3.754001e-06   1.170084e-05   1.338323e-09
   2.390536e-04   1.503685e-02   7.127594e-03  -1.672558e-09   0.000000e+00   0.000000e+00  -0.000000e+00   1.841061e-10   5.768961e-10   9.143977e-13
   2.390536e-04   1.143148e-02   1.999990e-03  -6.528248e-06   0.000000e+00   0.000000e+00  -0.000000e+00   1.512632e-06   1.846671e-07   2.370118e-10
   2.390536e-04   1.568476e-02   4.624982e-03  -2.484532e-05   0.000000e+00   0.000000e+00  -0.000000e+00  -1.049886e-05   4.749863e-06   5.940881e-10
   2.390536e-04   1.573140e-02   9.038015e-03  -1.955392e-04   0.000000e+00   0.000000e+00  -0.000000e+00  -2.551113e-06  -5.316195e-07   2.014773e-09
   2.390536e-04   1.680026e-02   6.183920e-03  -1.685998e-09   0.000000e+00   0.000000e+00  -0.000000e+00   2.197369e-10   7.699545e-10   9.483411e-13
   2.390536e-04   1.255211e-02   8.322261e-04  -5.020427e-04   0.000000e+00   0.000000e+00  -0.000000e+00   1.920806e-06   1.665730e-04   4.829509e-09
   2.390536e-04   1.180478e-02   4.954205e-03  -5.855870e-04   0.000000e+00   0.000000e+00  -0.000000e+00   2.397889e-04   7.540924e-05   3.913269e-09
   2.390536e-04   1.160278e-02   7.571396e-03  -4.806922e-04   0.000000e+00   0.000000e+00  -0.000000e+00   1.949954e-04   8.147582e-05   4.102425e-09
   2.390536e-04   1.348290e-02   6.809616e-03  -1.264818e-09   0.000000e+00   0.000000e+00   0.000000e+00  -9.733488e-11   6.248736e-10   7.054120e-13
   2.390536e-04   1.170502e-02   1.752941e-02  -3.050109e-04   0.000000e+00   0.000000e+00  -0.000000e+00  -3.770994e-05  -1.293899e-04   2.989083e-09
   2.390536e-04   1.408802e-02   1.555762e-02  -5.484451e-04   0.000000e+00   0.000000e+00  -0.000000e+00  -4.769010e-05   1.948702e-04   3.443569e-09
   2.390536e-04   1.722541e-02   1.482621e-02  -6.787966e-04   0.000000e+00   0.000000e+00  -0.000000e+00  -2.981298e-04  -6.305703e-05   3.725365e-09
   2.390536e-04   1.428860e-02   1.237734e-02  -5.853599e-04   0.000000e+00   0.000000e+00  -0.000000e+00  -2.438704e-05   2.836110e-04   4.063068e-09
   2.390536e-04   1.817420e-02   1.222389e-02  -2.609969e-04   0.000000e+00   0.000000e+00   0.000000e+00  -1.261246e-04   3.350288e-05   2.531195e-09
   2.390536e-04   1.021408e-02   1.002849e-02  -3.235167e-04   0.000000e+00   0.000000e+00  -0.000000e+00  -5.059164e-05   8.511076e-05   2.725520e-09
                                               -1.861052e-02   0.000000e+00   0.000000e+00   0.000000e+00  -5.152625e-04   3.521566e-03   3.207798e-09

              2
             24
          pos_x          pos_y          pos_z       normal_x       normal_y       normal_z        tangt_x        tangt_y        tangt_z          pentr
   1.976008e-02   3.506026e-03   3.550268e-03   5.040210e-03   0.000000e+00   0.000000e+00  -0.000000e+00   5.428333e-04   1.055630e-03   1.379781e-08
   1.976008e-02   7.012457e-03   2.384194e-03   1.291017e-03   0.000000e+00   0.000000e+00  -0.000000e+00   3.443339e-04   1.768367e-04   6.428435e-09
   1.976008e-02   2.399293e-03   6.457707e-03   3.852688e-04   0.000000e+00   0.000000e+00  -0.000000e+00   5.597582e-05   2.794782e-07   2.482547e-09
   1.976008e-02   5.663795e-03   5.558712e-03   1.256263e-04   0.000000e+00   0.000000e+00  -0.000000e+00   3.886446e-05   2.744205e-05   1.389820e-09
   1.976008e-02   7.303665e-03   8.108491e-03   4.300343e-05   0.000000e+00   0.000000e+00  -0.000000e+00   1.311590e-05   2.870661e-06   7.265717e-10
   1.976008e-02   9.467953e-03   3.301769e-03   1.414389e-10   0.000000e+00   0.000000e+00   0.000000e+00  -1.731885e-11   6.856599e-11   1.918049e-13
   1.976008e-02   9.778329e-03   1.390179e-03   7.898292e-04   0.000000e+00   0.000000e+00  -0.000000e+00   2.218875e-04  -9.619572e-05   4.528198e-09
   1.976008e-02   1.360037e-03   9.640589e-03   6.774958e-04   0.000000e+00   0.000000e+00  -0.000000e+00   7.643614e-05   2.136590e-05   4.737599e-09
   1.976008e-02   2.391655e-03   1.522473e-02   4.702443e-04   0.000000e+00   0.000000e+00  -0.000000e+00   9.639038e-05   3.667333e-06   3.592456e-09
   1.976008e-02   4.846319e-03   1.560585e-02   6.775131e-09   0.000000e+00   0.000000e+00  -0.000000e+00   7.160516e-10  -5.494404e-11   2.090089e-12
   1.976008e-02   6.882213e-03   1.111689e-02   8.888504e-05   0.000000e+00   0.000000e+00  -0.000000e+00   3.065607e-05  -2.212671e-05   1.097542e-09
   1.976008e-02   9.323035e-03   1.150663e-02   1.627454e-09   0.000000e+00   0.000000e+00  -0.000000e+00  -3.313419e-11   7.822693e-11   7.916411e-13
   1.976008e-02   1.910234e-02   1.352526e-03   2.262401e-04   0.000000e+00   0.000000e+00  -0.000000e+00  -7.731556e-05   5.479304e-05   2.780399e-09
   1.976008e-02   1.457738e-02   4.392537e-03   1.662186e-09   0.000000e+00   0.000000e+00  -0.000000e+00  -2.012324e-10   6.525940e-10   8.150459e-13
   1.976008e-02   1.815229e-02   4.521743e-03   2.762911e-08   0.000000e+00   0.000000e+00  -0.000000e+00   1.375495e-09  -5.118449e-09   6.567059e-12
   1.976008e-02   1.806745e-02   5.896165e-03   1.833718e-04   0.000000e+00   0.000000e+00  -0.000000e+00  -1.729181e-05  -4.868684e-06   1.914554e-09
   1.976008e-02   1.398800e-02   9.901030e-04   7.770279e-04   0.000000e+00   0.000000e+00  -0.000000e+00  -2.155040e-04   1.038660e-04   6.173705e-09
   1.976008e-02   1.252094e-02   4.974715e-03   7.595802e-06   0.000000e+00   0.000000e+00  -0.000000e+00   1.476530e-06   2.008562e-06   1.843330e-10
   1.976008e-02   1.208614e-02   8.193847e-04   1.173400e-04   0.000000e+00   0.000000e+00  -0.000000e+00   1.792467e-05   3.662574e-05   1.794437e-09
   1.976008e-02   1.834809e-02   9.670415e-03   2.680013e-04   0.000000e+00   0.000000e+00  -0.000000e+00  -1.027453e-05   1.050788e-04   2.135374e-09
   1.976008e-02   1.474394e-02   1.685918e-02   4.148135e-04   0.000000e+00   0.000000e+00  -0.000000e+00  -2.444081e-05  -1.225370e-04   2.659207e-09
   1.976008e-02   1.902777e-02   1.673467e-02   2.224738e-04   0.000000e+00   0.000000e+00  -0.000000e+00  -3.738838e-06  -5.623239e-07   2.145505e-09
   1.976008e-02   1.643996e-02   1.178485e-02   5.792483e-05   0.000000e+00   0.000000e+00  -0.000000e+00   2.003080e-05   1.120579e-05   9.311480e-10
   1.976008e-02   1.189530e-02   1.226903e-02   8.723291e-09   0.000000e+00   0.000000e+00  -0.000000e+00   1.740408e-10   6.865771e-10   2.145353e-12
                                                1.118642e-02   0.000000e+00   0.000000e+00   0.000000e+00   1.111362e-03   1.355376e-03   2.479677e-09

              3
             28
          pos_x          pos_y          pos_z       normal_x       normal_y       normal_z        tangt_x        tangt_y        tangt_z          pentr
   2.478645e-03   2.378671e-04   1.172824e-03   0.000000e+00  -2.935664e-04   0.000000e+00  -4.128208e-05  -0.000000e+00   9.913781e-05   3.109515e-09
   6.219286e-03   2.378671e-04   1.128370e-03   0.000000e+00  -6.933930e-04   0.000000e+00   5.331871e-05  -0.000000e+00   2.876204e-04   5.399768e-09
   7.381489e-03   2.378671e-04   2.931311e-03   0.000000e+00  -5.923707e-04   0.000000e+00  -2.596726e-04  -0.000000e+00   4.293850e-05   3.618474e-09
   4.122081e-03   2.378671e-04   2.293801e-03   0.000000e+00  -1.395191e-04   0.000000e+00   3.930999e-05  -0.000000e+00   2.747829e-05   1.687514e-09
   1.863590e-03   2.378671e-04   6.518909e-03   0.000000e+00  -3.797913e-03   0.000000e+00   1.592493e-03  -0.000000e+00   7.121621e-04   1.459324e-08
   1.623277e-03   2.378671e-04   8.651645e-03   0.000000e+00  -9.491338e-04   0.000000e+00   2.379721e-04   0.000000e+00   4.105886e-04   5.053500e-09
   1.045392e-03   2.378671e-04   3.907534e-03   0.000000e+00  -1.196768e-04   0.000000e+00   1.037075e-05  -0.000000e+00  -1.678584e-06   1.785293e-09
   9.530510e-03   2.378671e-04   1.677269e-03   0.000000e+00  -2.383623e-03   0.000000e+00   3.067936e-04  -0.000000e+00   6.774894e-04   1.127246e-08
   8.187069e-03   2.378671e-04   9.450757e-03   0.000000e+00  -2.567687e-04   0.000000e+00   1.463281e-06  -0.000000e+00   7.990566e-06   2.482386e-09
   1.293691e-03   2.378671e-04   1.712418e-02   0.000000e+00  -9.917282e-05   0.000000e+00   2.259118e-05  -0.000000e+00   7.113070e-06   1.482024e-09
   1.824580e-03   2.378671e-04   1.451052e-02   0.000000e+00  -1.577539e-04   0.000000e+00   2.757063e-05  -0.000000e+00   7.524697e-06   1.509118e-09
   8.484023e-03   2.378671e-04   1.278001e-02   0.000000e+00  -1.481183e-06   0.000000e+00   2.671716e-07  -0.000000e+00  -5.506773e-07   6.570559e-11
   2.703169e-03   2.378671e-04   1.287253e-02   0.000000e+00  -1.832834e-10   0.000000e+00  -1.673265e-11  -0.000000e+00  -6.497925e-11   2.300129e-13
   1.174447e-03   2.378671e-04   1.087308e-02   0.000000e+00  -6.354648e-05   0.000000e+00  -3.839122e-06  -0.000000e+00   1.527461e-05   9.459855e-10
   5.710429e-03   2.378671e-04   1.113432e-02   0.000000e+00  -2.885634e-04   0.000000e+00  -3.932096e-05  -0.000000e+00   1.349021e-06   3.036516e-09
   8.304303e-03   2.378671e-04   1.762592e-02   0.000000e+00  -1.028924e-04   0.000000e+00   7.314904e-06   0.000000e+00  -5.092349e-05   1.512776e-09
   1.837502e-02   2.378671e-04   6.428354e-03   0.000000e+00  -5.684712e-04   0.000000e+00  -2.342433e-04  -0.000000e+00  -6.243347e-06   4.342530e-09
   1.738540e-02   2.378671e-04   2.055366e-03   0.000000e+00  -2.764545e-03   0.000000e+00  -1.768414e-04  -0.000000e+00   1.017533e-03   1.093022e-08
   1.698404e-02   2.378671e-04   4.925447e-03   0.000000e+00  -1.608248e-03   0.000000e+00  -1.727250e-04  -0.000000e+00   2.081466e-04   7.231540e-09
   1.497890e-02   2.378671e-04   3.269292e-03   0.000000e+00  -1.871315e-03   0.000000e+00  -3.444098e-05  -0.000000e+00   7.884629e-04   8.244257e-09
   1.520797e-02   2.378671e-04   1.069077e-03   0.000000e+00  -2.293614e-04   0.000000e+00   1.503230e-05  -0.000000e+00   1.107015e-04   2.833080e-09
   1.438467e-02   2.378671e-04   9.503343e-03   0.000000e+00  -1.517730e-04   0.000000e+00   2.858800e-06  -0.000000e+00   2.111023e-05   1.521056e-09
   1.003661e-02   2.378671e-04   4.050260e-03   0.000000e+00  -6.851675e-05   0.000000e+00  -1.781903e-05  -0.000000e+00   1.388643e-05   8.577607e-10
   1.836329e-02   2.378671e-04   9.538207e-03   0.000000e+00  -5.012265e-04   0.000000e+00  -1.599056e-04  -0.000000e+00   3.114235e-05   3.267798e-09
   1.423778e-02   2.378671e-04   1.147811e-02   0.000000e+00  -1.147340e-10   0.000000e+00   7.994992e-12  -0.000000e+00  -1.802846e-11   1.521346e-13
   1.721416e-02   2.378671e-04   1.513460e-02   0.000000e+00  -4.011226e-04   0.000000e+00  -1.523243e-04  -0.000000e+00  -6.022932e-06   2.879200e-09
   1.374216e-02   2.378671e-04   1.509939e-02   0.000000e+00  -1.618926e-04   0.000000e+00  -1.095146e-05  -0.000000e+00   5.940659e-05   1.645035e-09
   1.658022e-02   2.378671e-04   9.793423e-03   0.000000e+00  -2.717235e-10   0.000000e+00   1.196541e-21   0.000000e+00  -3.877334e-24   3.160304e-13
                                                0.000000e+00  -1.826585e-02   0.000000e+00   1.013991e-03   0.000000e+00   4.481637e-03   3.618123e-09

              4
             26
          pos_x          pos_y          pos_z       normal_x       normal_y       normal_z        tangt_x        tangt_y        tangt_z          pentr
   2.198578e-03   1.976008e-02   2.698725e-03   0.000000e+00   1.630908e-03   0.000000e+00   4.647580e-04  -0.000000e+00   6.424368e-04   7.544904e-09
   6.335417e-03   1.976008e-02   6.415850e-03   0.000000e+00   4.498573e-04   0.000000e+00   1.324981e-04  -0.000000e+00   8.112611e-05   3.521405e-09
   4.245351e-03   1.976008e-02   4.650101e-03   0.000000e+00   7.623096e-04   0.000000e+00   1.750856e-04  -0.000000e+00   2.408615e-04   4.188289e-09
   7.784322e-03   1.976008e-02   2.870848e-03   0.000000e+00   1.761371e-03   0.000000e+00   1.821717e-04  -0.000000e+00   2.750391e-04   8.573094e-09
   9.950842e-03   1.976008e-02   7.845439e-03   0.000000e+00   7.107863e-06   0.000000e+00  -2.860995e-06  -0.000000e+00  -1.188742e-06   2.269539e-10
   1.978015e-03   1.976008e-02   5.199525e-03   0.000000e+00   9.821287e-04   0.000000e+00   1.680510e-04  -0.000000e+00   2.839893e-04   6.231980e-09
   1.765854e-03   1.976008e-02   7.375684e-03   0.000000e+00   2.624188e-04   0.000000e+00   8.360048e-05  -0.000000e+00  -2.372123e-06   2.819163e-09
   5.069036e-03   1.976008e-02   1.500457e-03   0.000000e+00   6.106658e-04   0.000000e+00   2.481967e-04  -0.000000e+00   1.679089e-04   3.834635e-09
   8.388726e-03   1.976008e-02   9.256940e-03   0.000000e+00   9.764018e-04   0.000000e+00   4.463397e-04  -0.000000e+00   9.928783e-05   4.928028e-09
   1.017445e-02   1.976008e-02   1.401989e-03   0.000000e+00   9.103887e-05   0.000000e+00   1.581757e-06  -0.000000e+00   7.518628e-06   1.406986e-09
   8.876705e-03   1.976008e-02   1.772821e-02   0.000000e+00   1.765563e-10   0.000000e+00   1.560061e-11  -0.000000e+00   3.329527e-12   2.184052e-13
   7.641480e-03   1.976008e-02   1.639861e-02   0.000000e+00   5.502910e-10   0.000000e+00  -3.457000e-11  -0.000000e+00  -8.808274e-11   4.708491e-13
   5.151917e-03   1.976008e-02   1.548527e-02   0.000000e+00   1.662663e-04   0.000000e+00   4.361771e-05  -0.000000e+00   3.455120e-05   1.876542e-09
   2.527363e-03   1.976008e-02   1.546722e-02   0.000000e+00   8.700405e-04   0.000000e+00   2.518943e-04  -0.000000e+00   1.225993e-04   4.652987e-09
   1.006182e-02   1.976008e-02   1.517976e-02   0.000000e+00   9.250998e-04   0.000000e+00   3.737424e-04  -0.000000e+00   1.525646e-05   4.244658e-09
   1.974612e-03   1.976008e-02   1.181007e-02   0.000000e+00   2.548015e-04   0.000000e+00   1.162012e-05  -0.000000e+00  -2.283935e-06   2.365060e-09
   1.892077e-02   1.976008e-02   8.686100e-04   0.000000e+00   3.970531e-04   0.000000e+00  -1.042775e-04  -0.000000e+00   1.383097e-04   3.428894e-09
   1.840299e-02   1.976008e-02   6.388342e-03   0.000000e+00   2.288960e-04   0.000000e+00  -7.730014e-05  -0.000000e+00   2.823901e-05   2.572066e-09
   1.573328e-02   1.976008e-02   3.381374e-03   0.000000e+00   9.733000e-05   0.000000e+00  -2.246334e-05  -0.000000e+00   2.423756e-05   1.581860e-09
   1.566122e-02   1.976008e-02   1.084934e-03   0.000000e+00   9.646435e-05   0.000000e+00  -2.180041e-06  -0.000000e+00   2.945499e-05   1.220726e-09
   1.194965e-02   1.976008e-02   2.423795e-03   0.000000e+00   5.613253e-04   0.000000e+00  -1.225016e-04  -0.000000e+00   1.157184e-04   3.406439e-09
   1.142474e-02   1.976008e-02   5.708076e-03   0.000000e+00   5.421952e-05   0.000000e+00   2.331553e-05  -0.000000e+00   3.447430e-07   7.808268e-10
   1.687419e-02   1.976008e-02   8.570918e-03   0.000000e+00   1.996026e-04   0.000000e+00  -4.351606e-05  -0.000000e+00  -2.485098e-05   1.932697e-09
   1.077363e-02   1.976008e-02   1.818699e-02   0.000000e+00   1.182480e-04   0.000000e+00   9.725421e-06  -0.000000e+00  -4.911916e-05   1.945732e-09
   1.910484e-02   1.976008e-02   1.684654e-02   0.000000e+00   2.534325e-04   0.000000e+00  -9.249371e-05  -0.000000e+00   1.586083e-05   2.542221e-09
   1.677893e-02   1.976008e-02   1.331359e-02   0.000000e+00   2.513631e-09   0.000000e+00  -6.829407e-10  -0.000000e+00   3.176158e-10   8.699430e-13
                                                0.000000e+00   1.175699e-02   0.000000e+00   2.148604e-03   0.000000e+00   2.242926e-03   2.916450e-09

              5
             37
          pos_x          pos_y          pos_z       normal_x       normal_y       normal_z        tangt_x        tangt_y        tangt_z          pentr
   2.610332e-03   1.707153e-03   2.364366e-04   0.000000e+00   0.000000e+00  -3.604690e-04   3.564368e-05   1.249978e-04  -0.000000e+00   2.635541e-09
   6.279930e-03   1.629935e-03   2.364366e-04   0.000000e+00   0.000000e+00  -5.197078e-04   2.376893e-05   2.241961e-04  -0.000000e+00   3.281819e-09
   1.517687e-03   3.387051e-03   2.364366e-04   0.000000e+00   0.000000e+00  -1.974597e-04   8.503655e-05   2.055764e-05  -0.000000e+00   2.238220e-09
   6.214389e-03   8.939068e-03   2.364366e-04   0.000000e+00   0.000000e+00  -8.410144e-04   3.246348e-05   1.696560e-05  -0.000000e+00   6.171039e-09
   1.329222e-03   9.634976e-03   2.364366e-04   0.000000e+00   0.000000e+00  -6.411938e-04   1.501824e-04   8.811905e-05  -0.000000e+00   4.097033e-09
   8.558204e-04   6.579618e-03   2.364366e-04   0.000000e+00   0.000000e+00  -3.321975e-09   1.225049e-09  -1.121666e-09   0.000000e+00   1.476432e-12
   2.594240e-03   6.728010e-03   2.364366e-04   0.000000e+00   0.000000e+00  -2.227252e-04   3.135531e-05  -1.473765e-05  -0.000000e+00   2.118181e-09
   4.059568e-03   8.949053e-03   2.364366e-04   0.000000e+00   0.000000e+00  -1.051652e-03   2.938286e-04   3.244392e-04  -0.000000e+00   5.050890e-09
   5.326097e-03   3.468666e-03   2.364366e-04   0.000000e+00   0.000000e+00  -1.405092e-09  -9.937383e-11  -5.778269e-11  -0.000000e+00   7.220583e-13
   8.473074e-03   5.020363e-03   2.364366e-04   0.000000e+00   0.000000e+00  -6.678437e-04   1.642555e-05   6.160646e-06  -0.000000e+00   4.434123e-09
   9.209854e-03   2.518091e-03   2.364366e-04   0.000000e+00   0.000000e+00  -3.347334e-03  -4.350828e-05   2.507139e-04  -0.000000e+00   1.032505e-08
   1.299814e-03   1.816760e-02   2.364366e-04   0.000000e+00   0.000000e+00  -4.376739e-03   5.639264e-04  -2.437376e-05  -0.000000e+00   1.369563e-08
   4.297306e-03   1.850763e-02   2.364366e-04   0.000000e+00   0.000000e+00  -1.085716e-04   9.569347e-06  -5.343574e-05   0.000000e+00   1.259764e-09
   2.650608e-03   1.663557e-02   2.364366e-04   0.000000e+00   0.000000e+00  -1.344894e-09   1.918701e-10  -9.740945e-11  -0.000000e+00   7.446842e-13
   6.572402e-03   1.807477e-02   2.364366e-04   0.000000e+00   0.000000e+00  -6.536223e-05   8.710410e-06  -3.149285e-06  -0.000000e+00   9.360534e-10
   1.250202e-03   1.574137e-02   2.364366e-04   0.000000e+00   0.000000e+00  -9.762391e-05   4.184054e-05   1.561776e-05  -0.000000e+00   1.525190e-09
   7.033730e-03   1.497704e-02   2.364366e-04   0.000000e+00   0.000000e+00  -4.679141e-09  -3.595880e-10  -2.311771e-09   0.000000e+00   1.624318e-12
   3.399031e-03   1.250884e-02   2.364366e-04   0.000000e+00   0.000000e+00  -2.816738e-09  -1.076681e-10   2.974744e-10  -0.000000e+00   1.143108e-12
   5.214257e-03   1.590781e-02   2.364366e-04   0.000000e+00   0.000000e+00  -6.492122e-04   6.197108e-05  -2.769128e-04  -0.000000e+00   3.806166e-09
   9.176512e-03   1.333910e-02   2.364366e-04   0.000000e+00   0.000000e+00  -6.523698e-04   1.851231e-04  -2.260490e-04  -0.000000e+00   4.393812e-09
   1.135810e-03   1.236924e-02   2.364366e-04   0.000000e+00   0.000000e+00  -4.099025e-04   1.992335e-05  -1.388230e-05  -0.000000e+00   3.159907e-09
   7.176570e-03   1.085721e-02   2.364366e-04   0.000000e+00   0.000000e+00  -2.286231e-04  -3.376264e-05  -1.075926e-04  -0.000000e+00   1.921313e-09
   9.711040e-03   1.524544e-02   2.364366e-04   0.000000e+00   0.000000e+00  -6.931867e-09  -2.047046e-09   2.589427e-09  -0.000000e+00   2.175582e-12
   9.940346e-03   1.878879e-02   2.364366e-04   0.000000e+00   0.000000e+00  -1.093116e-04  -6.532459e-07  -2.725120e-06  -0.000000e+00   1.792684e-09
   1.766242e-02   5.837238e-03   2.364366e-04   0.000000e+00   0.000000e+00  -1.724601e-03  -7.621532e-04   2.728066e-04  -0.000000e+00   8.008997e-09
   1.681981e-02   2.191397e-03   2.364366e-04   0.000000e+00   0.000000e+00  -4.203487e-03  -1.029751e-03   1.459741e-03  -0.000000e+00   1.415512e-08
   1.825693e-02   3.964458e-03   2.364366e-04   0.000000e+00   0.000000e+00  -3.740279e-10   5.327821e-11  -1.414131e-10  -0.000000e+00   2.972258e-13
   1.494650e-02   1.390643e-03   2.364366e-04   0.000000e+00   0.000000e+00  -1.451784e-04  -1.337197e-06   4.475567e-06  -0.000000e+00   1.663735e-09
   1.383633e-02   7.270376e-03   2.364366e-04   0.000000e+00   0.000000e+00  -3.722300e-10   8.832704e-11   7.143578e-11  -0.000000e+00   3.042514e-13
   1.113064e-02   6.370788e-03   2.364366e-04   0.000000e+00   0.000000e+00  -5.362588e-06  -1.521572e-06  -1.552503e-06  -0.000000e+00   1.563408e-10
   1.875553e-02   1.750672e-02   2.364366e-04   0.000000e+00   0.000000e+00  -2.660316e-10   1.703103e-11  -1.586054e-12  -0.000000e+00   2.628094e-13
   1.862334e-02   1.925551e-02   2.364366e-04   0.000000e+00   0.000000e+00  -2.694768e-04  -2.513568e-05  -4.330582e-05  -0.000000e+00   3.060539e-09
   1.897640e-02   1.394755e-02   2.364366e-04   0.000000e+00   0.000000e+00  -2.449203e-04  -1.216755e-04  -6.409707e-06  -0.000000e+00   2.773338e-09
   1.572358e-02   1.911193e-02   2.364366e-04   0.000000e+00   0.000000e+00  -1.254465e-04   5.133290e-06  -5.340638e-05  -0.000000e+00   1.797552e-09
   1.383001e-02   1.811629e-02   2.364366e-04   0.000000e+00   0.000000e+00  -4.265422e-05   1.380459e-05  -1.216398e-05  -0.000000e+00   7.805232e-10
   1.892664e-02   1.179736e-02   2.364366e-04   0.000000e+00   0.000000e+00  -8.080551e-05  -3.819916e-05  -1.316080e-05   0.000000e+00   1.081309e-09
   1.166176e-02   1.431655e-02   2.364366e-04   0.000000e+00   0.000000e+00  -3.379826e-04   2.887414e-06   2.258964e-06  -0.000000e+00   3.237663e-09
                                                0.000000e+00   0.000000e+00  -2.172705e-02  -4.761049e-04   1.958191e-03   0.000000e+00   2.961251e-09

              6
             22
          pos_x          pos_y          pos_z       normal_x       normal_y       normal_z        tangt_x        tangt_y        tangt_z          pentr
   2.105322e-03   8.631503e-03   1.884160e-02   0.000000e+00   0.000000e+00   1.326381e-03   1.428239e-04   3.693032e-05  -0.000000e+00   5.670524e-09
   5.380683e-03   7.986193e-03   1.884160e-02   0.000000e+00   0.000000e+00   1.505894e-08   9.630504e-10   1.048023e-09  -0.000000e+00   3.750576e-12
   2.516060e-03   3.308537e-03   1.884160e-02   0.000000e+00   0.000000e+00   6.433964e-04   1.660269e-04  -2.504395e-04  -0.000000e+00   3.401734e-09
   4.205351e-03   6.881161e-03   1.884160e-02   0.000000e+00   0.000000e+00   1.351335e-08   5.901708e-09  -3.289753e-09   0.000000e+00   3.710584e-12
   8.358847e-03   4.723315e-03   1.884160e-02   0.000000e+00   0.000000e+00   1.936494e-09  -2.255230e-10  -6.763365e-10  -0.000000e+00   9.203194e-13
   5.753571e-03   4.622546e-03   1.884160e-02   0.000000e+00   0.000000e+00   1.668010e-10   4.054575e-23  -2.925593e-23   0.000000e+00   1.583178e-13
   8.132080e-03   1.360342e-03   1.884160e-02   0.000000e+00   0.000000e+00   1.102768e-04  -5.220513e-06   3.470603e-05  -0.000000e+00   1.685909e-09
   7.595058e-03   9.832157e-03   1.884160e-02   0.000000e+00   0.000000e+00   1.031286e-04  -7.351536e-06  -2.394694e-05  -0.000000e+00   1.149139e-09
   1.948817e-03   1.228091e-02   1.884160e-02   0.000000e+00   0.000000e+00   2.037306e-04   7.540257e-05   2.679595e-05  -0.000000e+00   1.876386e-09
   2.880671e-03   1.557313e-02   1.884160e-02   0.000000e+00   0.000000e+00   5.886622e-04   1.956289e-04   1.768512e-04  -0.000000e+00   3.022371e-09
   4.710361e-03   1.304579e-02   1.884160e-02   0.000000e+00   0.000000e+00   2.503253e-08  -8.657568e-20  -9.037428e-20   0.000000e+00   5.249755e-12
   7.592594e-03   1.374815e-02   1.884160e-02   0.000000e+00   0.000000e+00   2.933437e-04  -9.033149e-05  -6.212316e-05  -0.000000e+00   2.141186e-09
   6.155382e-03   1.198877e-02   1.884160e-02   0.000000e+00   0.000000e+00   2.661539e-10  -5.999434e-22  -4.116090e-22   0.000000e+00   3.236439e-13
   4.387219e-03   1.080547e-02   1.884160e-02   0.000000e+00   0.000000e+00   2.141934e-04   7.377877e-05   3.578067e-05  -0.000000e+00   2.027037e-09
   1.361502e-02   3.718094e-03   1.884160e-02   0.000000e+00   0.000000e+00   1.540382e-04   2.735456e-06   4.849486e-05  -0.000000e+00   1.311150e-09
   1.077391e-02   7.235443e-03   1.884160e-02   0.000000e+00   0.000000e+00   2.670354e-04   7.844230e-05  -8.832553e-05  -0.000000e+00   1.917320e-09
   1.703849e-02   9.241162e-03   1.884160e-02   0.000000e+00   0.000000e+00   2.675215e-09   8.548336e-11  -3.635215e-11  -0.000000e+00   1.242697e-12
   1.080908e-02   1.435735e-02   1.884160e-02   0.000000e+00   0.000000e+00   3.975870e-06   1.125557e-06  -2.571347e-07  -0.000000e+00   1.542658e-10
   1.795079e-02   1.133457e-02   1.884160e-02   0.000000e+00   0.000000e+00   6.269480e-10   1.325067e-11  -5.464537e-12  -0.000000e+00   4.237825e-13
   1.556676e-02   1.466247e-02   1.884160e-02   0.000000e+00   0.000000e+00   1.339590e-05   1.483178e-06   6.462816e-07  -0.000000e+00   2.943867e-10
   1.064427e-02   1.875603e-02   1.884160e-02   0.000000e+00   0.000000e+00   7.784606e-05  -4.265144e-06  -3.236329e-05  -0.000000e+00   1.108517e-09
   1.838469e-02   1.513451e-02   1.884160e-02   0.000000e+00   0.000000e+00   5.996637e-04  -2.120832e-04   6.003399e-05  -0.000000e+00   4.328698e-09
                                                0.000000e+00   0.000000e+00   4.599128e-03   4.182024e-04  -3.721920e-05   0.000000e+00   1.368382e-09

