              6

              1
             20
          pos_x          pos_y          pos_z       normal_x       normal_y       normal_z        tangt_x        tangt_y        tangt_z          pentr
   4.999950e-06   3.378613e-03   1.093081e-03  -1.177944e-04   0.000000e+00   0.000000e+00  -0.000000e+00  -1.293204e-06   2.032672e-05   1.779762e-09
   4.999950e-06   9.906717e-04   2.033316e-03  -7.108347e-05   0.000000e+00   0.000000e+00  -0.000000e+00   3.378443e-05   6.863014e-06   9.877459e-10
   4.999950e-06   5.514752e-03   6.881080e-04  -5.542438e-12   0.000000e+00   0.000000e+00  -0.000000e+00   1.311658e-12  -2.788219e-14   2.238802e-14
   4.999950e-06   5.953613e-03   2.746619e-03  -2.208656e-06   0.000000e+00   0.000000e+00  -0.000000e+00   8.844136e-08  -8.718781e-08   1.020439e-10
   4.999950e-06   5.703417e-03   5.132437e-03  -4.541443e-10   0.000000e+00   0.000000e+00  -0.000000e+00   4.754351e-11   1.105740e-10   3.139241e-13
   4.999950e-06   1.143465e-03   9.049133e-03  -2.132433e-04   0.000000e+00   0.000000e+00  -0.000000e+00   9.072720e-05   4.713928e-05   2.255335e-09
   4.999950e-06   9.139899e-04   4.223927e-03  -1.116214e-04   0.000000e+00   0.000000e+00  -0.000000e+00   1.947468e-05   1.171258e-06   1.504129e-09
   4.999950e-06   5.001167e-03   7.447471e-03  -1.533269e-11   0.000000e+00   0.000000e+00   0.000000e+00  -7.224246e-24  -3.786368e-25   3.533935e-14
   4.999950e-06   2.147050e-03   1.517734e-02  -1.636564e-10   0.000000e+00   0.000000e+00  -0.000000e+00   8.050447e-11  -1.457258e-11   1.792127e-13
   4.999950e-06   1.797485e-02   8.503576e-04  -3.075632e-04   0.000000e+00   0.000000e+00  -0.000000e+00  -5.292288e-05   1.339279e-04   2.830282e-09
   4.999950e-06   1.818659e-02   4.843016e-03  -2.130214e-11   0.000000e+00   0.000000e+00  -0.000000e+00   8.769571e-12   3.901274e-12   4.762466e-14
   4.999950e-06   1.727831e-02   2.770666e-03  -3.873828e-06   0.000000e+00   0.000000e+00  -0.000000e+00   1.157680e-07   8.213621e-07   1.393563e-10
   4.999950e-06   1.549738e-02   1.149763e-03  -9.332897e-05   0.000000e+00   0.000000e+00  -0.000000e+00  -5.251006e-06   1.817354e-05   1.368207e-09
   4.999950e-06   1.391044e-02   2.755592e-03  -5.090687e-04   0.000000e+00   0.000000e+00  -0.000000e+00  -1.959474e-05   1.002446e-04   3.316983e-09
   4.999950e-06   1.510428e-02   7.251670e-03  -1.132366e-11   0.000000e+00   0.000000e+00  -0.000000e+00  -8.055770e-14   9.510735e-14   2.901368e-14
   4.999950e-06   1.591786e-02   4.505738e-03  -9.387935e-07   0.000000e+00   0.000000e+00  -0.000000e+00  -3.396131e-07   2.173471e-07   6.929735e-11
   4.999950e-06   1.158529e-02   7.493250e-03  -1.326437e-10   0.000000e+00   0.000000e+00  -0.000000e+00   5.711714e-11  -2.407492e-11   1.724330e-13
   4.999950e-06   1.907028e-02   9.450781e-03  -1.023883e-04   0.000000e+00   0.000000e+00  -0.000000e+00  -4.875046e-05   4.467192e-07   1.304369e-09
   4.999950e-06   1.744215e-02   1.504941e-02  -6.002694e-04   0.000000e+00   0.000000e+00  -0.000000e+00  -2.723398e-04  -6.719604e-05   3.455099e-09
   4.999950e-06   1.843879e-02   1.186603e-02  -2.165355e-04   0.000000e+00   0.000000e+00  -0.000000e+00  -9.272870e-05   3.196156e-05   2.234306e-09
                                               -2.349919e-03   0.000000e+00   0.000000e+00   0.000000e+00  -3.490297e-04   2.940101e-04   1.067386e-09

              2
              9
          pos_x          pos_y          pos_z       normal_x       normal_y       normal_z        tangt_x        tangt_y        tangt_z          pentr
   1.999500e-02   3.235193e-03   3.324511e-03   1.154039e-03   0.000000e+00   0.000000e+00  -0.000000e+00   2.440265e-04   2.657983e-04   5.151714e-09
   1.999500e-02   1.764108e-03   6.330151e-03   3.178796e-04   0.000000e+00   0.000000e+00  -0.000000e+00   5.918136e-05   4.600324e-06   2.130834e-09
   1.999500e-02   1.109911e-03   9.418650e-03   2.873020e-04   0.000000e+00   0.000000e+00  -0.000000e+00   2.486104e-05  -1.552285e-06   2.675655e-09
   1.999500e-02   2.183784e-03   1.541679e-02   4.818906e-04   0.000000e+00   0.000000e+00  -0.000000e+00   2.403834e-04   6.845515e-07   3.622790e-09
   1.999500e-02   4.674616e-03   1.253795e-02   1.522387e-11   0.000000e+00   0.000000e+00  -0.000000e+00  -3.801754e-12  -1.523764e-12   4.021436e-14
   1.999500e-02   1.870102e-02   1.156520e-03   1.121656e-04   0.000000e+00   0.000000e+00  -0.000000e+00  -7.772638e-07   9.685168e-06   1.678230e-09
   1.999500e-02   1.451789e-02   8.782648e-04   1.176891e-04   0.000000e+00   0.000000e+00  -0.000000e+00  -1.211312e-06   2.940700e-05   1.597534e-09
   1.999500e-02   1.230664e-02   4.193861e-03   3.647542e-08   0.000000e+00   0.000000e+00  -0.000000e+00  -6.884262e-09   8.771733e-09   5.908694e-12
   1.999500e-02   1.208633e-02   7.153720e-04   3.304361e-12   0.000000e+00   0.000000e+00  -0.000000e+00  -2.980215e-13   4.302500e-14   1.707662e-14
                                                2.471003e-03   0.000000e+00   0.000000e+00   0.000000e+00   5.664568e-04   3.086319e-04   1.873636e-09

              3
             19
          pos_x          pos_y          pos_z       normal_x       normal_y       normal_z        tangt_x        tangt_y        tangt_z          pentr
   6.178849e-03   4.999950e-06   9.909331e-04   0.000000e+00  -2.787534e-04   0.000000e+00  -1.961056e-05  -0.000000e+00   1.132447e-04   2.820894e-09
   6.171660e-04   4.999950e-06   1.833978e-03   0.000000e+00  -1.155250e-04   0.000000e+00   3.653656e-05  -0.000000e+00  -1.191579e-05   1.890009e-09
   1.409286e-03   4.999950e-06   8.459722e-03   0.000000e+00  -1.730420e-04   0.000000e+00   6.427897e-05  -0.000000e+00  -2.638082e-05   1.648594e-09
   2.387490e-03   4.999950e-06   4.901300e-03   0.000000e+00  -1.539616e-11   0.000000e+00  -1.032843e-13  -0.000000e+00   1.177475e-13   4.424056e-14
   8.809192e-04   4.999950e-06   4.164143e-03   0.000000e+00  -1.159719e-04   0.000000e+00   4.566195e-05  -0.000000e+00  -3.160819e-06   1.581409e-09
   9.677727e-03   4.999950e-06   1.381404e-03   0.000000e+00  -4.977446e-04   0.000000e+00   4.563100e-05  -0.000000e+00   2.000740e-04   3.972035e-09
   2.258104e-03   4.999950e-06   1.426724e-02   0.000000e+00  -2.805393e-10   0.000000e+00  -1.129845e-11  -0.000000e+00  -6.236555e-11   2.213014e-13
   3.209526e-03   4.999950e-06   1.055354e-02   0.000000e+00  -1.951845e-06   0.000000e+00  -1.907348e-07  -0.000000e+00   7.698096e-07   9.999417e-11
   1.888585e-02   4.999950e-06   6.189210e-03   0.000000e+00  -5.157039e-04   0.000000e+00  -6.953500e-05  -0.000000e+00  -9.589627e-06   4.039333e-09
   1.763022e-02   4.999950e-06   1.822547e-03   0.000000e+00  -3.981700e-04   0.000000e+00  -1.465599e-04   0.000000e+00   1.347406e-04   2.994449e-09
   1.861994e-02   4.999950e-06   9.499175e-03   0.000000e+00  -2.308966e-04   0.000000e+00  -7.891404e-05  -0.000000e+00   4.787747e-06   1.946056e-09
   1.508928e-02   4.999950e-06   2.830340e-03   0.000000e+00  -7.039262e-05   0.000000e+00  -2.684380e-05  -0.000000e+00   2.110524e-05   9.121087e-10
   1.539552e-02   4.999950e-06   9.770785e-04   0.000000e+00  -1.091260e-03   0.000000e+00  -2.504162e-04  -0.000000e+00   2.731569e-04   7.972237e-09
   1.454186e-02   4.999950e-06   9.131885e-03   0.000000e+00  -7.432824e-11   0.000000e+00   2.439014e-11  -0.000000e+00  -2.655349e-11   9.292487e-14
   1.043904e-02   4.999950e-06   3.299313e-03   0.000000e+00  -1.936627e-06   0.000000e+00  -3.622997e-07  -0.000000e+00   1.837761e-07   7.866726e-11
   1.027379e-02   4.999950e-06   1.065627e-02   0.000000e+00  -3.278795e-04   0.000000e+00  -9.049610e-06  -0.000000e+00  -6.900865e-07   2.828479e-09
   1.311361e-02   4.999950e-06   1.671949e-02   0.000000e+00  -3.676826e-11   0.000000e+00   4.776543e-12  -0.000000e+00   5.758350e-12   6.807608e-14
   1.742224e-02   4.999950e-06   1.541048e-02   0.000000e+00  -4.026413e-04   0.000000e+00  -1.245658e-04  -0.000000e+00  -1.886057e-07   2.863369e-09
   1.590697e-02   4.999950e-06   1.266306e-02   0.000000e+00  -1.588896e-08   0.000000e+00   2.699094e-09  -0.000000e+00  -3.597297e-09   3.468807e-12
                                                0.000000e+00  -4.221886e-03   0.000000e+00  -5.339368e-04   0.000000e+00   6.961334e-04   1.876396e-09

              4
             11
          pos_x          pos_y          pos_z       normal_x       normal_y       normal_z        tangt_x        tangt_y        tangt_z          pentr
   1.692025e-03   1.999500e-02   2.481119e-03   0.000000e+00   4.521239e-05   0.000000e+00   3.324449e-06  -0.000000e+00   1.401344e-05   6.696452e-10
   3.785171e-03   1.999500e-02   4.054473e-03   0.000000e+00   1.122444e-06   0.000000e+00   4.358851e-07  -0.000000e+00  -5.555515e-08   5.469819e-11
   8.259696e-03   1.999500e-02   9.600971e-03   0.000000e+00   2.445985e-11   0.000000e+00   8.155228e-12  -0.000000e+00  -4.490792e-12   4.415218e-14
   9.372710e-03   1.999500e-02   1.287113e-03   0.000000e+00   8.902053e-12   0.000000e+00  -2.454889e-13  -0.000000e+00  -2.778388e-12   2.811640e-14
   7.566306e-04   1.999500e-02   9.440984e-03   0.000000e+00   1.258130e-04   0.000000e+00   5.925037e-05  -0.000000e+00  -8.106919e-07   1.760426e-09
   7.616813e-03   1.999500e-02   1.610539e-02   0.000000e+00   7.582019e-06   0.000000e+00  -2.304375e-06  -0.000000e+00   6.415783e-07   2.635024e-10
   2.275907e-03   1.999500e-02   1.567759e-02   0.000000e+00   6.729821e-04   0.000000e+00   2.051059e-04  -0.000000e+00   5.626586e-05   3.972402e-09
   1.601040e-03   1.999500e-02   1.132922e-02   0.000000e+00   2.115924e-04   0.000000e+00   9.399059e-05  -0.000000e+00  -3.164557e-05   2.111499e-09
   1.545683e-02   1.999500e-02   9.694483e-04   0.000000e+00   8.660031e-05   0.000000e+00  -1.359559e-05  -0.000000e+00   4.041299e-05   1.200166e-09
   1.552884e-02   1.999500e-02   7.933705e-03   0.000000e+00   2.739052e-10   0.000000e+00  -6.353534e-11  -0.000000e+00  -5.094230e-11   2.510422e-13
   1.206281e-02   1.999500e-02   1.173116e-02   0.000000e+00   1.085293e-10   0.000000e+00  -2.533774e-11  -0.000000e+00   2.572992e-11   1.100058e-13
                                                0.000000e+00   1.150905e-03   0.000000e+00   3.462072e-04   0.000000e+00   7.882202e-05   9.120702e-10

              5
             25
          pos_x          pos_y          pos_z       normal_x       normal_y       normal_z        tangt_x        tangt_y        tangt_z          pentr
   2.186722e-03   1.569714e-03   4.999950e-06   0.000000e+00   0.000000e+00  -2.953137e-09  -9.539092e-10  -9.903062e-10  -0.000000e+00   1.041273e-12
   6.347963e-03   1.430398e-03   4.999950e-06   0.000000e+00   0.000000e+00  -1.939488e-04   4.381140e-06   3.851277e-05  -0.000000e+00   1.706915e-09
   1.284555e-03   3.444813e-03   4.999950e-06   0.000000e+00   0.000000e+00  -1.006692e-04   2.034539e-05   1.053476e-06  -0.000000e+00   1.433456e-09
   6.036555e-03   8.956860e-03   4.999950e-06   0.000000e+00   0.000000e+00  -1.238991e-07   1.008124e-09   2.017800e-08  -0.000000e+00   1.774405e-11
   8.496099e-03   5.014355e-03   4.999950e-06   0.000000e+00   0.000000e+00  -4.133482e-07  -1.940919e-08   2.057607e-07   0.000000e+00   3.121124e-11
   9.369655e-03   2.209381e-03   4.999950e-06   0.000000e+00   0.000000e+00  -3.120592e-04  -1.732043e-06   1.259061e-05  -0.000000e+00   2.108754e-09
   1.055726e-03   1.843092e-02   4.999950e-06   0.000000e+00   0.000000e+00  -1.731671e-04   6.116735e-05   1.241190e-05  -0.000000e+00   1.624192e-09
   2.354004e-03   1.684612e-02   4.999950e-06   0.000000e+00   0.000000e+00  -4.160579e-05   3.798087e-06  -2.037669e-06  -0.000000e+00   7.965622e-10
   6.152106e-03   1.819081e-02   4.999950e-06   0.000000e+00   0.000000e+00  -9.782327e-12  -9.266132e-27  -1.799991e-24   0.000000e+00   2.670122e-14
   1.053373e-03   1.583120e-02   4.999950e-06   0.000000e+00   0.000000e+00  -1.021531e-04   2.928657e-05   9.334344e-06  -0.000000e+00   1.566435e-09
   6.751430e-03   1.507264e-02   4.999950e-06   0.000000e+00   0.000000e+00  -1.500672e-07  -4.624682e-08  -3.366938e-08  -0.000000e+00   1.633523e-11
   2.464525e-03   1.445959e-02   4.999950e-06   0.000000e+00   0.000000e+00  -5.832626e-04   1.548774e-04   3.174094e-05  -0.000000e+00   3.961133e-09
   4.844048e-03   1.167683e-02   4.999950e-06   0.000000e+00   0.000000e+00  -2.519515e-08   2.033115e-09   3.018906e-09  -0.000000e+00   5.903506e-12
   9.755744e-03   1.604185e-02   4.999950e-06   0.000000e+00   0.000000e+00  -3.516436e-11  -6.838396e-12   8.384255e-12  -0.000000e+00   6.379772e-14
   1.703759e-02   1.931558e-03   4.999950e-06   0.000000e+00   0.000000e+00  -7.022689e-04  -6.620998e-06   2.949635e-05  -0.000000e+00   4.329717e-09
   1.254758e-02   4.988146e-03   4.999950e-06   0.000000e+00   0.000000e+00  -5.075041e-07  -3.086765e-09   9.123442e-08  -0.000000e+00   4.171774e-11
   1.546812e-02   4.860203e-03   4.999950e-06   0.000000e+00   0.000000e+00  -3.096125e-08   2.097608e-09  -8.622407e-10  -0.000000e+00   6.474975e-12
   1.520141e-02   1.253491e-03   4.999950e-06   0.000000e+00   0.000000e+00  -6.108826e-04  -1.829395e-04   1.568947e-04  -0.000000e+00   4.560554e-09
   1.429226e-02   3.060340e-03   4.999950e-06   0.000000e+00   0.000000e+00  -6.899650e-07  -1.773709e-07   2.509880e-08  -0.000000e+00   5.470087e-11
   1.245108e-02   1.741655e-03   4.999950e-06   0.000000e+00   0.000000e+00  -8.600929e-07  -2.620015e-07  -1.838789e-07  -0.000000e+00   5.186478e-11
   1.420546e-02   6.642518e-03   4.999950e-06   0.000000e+00   0.000000e+00  -4.359123e-12  -1.605529e-24   6.232396e-26   0.000000e+00   1.542021e-14
   1.091875e-02   6.308824e-03   4.999950e-06   0.000000e+00   0.000000e+00  -8.015050e-07   1.362343e-07   3.082256e-08  -0.000000e+00   4.426422e-11
   1.878525e-02   1.880286e-02   4.999950e-06   0.000000e+00   0.000000e+00  -1.076962e-04  -5.267458e-05   4.495194e-06  -0.000000e+00   1.588370e-09
   1.906962e-02   1.455191e-02   4.999950e-06   0.000000e+00   0.000000e+00  -1.112509e-04  -3.951650e-05   1.399545e-06  -0.000000e+00   1.471778e-09
   1.577793e-02   1.918279e-02   4.999950e-06   0.000000e+00   0.000000e+00  -1.026585e-04   1.383791e-05  -3.527070e-05  -0.000000e+00   1.552539e-09
                                                0.000000e+00   0.000000e+00  -3.145229e-03   3.842595e-06   2.607781e-04   0.000000e+00   1.078871e-09

              6
              0
          pos_x          pos_y          pos_z       normal_x       normal_y       normal_z        tangt_x        tangt_y        tangt_z          pentr
                                                0.000000e+00   0.000000e+00   0.000000e+00   0.000000e+00   0.000000e+00   0.000000e+00   0.000000e+00

