              5             21   1.136156e-03   1.246452e-03   1.488713e-03   1.136156e-03   1.246452e-03   1.488713e-03   1.050734e-03   8.621023e-04   3.396498e-11   8.987841e-10   1.268243e-07   4.735587e-04   2.400000e+10   1.378428e-07   6.892138e-08   1.468385e-06   1.136156e-03   1.246452e-03   1.488713e-03   1.012626e-07   4.520309e-08  -8.187305e-08  -3.879121e-08  -9.878167e-09  -5.610544e-08   5.196893e-05   1.986227e+00   7.346239e-01   3.279323e-01  -5.939597e-01
              7             69   7.023655e-03   9.709867e-04   1.757214e-03   7.023655e-03   9.709868e-04   1.757213e-03   1.532096e-03   9.717140e-04   3.340507e-10   2.276134e-08   4.456744e-07   5.945974e-04   2.400000e+10   4.764090e-06   2.382045e-06   3.345601e-07   7.023655e-03   9.709867e-04   1.757214e-03  -2.504217e-06   5.503334e-07  -4.015294e-06   1.798235e-06  -9.370665e-07  -1.249959e-06   4.100250e-05   3.317871e+00  -5.256442e-01   1.155170e-01  -8.428250e-01
              7             71   7.826532e-03   1.966033e-03   1.125414e-03   7.826532e-03   1.966033e-03   1.125414e-03   8.410010e-04   1.321140e-03   4.948990e-12   2.254310e-07   5.043000e-08   5.138796e-04   2.400000e+10   3.952501e-20   1.976251e-20   4.154555e-21   7.826532e-03   1.966033e-03   1.125414e-03  -3.813949e-20  -9.505020e-21  -4.154555e-21   4.426629e-21  -1.079193e-20  -1.595293e-20   1.107404e-02   6.552199e+11  -4.775506e-12  -1.190139e-12  -5.201985e-13
             21            109   1.078368e-03   1.344660e-03   2.550318e-03   1.078368e-03   1.344660e-03   2.550318e-03   1.071541e-03   1.217289e-03   1.819733e-10   2.252015e-08   3.220315e-07   5.698873e-04   2.400000e+10   1.875236e-06   9.376182e-07  -1.630898e-06   1.078368e-03   1.344660e-03   2.550318e-03  -1.417494e-06  -5.956095e-07  -1.073532e-06  -2.466364e-07   8.889456e-07  -1.675532e-07   3.500836e-05   2.086663e+00  -7.559016e-01  -3.176184e-01  -5.724782e-01
             41            145   4.122456e-03   8.853806e-03   2.634269e-03   4.122456e-03   8.853806e-03   2.634269e-03   2.432144e-03   2.117584e-03   6.761129e-11   1.300616e-08   2.766508e-07   1.131995e-03   2.400000e+10   5.985510e-07   2.992755e-07  -1.275075e-07   4.122456e-03   8.853806e-03   2.634269e-03   9.713001e-08  -3.234511e-08  -5.897311e-07  -2.060103e-07   2.122177e-07  -4.570796e-08   8.012375e-05   5.261545e+01   1.622753e-01  -5.403903e-02  -9.852647e-01
             45            109   4.072568e-03   2.418006e-03   2.489124e-03   4.072568e-03   2.418006e-03   2.489124e-03   1.683405e-03   1.700222e-03   1.968813e-10   3.066234e-09   4.080920e-07   8.458857e-04   2.400000e+10   2.571061e-06   1.285531e-06  -8.989106e-08   4.072568e-03   2.418006e-03   2.489124e-03   2.362589e-06   6.199623e-08  -1.012267e-06  -2.216890e-07  -1.122443e-06  -5.861446e-07   5.081880e-05   1.017653e+01   9.189160e-01   2.411309e-02  -3.937156e-01
             69            125   6.795453e-03   1.327824e-03   3.708427e-03   6.795454e-03   1.327823e-03   3.708427e-03   9.919825e-04   1.517957e-03   4.732523e-10   4.259030e-08   5.328396e-07   5.999295e-04   2.400000e+10   8.069362e-06   4.034681e-06   1.166329e-06   6.795454e-03   1.327824e-03   3.708427e-03   6.396146e-06  -2.338178e-06  -4.328608e-06  -2.356864e-06  -4.398680e-07  -3.245052e-06   4.447390e-05   3.253904e+00   7.926458e-01  -2.897600e-01  -5.364250e-01
             93            145   3.556214e-03   7.740644e-03   3.123975e-03   3.556214e-03   7.740644e-03   3.123975e-03   1.956411e-03   1.326339e-03   7.587994e-11   6.129889e-09   2.449074e-07   7.904546e-04   2.400000e+10   5.946740e-07   2.973370e-07   1.695885e-08   3.556214e-03   7.740644e-03   3.123975e-03  -2.352021e-07  -4.927047e-07  -2.357099e-07   2.219081e-07  -1.612641e-07   1.147170e-07   9.354323e-05   4.492705e+01  -3.955143e-01  -8.285292e-01  -3.963683e-01
            109            117   2.143767e-03   2.549805e-03   4.019779e-03   2.143767e-03   2.549805e-03   4.019779e-03   2.579078e-03   2.564372e-03   2.658792e-10   5.858850e-08   5.847062e-07   1.285852e-03   2.400000e+10   4.974759e-06   2.487380e-06  -6.047170e-07   2.143767e-03   2.549805e-03   4.019779e-03   1.707262e-06  -3.014113e-06  -3.570520e-06   1.696411e-06   1.706649e-06  -6.297579e-07   5.511355e-05   1.159166e+01   3.431849e-01  -6.058811e-01  -7.177271e-01
            117            157   1.351517e-03   1.911286e-03   5.866423e-03   1.351517e-03   1.911287e-03   5.866423e-03   1.249826e-03   1.789131e-03   4.042111e-10   6.559507e-09   5.453656e-07   7.358126e-04   2.400000e+10   7.054171e-06   3.527085e-06   2.042786e-06   1.351517e-03   1.911286e-03   5.866423e-03   4.791193e-07   5.375056e-06  -4.543186e-06   1.607314e-06  -2.107160e-06  -2.327391e-06   4.396019e-05   6.297847e+00   6.792001e-02   7.619685e-01  -6.440426e-01
            125            129   6.135922e-03   3.556872e-03   3.855646e-03   6.135922e-03   3.556872e-03   3.855646e-03   1.688887e-03   1.496560e-03   4.934671e-12   4.125112e-08   6.257362e-08   7.934587e-04   2.400000e+10   4.875932e-20   2.437966e-20  -3.610640e-20   6.135922e-03   3.556872e-03   3.855646e-03  -1.674925e-20  -2.816491e-20   3.610640e-20  -2.266209e-20  -1.465879e-21  -8.868421e-21   1.291185e-02   1.879875e+11  -1.695102e-12  -2.850420e-12   3.654136e-12
            125            207   6.803310e-03   2.272419e-03   5.219693e-03   6.803310e-03   2.272419e-03   5.219692e-03   1.906443e-03   2.639580e-03   2.446870e-10   1.945853e-08   5.204380e-07   1.106948e-03   2.400000e+10   4.075022e-06   1.824118e-06   1.738351e-06   6.803310e-03   2.272419e-03   5.219693e-03  -3.040488e-06   3.254589e-07  -2.693569e-06   9.808529e-07   1.199652e-06  -9.623760e-07   6.416953e-05   3.595071e+01  -7.461280e-01   7.986679e-02  -6.609949e-01
            129            201   6.540928e-03   4.600364e-03   3.964901e-03   6.540928e-03   4.600364e-03   3.964901e-03   1.215179e-03   2.905693e-03   8.001666e-11   2.975326e-08   2.618428e-07   8.568421e-04   2.400000e+10   6.704571e-07   3.352286e-07  -1.571798e-07   6.540928e-03   4.600364e-03   3.964901e-03  -1.324151e-08  -2.481884e-07  -6.226877e-07  -2.589702e-07  -1.957239e-07   8.369471e-08   9.046759e-05   2.797322e+01  -1.974997e-02  -3.701779e-01  -9.287509e-01
            133             65   7.819468e-03   1.013582e-02   1.649016e-03   7.819468e-03   1.013582e-02   1.649016e-03   1.750329e-03   2.226343e-03   4.138854e-10   2.715118e-09   6.368484e-07   9.799229e-04   2.400000e+10   8.434632e-06   4.217316e-06   3.460874e-06   7.819468e-03   1.013582e-02   1.649016e-03   3.021414e-06  -7.834805e-06  -7.936726e-07   2.871325e-06   1.386889e-06  -2.760034e-06   5.800899e-05   1.861489e+00   3.582153e-01  -9.288851e-01  -9.409688e-02
            149            201   4.978315e-03   4.849276e-03   4.648611e-03   4.978315e-03   4.849276e-03   4.648611e-03   9.325535e-04   1.849868e-03   9.427040e-13   3.944936e-08   2.417595e-08   6.199998e-04   2.400000e+10   6.875182e-22   3.437591e-22   3.893726e-22   4.978315e-03   4.849276e-03   4.648611e-03  -5.064551e-22  -2.541131e-22  -3.893726e-22   2.104635e-22  -8.308378e-24  -2.716734e-22   2.224598e-02   1.448209e+13  -6.944358e-13  -3.484322e-13  -5.338958e-13
            151            201   8.182829e-03   5.654151e-03   3.746659e-03   8.182829e-03   5.654151e-03   3.746659e-03   1.186368e-03   1.594533e-03   5.512243e-11   3.700975e-09   1.936412e-07   6.802481e-04   2.400000e+10   3.415673e-07   7.227914e-08   8.326933e-09   8.182829e-03   5.654151e-03   3.746659e-03   2.492870e-07   5.961401e-08  -2.257662e-07   2.054823e-08   5.795207e-08   3.799477e-08   7.783474e-05   4.435327e+01   7.298327e-01   1.745308e-01  -6.609714e-01
            157            167   1.594955e-03   9.799442e-04   7.510811e-03   1.594955e-03   9.799442e-04   7.510811e-03   1.807909e-03   9.855395e-04   2.506771e-10   7.811629e-08   3.998640e-07   6.378374e-04   2.400000e+10   3.207576e-06   1.603788e-06   5.634863e-06   1.594955e-03   9.799442e-04   7.510811e-03   4.110737e-07   1.560891e-07  -3.177294e-06   1.539402e-06   3.936952e-07   2.176747e-07   4.328755e-05   5.610665e+00   1.281571e-01   4.866265e-02  -9.905593e-01
            158            209   6.970936e-03   8.402996e-03   4.342551e-03   6.970936e-03   8.402996e-03   4.342551e-03   1.999316e-03   1.581860e-03   9.991177e-12   1.271539e-08   9.393344e-08   8.831284e-04   2.400000e+10   3.000568e-19   1.500284e-19   1.823758e-19   6.970936e-03   8.402996e-03   4.342551e-03   5.654288e-20   2.314651e-19  -1.823758e-19  -3.136318e-20   9.532971e-20   1.115219e-19   7.217562e-03   9.027732e+14   1.882743e-12   7.707234e-12  -6.072680e-12
            207            269   6.829631e-03   3.477701e-03   7.681531e-03   6.829631e-03   3.477701e-03   7.681531e-03   1.537978e-03   1.347313e-03   2.815252e-10   1.281168e-08   4.496485e-07   7.181730e-04   2.400000e+10   4.050797e-06   2.025398e-06   5.613457e-07   6.829631e-03   3.477701e-03   7.681531e-03   1.264688e-06  -3.433852e-06  -1.737292e-06  -7.126653e-07   6.394317e-07  -1.784790e-06   6.903618e-05   1.244668e+01   3.122072e-01  -8.476978e-01  -4.288765e-01
            241            217   5.016257e-03   7.975701e-03   7.442037e-03   5.016257e-03   7.975701e-03   7.442036e-03   1.137452e-03   1.294630e-03   1.781400e-10   2.178292e-09   3.284211e-07   6.054812e-04   2.400000e+10   1.872158e-06   9.360792e-07   1.192368e-07   5.016257e-03   7.975701e-03   7.442037e-03   2.965754e-07  -1.726583e-06  -6.602509e-07   5.027386e-07  -2.073082e-07   7.619196e-07   5.976637e-05   1.187597e+01   1.584137e-01  -9.222419e-01  -3.526683e-01
            253            273   7.698513e-03   9.078528e-03   7.087418e-03   7.698513e-03   9.078528e-03   7.087418e-03   1.945128e-03   1.945299e-03   5.982622e-11   5.637285e-09   2.412206e-07   9.726069e-04   2.400000e+10   4.618022e-07   2.309011e-07   1.194357e-06   7.698513e-03   9.078528e-03   7.087418e-03  -3.427011e-08   4.005550e-07  -2.272499e-07   1.651753e-07  -6.824371e-08  -1.462027e-07   5.573293e-05   1.085770e+01  -7.420951e-02   8.673735e-01  -4.920936e-01
            273            259   8.133029e-03   7.374195e-03   7.225853e-03   8.133029e-03   7.374195e-03   7.225853e-03   1.569621e-03   1.850153e-03   1.232985e-11   7.600389e-10   1.023249e-07   8.491905e-04   2.400000e+10   4.037282e-08   2.018641e-08  -3.775280e-07   8.133029e-03   7.374195e-03   7.225853e-03  -1.565899e-08   3.611152e-08   8.984371e-09  -1.288127e-08  -4.527410e-09   1.486831e-08   8.557136e-05   6.771805e+00  -3.878597e-01   8.944512e-01   2.225351e-01
            273            321   6.813626e-03   8.309370e-03   8.566186e-03   6.813626e-03   8.309370e-03   8.566185e-03   9.883411e-04   1.448814e-03   1.131829e-10   5.557572e-09   2.578746e-07   5.875385e-04   2.400000e+10   9.339835e-07   4.669917e-07   6.761674e-07   6.813626e-03   8.309370e-03   8.566186e-03   3.580122e-07   1.087471e-07  -8.557608e-07   3.787209e-07  -2.421760e-07   1.265011e-07   6.392918e-05   6.783090e+01   3.833175e-01   1.164336e-01  -9.162483e-01
            289            279   8.437163e-03   5.638186e-03   8.947724e-03   8.437163e-03   5.638186e-03   8.947724e-03   9.246929e-04   1.101966e-03   1.336842e-10   8.133986e-09   2.592582e-07   5.027881e-04   2.400000e+10   1.109079e-06   5.539786e-07   9.299872e-08   8.437163e-03   5.638186e-03   8.947724e-03  -7.783776e-07   7.621104e-07   2.082591e-07   9.352705e-08  -5.299732e-08   5.434485e-07   3.901708e-05   4.757493e+00  -7.018235e-01   6.871562e-01   1.877767e-01
            289            367   8.322627e-03   5.997630e-03   9.920607e-03   8.322627e-03   5.997630e-03   9.920607e-03   5.666734e-04   6.189667e-04   2.226581e-11   1.540928e-07   8.116016e-08   2.958334e-04   2.400000e+10   5.782711e-08   2.891355e-08   4.914489e-07   8.322627e-03   5.997630e-03   9.920607e-03  -1.272433e-08  -1.382573e-09  -5.639286e-08   2.567441e-08  -1.210830e-08  -5.496091e-09   5.230110e-05   4.399711e+00  -2.200409e-01  -2.390874e-02  -9.751976e-01
            295            263   1.046116e-02   1.933698e-03   7.694580e-03   1.046116e-02   1.933698e-03   7.694580e-03   1.442754e-03   1.004733e-03   1.627712e-11   1.671705e-10   9.818612e-08   5.922740e-04   2.400000e+10   5.114198e-08   2.556062e-08   4.072195e-08   1.046116e-02   1.933698e-03   7.694580e-03  -4.413622e-08   2.707505e-09   2.569368e-08   1.023430e-08   1.509346e-08   1.791067e-08   5.906362e-05   3.596579e+01  -8.630136e-01   5.294095e-02   5.023990e-01
            295            303   9.840386e-03   1.803540e-03   9.186203e-03   9.840386e-03   1.803540e-03   9.186203e-03   1.708380e-03   2.071332e-03   5.425036e-11   2.394084e-09   2.253663e-07   9.362146e-04   2.400000e+10   3.912386e-07   1.956193e-07  -3.364781e-07   9.840386e-03   1.803540e-03   9.186203e-03  -1.374179e-07   1.573694e-08  -3.659730e-07   6.646103e-08  -1.810665e-07  -3.263076e-08   7.214860e-05   3.018442e+01  -3.512382e-01   4.022339e-02  -9.354217e-01
             71             87   1.104191e-02   2.108052e-03   1.451991e-03   1.104191e-02   2.108052e-03   1.451991e-03   1.325837e-03   2.495685e-03   2.093318e-10   4.811818e-08   4.257351e-07   8.658518e-04   2.400000e+10   2.851837e-06   5.011015e-07   1.904985e-07   1.104191e-02   2.108052e-03   1.451991e-03  -2.826542e-06   3.211441e-08  -3.776268e-07  -2.475309e-08  -4.895641e-07   1.040048e-07   6.458885e-05   2.105116e+01  -9.911304e-01   1.126096e-02  -1.324153e-01
            310            318   1.872971e-03   9.012029e-03   9.137543e-03   1.872971e-03   9.012029e-03   9.137543e-03   1.810104e-03   1.267596e-03   3.876345e-12   5.296496e-09   5.375765e-08   7.455179e-04   2.400000e+10   2.584849e-20   1.292425e-20   2.017932e-21   1.872971e-03   9.012029e-03   9.137543e-03  -1.567780e-20  -2.045187e-20  -2.017932e-21   9.237576e-21  -7.575127e-21   4.931609e-21   9.419516e-03   2.133255e+13  -2.351107e-12  -3.067047e-12  -3.026173e-13
            329            305   7.742725e-03   1.333250e-03   9.445261e-03   7.742725e-03   1.333250e-03   9.445261e-03   9.597332e-04   1.087558e-03   2.324587e-10   9.027633e-10   3.442584e-07   5.098276e-04   2.400000e+10   2.560828e-06   1.375669e-07   6.003028e-07   7.742725e-03   1.333250e-03   9.445261e-03   9.972895e-07  -2.223427e-06  -7.871633e-07  -1.323886e-07  -3.562547e-08  -1.134555e-08   3.385936e-05   1.501658e+01   3.894403e-01  -8.682453e-01  -3.073862e-01
            305            329   7.742725e-03   1.333250e-03   9.445261e-03   7.742725e-03   1.333250e-03   9.445261e-03   1.087558e-03   9.597332e-04   2.324587e-10   9.027633e-10   3.442584e-07   5.098276e-04   2.400000e+10   2.560828e-06   1.375669e-07  -6.003028e-07   7.742725e-03   1.333250e-03   9.445261e-03  -9.972895e-07   2.223427e-06   7.871633e-07   1.323886e-07   3.562547e-08   1.134555e-08   3.385936e-05   1.501658e+01  -3.894403e-01   8.682453e-01   3.073862e-01
            321            367   7.803352e-03   6.377019e-03   1.081067e-02   7.803352e-03   6.377019e-03   1.081067e-02   1.673613e-03   1.229210e-03   4.438467e-10   2.520682e-08   5.608500e-07   7.086969e-04   2.400000e+10   7.965806e-06   3.982903e-06   3.277555e-08   7.803352e-03   6.377019e-03   1.081067e-02  -6.934237e-06   3.738677e-06  -1.180132e-06  -5.829797e-07   1.625554e-07   3.936652e-06   2.652758e-05   1.926917e+00  -8.705004e-01   4.693407e-01  -1.481498e-01
            321            273   6.813626e-03   8.309370e-03   8.566185e-03   6.813626e-03   8.309370e-03   8.566186e-03   1.448814e-03   9.883411e-04   1.131829e-10   5.557572e-09   2.578746e-07   5.875385e-04   2.400000e+10   9.339835e-07   4.669917e-07  -6.761674e-07   6.813626e-03   8.309370e-03   8.566186e-03  -3.580122e-07  -1.087471e-07   8.557608e-07  -3.787209e-07   2.421760e-07  -1.265011e-07   6.392918e-05   6.783090e+01  -3.833175e-01  -1.164336e-01   9.162483e-01
            367            289   8.322627e-03   5.997630e-03   9.920607e-03   8.322627e-03   5.997630e-03   9.920607e-03   6.189667e-04   5.666734e-04   2.226581e-11   1.540928e-07   8.116016e-08   2.958334e-04   2.400000e+10   5.782711e-08   2.891355e-08  -4.914489e-07   8.322627e-03   5.997630e-03   9.920607e-03   1.272433e-08   1.382573e-09   5.639286e-08  -2.567441e-08   1.210830e-08   5.496091e-09   5.230110e-05   4.399711e+00   2.200409e-01   2.390874e-02   9.751976e-01
            445            423   1.389546e-03   7.057105e-03   1.724277e-02   1.389546e-03   7.057106e-03   1.724277e-02   1.568425e-03   1.172101e-03   8.557416e-10   6.631831e-09   7.576502e-07   6.708027e-04   2.400000e+10   2.074729e-05   1.037364e-05  -6.454348e-06   1.389546e-03   7.057106e-03   1.724277e-02   1.865044e-06   1.752250e-05   1.095142e-05   6.047098e-06  -4.920698e-06   6.843380e-06   4.841644e-05   4.118090e+00   8.989337e-02   8.445682e-01   5.278483e-01
            429            421   2.520935e-03   1.620779e-03   1.769052e-02   2.520935e-03   1.620779e-03   1.769052e-02   1.100397e-03   8.471801e-04   8.785295e-11   1.027545e-05   2.050659e-07   4.786638e-04   2.400000e+10   5.765006e-07   2.882503e-07  -1.569794e-08   2.520935e-03   1.620779e-03   1.769052e-02   1.719337e-08   5.742385e-07   4.803725e-08   9.203170e-09   2.013991e-08  -2.873986e-07   4.387067e-05   1.602438e+01   2.982368e-02   9.960760e-01   8.332557e-02
            397            431   7.285905e-03   3.413298e-03   1.606150e-02   7.285905e-03   3.413298e-03   1.606150e-02   2.185917e-03   1.021124e-03   1.062370e-10   1.202880e-07   2.719203e-07   6.959973e-04   2.400000e+10   9.244159e-07   4.622079e-07   3.886605e-08   7.285905e-03   3.413298e-03   1.606150e-02  -7.933032e-07   3.329038e-07   3.382156e-07   1.863982e-08   3.507487e-07  -3.004398e-07   3.884407e-05   8.539367e+00  -8.581670e-01   3.601234e-01   3.658695e-01
            397            357   5.794616e-03   4.931156e-03   1.526400e-02   5.794616e-03   4.931156e-03   1.526400e-02   2.490617e-03   2.071566e-03   7.301173e-11   1.553986e-08   2.873511e-07   1.130923e-03   2.400000e+10   6.713600e-07   3.356800e-07  -2.255344e-08   5.794616e-03   4.931156e-03   1.526400e-02   2.462179e-07  -3.513366e-07   5.163948e-07   3.070850e-07   1.585208e-08  -1.346424e-07   1.028094e-04   7.778098e+01   3.667449e-01  -5.233207e-01   7.691772e-01
            397            443   7.331326e-03   5.547091e-03   1.712252e-02   7.331326e-03   5.547091e-03   1.712252e-02   1.844120e-03   1.889402e-03   3.787981e-11   1.186004e-09   1.880188e-07   9.332430e-04   2.400000e+10   2.279077e-07   6.373525e-08   1.383874e-08   7.331326e-03   5.547091e-03   1.712252e-02  -1.599191e-07  -1.317009e-07  -9.498778e-08  -2.361013e-08   5.126065e-08  -2.961570e-08   7.898994e-05   1.147830e+02  -7.016836e-01  -5.778694e-01  -4.167818e-01
            423            357   2.353560e-03   6.313123e-03   1.520002e-02   2.353560e-03   6.313123e-03   1.520002e-02   2.451714e-03   1.298252e-03   1.403484e-11   6.166634e-08   1.091452e-07   8.487924e-04   2.400000e+10   4.901874e-08   2.450937e-08  -1.980654e-06   2.353560e-03   6.313123e-03   1.520002e-02  -4.403701e-08  -4.781018e-09   2.099334e-08  -7.124369e-09   2.122975e-08  -9.962453e-09   1.467115e-04   3.707288e+00  -8.983710e-01  -9.753450e-02   4.282717e-01
            365            433   4.443626e-03   1.192685e-03   1.608380e-02   4.443626e-03   1.192685e-03   1.608380e-02   1.387114e-03   1.556554e-03   9.990921e-12   7.082389e-09   8.560448e-08   7.334786e-04   2.400000e+10   2.734371e-19   1.367186e-19  -1.381076e-19   4.443626e-03   1.192685e-03   1.608380e-02   2.356586e-19  -1.261705e-20   1.381076e-19  -6.504995e-22   1.269293e-19  -5.079855e-20   7.560565e-03   3.120282e+13   8.610558e-12  -4.610054e-13   5.046213e-12
            382            381   1.138387e-03   1.155590e-03   1.311805e-02   1.138387e-03   1.155590e-03   1.311805e-02   1.089090e-03   9.964639e-04   5.489038e-10   7.647291e-07   5.344414e-07   5.203600e-04   2.400000e+10   9.387421e-06   4.693711e-06   4.842671e-06   1.138387e-03   1.155590e-03   1.311805e-02   3.496171e-06   1.000020e-07   8.711514e-06  -2.962799e-06   3.454229e-06   1.149369e-06   2.531600e-05   7.532182e-01   3.724315e-01   1.065277e-02   9.279986e-01
            337            343   5.119150e-03   2.953138e-03   1.120998e-02   5.119150e-03   2.953138e-03   1.120998e-02   1.290321e-03   6.984244e-04   9.844755e-11   1.007718e-09   2.112134e-07   4.531458e-04   2.400000e+10   6.653901e-07   3.326951e-07   1.809187e-08   5.119150e-03   2.953138e-03   1.120998e-02  -1.033774e-07   6.524953e-07   7.941681e-08   2.837911e-07   6.766435e-08  -1.599067e-07   7.063870e-05   1.040798e+01  -1.553636e-01   9.806206e-01   1.193538e-01
            375            415   1.077727e-02   3.213250e-03   1.338154e-02   1.077727e-02   3.213250e-03   1.338154e-02   1.397026e-03   1.260302e-03   2.216762e-11   8.794600e-09   1.211927e-07   6.625734e-04   2.400000e+10   8.596975e-08   4.298488e-08  -4.401930e-09   1.077727e-02   3.213250e-03   1.338154e-02  -5.374329e-08  -5.888082e-08  -3.217929e-08  -2.273425e-08   3.130939e-08  -1.872366e-08   9.325350e-05   1.189266e+02  -6.251418e-01  -6.849016e-01  -3.743094e-01
            398            384   8.667806e-03   1.070686e-02   1.585168e-02   8.667806e-03   1.070686e-02   1.585168e-02   2.457978e-03   1.206444e-03   2.060808e-11   3.186912e-08   1.291393e-07   8.092442e-04   2.400000e+10   8.516203e-08   4.258102e-08  -1.569217e-09   8.667806e-03   1.070686e-02   1.585168e-02  -1.339588e-08  -4.218589e-08   7.275626e-08   9.672288e-09   3.506580e-08   2.213548e-08   9.531103e-05   1.454194e+02  -1.572988e-01  -4.953603e-01   8.543274e-01
              2              6   1.304733e-03   1.876321e-02   3.953282e-03   1.304733e-03   1.876321e-02   3.953282e-03   1.116219e-03   1.179757e-03   1.421121e-10   1.619684e-08   2.854978e-07   5.735544e-04   2.400000e+10   1.298326e-06   6.491629e-07   5.727077e-07   1.304733e-03   1.876321e-02   3.953282e-03   1.946577e-07   2.008468e-07  -1.267840e-06  -3.155662e-07  -5.508497e-07  -1.356282e-07   5.122922e-05   1.871429e+01   1.499298e-01   1.546968e-01  -9.765193e-01
              2             46   1.080795e-03   1.801868e-02   3.184363e-03   1.080795e-03   1.801868e-02   3.184363e-03   1.383454e-03   1.367462e-03   8.684103e-11   1.890257e-08   2.443790e-07   6.877058e-04   2.400000e+10   6.791079e-07   3.395539e-07   6.342168e-08   1.080795e-03   1.801868e-02   3.184363e-03   1.102074e-07   6.558383e-07  -1.375423e-07  -1.203569e-07   8.442086e-08   3.060788e-07   5.537162e-05   4.125865e+01   1.622826e-01   9.657352e-01  -2.025338e-01
             98            106   9.417557e-03   1.882984e-02   6.863778e-03   9.417556e-03   1.882984e-02   6.863778e-03   1.489509e-03   8.612954e-04   9.752365e-12   2.444309e-09   7.295320e-08   5.457312e-04   2.400000e+10   2.220313e-19   1.110157e-19   1.577201e-19   9.417556e-03   1.882984e-02   6.863778e-03  -6.960699e-20  -1.399183e-19  -1.577201e-19   8.286851e-20  -6.118737e-20   4.139315e-20   5.032075e-03   6.674328e+12  -3.057374e-12  -6.145685e-12  -6.927601e-12
            210            142   3.455144e-03   1.337911e-02   7.607028e-03   3.455144e-03   1.337911e-02   7.607028e-03   9.950838e-04   1.330440e-03   2.944688e-10   1.913166e-11   4.094366e-07   5.692908e-04   2.400000e+10   3.858122e-06   1.214914e-07   1.951947e-06   3.455144e-03   1.337911e-02   7.607028e-03   1.440812e-06  -3.207292e-06  -1.588220e-06  -3.074528e-08   4.077636e-08  -1.102369e-07   5.073528e-05   1.908994e+01   3.734491e-01  -8.313092e-01  -4.116561e-01
             46             86   1.612545e-03   1.586896e-02   2.909414e-03   1.612545e-03   1.586896e-02   2.909414e-03   1.013529e-03   1.991422e-03   5.698172e-11   1.489316e-08   1.956360e-07   6.716795e-04   2.400000e+10   3.567256e-07   1.782331e-07  -9.864554e-08   1.612545e-03   1.586896e-02   2.909414e-03  -1.058605e-07   3.101410e-07   1.409229e-07  -7.604858e-08   4.437158e-08  -1.549672e-07   7.743691e-05   1.170746e+02  -2.967561e-01   8.694106e-01   3.950456e-01
            282            262   7.428936e-03   1.192860e-02   7.041600e-03   7.428936e-03   1.192860e-02   7.041600e-03   1.371424e-03   9.439680e-04   3.061285e-11   6.308304e-09   1.308290e-07   5.591194e-04   2.400000e+10   1.281616e-07   6.408080e-08  -1.970797e-08   7.428936e-03   1.192860e-02   7.041600e-03  -1.227457e-08   4.335150e-08   1.199807e-07  -1.798668e-08  -5.839390e-08   1.931271e-08   5.116736e-05   4.814101e+01  -9.577416e-02   3.382566e-01   9.361676e-01
            282            217   6.711671e-03   1.116942e-02   8.113678e-03   6.711671e-03   1.116942e-02   8.113678e-03   1.095483e-03   1.357097e-03   1.040515e-12   4.296868e-09   2.511429e-08   6.061683e-04   2.400000e+10   8.700971e-22   4.350485e-22  -3.876165e-23   6.711671e-03   1.116942e-02   8.113678e-03   6.501878e-22   5.769075e-22   3.876165e-23  -1.456738e-22   1.927620e-22  -3.617861e-22   2.147026e-02   1.552487e+13   7.775343e-13   6.899013e-13   4.635355e-14
            282            272   8.500008e-03   1.231224e-02   8.952599e-03   8.500008e-03   1.231224e-02   8.952599e-03   9.770510e-04   1.521553e-03   2.600981e-11   2.076979e-08   1.244005e-07   5.949862e-04   2.400000e+10   1.035403e-07   5.177013e-08   5.925983e-08   8.500008e-03   1.231224e-02   8.952599e-03  -8.470725e-08   6.568827e-10  -5.953854e-08   2.273188e-08  -3.292662e-08  -3.285189e-08   9.204334e-05   1.883464e+04  -8.181092e-01   6.344224e-03  -5.750279e-01
             78            150   5.444627e-03   1.698687e-02   3.477035e-03   5.444627e-03   1.698687e-02   3.477035e-03   6.713267e-04   8.195501e-04   8.423367e-12   3.087414e-11   5.575409e-08   3.690351e-04   2.400000e+10   1.265896e-19   6.329481e-20   1.654775e-20   5.444627e-03   1.698687e-02   3.477035e-03  -1.892363e-20   1.240685e-19  -1.654775e-20  -2.606348e-20  -8.105045e-21  -5.710723e-20   4.423808e-03   1.382478e+13  -1.259192e-12   8.255611e-12  -1.101099e-12
             49             96   4.741214e-03   1.626253e-02   1.844259e-03   4.741214e-03   1.626253e-02   1.844259e-03   1.283110e-03   1.856688e-03   9.483916e-12   1.278583e-10   8.482902e-08   7.587544e-04   2.400000e+10   2.441574e-19   1.220787e-19  -2.395925e-19   4.741214e-03   1.626253e-02   1.844259e-03  -4.434839e-20   1.553949e-20   2.395925e-19  -4.820638e-20   1.121513e-19   1.197719e-21   4.367587e-03   4.163427e+15  -1.722645e-12   6.036074e-13   9.306601e-12
             86            110   3.125257e-03   1.497826e-02   3.078819e-03   3.125257e-03   1.497826e-02   3.078819e-03   2.123896e-03   9.610603e-04   6.183040e-11   3.389755e-08   2.022639e-07   6.616600e-04   2.400000e+10   4.001939e-07   2.000969e-07   3.633354e-08   3.125257e-03   1.497826e-02   3.078819e-03  -2.698794e-07  -1.521467e-07  -2.533212e-07   1.626422e-08   1.628317e-07  -1.151525e-07   7.615759e-05   3.524021e+01  -6.743716e-01  -3.801826e-01  -6.329962e-01
            110            101   3.531854e-03   1.430423e-02   4.378448e-03   3.531854e-03   1.430423e-02   4.378448e-03   8.378931e-04   2.005052e-03   3.600862e-11   5.828091e-08   1.458734e-07   5.909432e-04   2.400000e+10   1.680864e-07   8.404320e-08   3.229661e-08   3.531854e-03   1.430423e-02   4.378448e-03   7.079532e-08   1.463467e-07  -4.270473e-08  -6.547213e-08   1.711505e-08  -4.983708e-08   9.191349e-05   2.237718e+02   4.211841e-01   8.706638e-01  -2.540641e-01
            126            134   7.895422e-04   1.563459e-02   7.913484e-03   7.895421e-04   1.563459e-02   7.913484e-03   6.479722e-04   1.227172e-03   1.212169e-10   1.571493e-08   2.267228e-07   4.240598e-04   2.400000e+10   8.794448e-07   4.397224e-07   5.714498e-06   7.895422e-04   1.563459e-02   7.913484e-03  -1.846264e-07  -5.718806e-07  -6.420972e-07   6.022004e-08   3.165295e-07  -2.992297e-07   3.886847e-05   6.706838e-01  -2.099352e-01  -6.502746e-01  -7.301166e-01
            126            238   7.414363e-04   1.428878e-02   7.021005e-03   7.414363e-04   1.428878e-02   7.021005e-03   6.998385e-04   9.309173e-04   3.072948e-10   3.160942e-11   3.503786e-07   3.995030e-04   2.400000e+10   3.445425e-06   2.880679e-07  -4.342045e-06   7.414363e-04   1.428878e-02   7.021005e-03  -1.814145e-07   2.841553e-06   1.940005e-06  -2.111118e-07   1.011410e-07  -1.678851e-07   2.517175e-05   1.180644e+00  -5.265374e-02   8.247322e-01   5.630670e-01
            134            246   1.476449e-03   1.617404e-02   1.023282e-02   1.476449e-03   1.617404e-02   1.023282e-02   9.038926e-04   8.223463e-04   8.975979e-11   1.920755e-11   1.965967e-07   4.305967e-04   2.400000e+10   5.646874e-07   7.289016e-08   5.314063e-06   1.476449e-03   1.617404e-02   1.023282e-02  -2.082031e-07  -7.823961e-08  -5.190394e-07  -6.770601e-08   1.268568e-09   2.696780e-08   6.173494e-05   1.561182e+00  -3.687050e-01  -1.385539e-01  -9.191624e-01
            322            206   2.372185e-03   1.149176e-02   7.519737e-03   2.372185e-03   1.149176e-02   7.519737e-03   1.233881e-03   1.301877e-03   9.379674e-11   7.138038e-11   2.437595e-07   6.334837e-04   2.400000e+10   7.316431e-07   1.308510e-07  -5.088914e-07   2.372185e-03   1.149176e-02   7.519737e-03   5.727481e-07  -3.600009e-07   2.786764e-07   9.374442e-08   7.393548e-08  -5.354924e-08   3.748559e-05   1.522147e+01   7.828245e-01  -4.920445e-01   3.808912e-01
            322            217   3.294728e-03   1.087599e-02   7.825070e-03   3.294728e-03   1.087599e-02   7.825070e-03   1.246138e-03   1.517335e-03   8.835085e-11   1.585087e-09   2.458677e-07   6.842147e-04   2.400000e+10   6.951240e-07   2.624684e-07  -4.245683e-08   3.294728e-03   1.087599e-02   7.825070e-03  -5.798944e-07   3.820653e-07   3.075549e-08  -1.792007e-08   4.744646e-09  -2.618129e-07   4.085026e-05   3.861687e+01  -8.342317e-01   5.496362e-01   4.424461e-02
            101            206   1.811787e-03   1.244955e-02   6.483430e-03   1.811787e-03   1.244955e-02   6.483430e-03   2.392118e-03   1.710466e-03   3.252498e-12   9.815281e-10   5.695453e-08   9.973316e-04   2.400000e+10   1.928023e-20   9.640116e-21   1.699361e-20   1.811787e-03   1.244955e-02   6.483430e-03   7.214115e-21   5.558878e-21  -1.699361e-20   4.817161e-21   7.920959e-21   2.642955e-21   1.208464e-02   1.761285e+11   1.216992e-12   9.377603e-13  -2.866754e-12
            101            216   4.453858e-03   1.346039e-02   5.111306e-03   4.453858e-03   1.346039e-02   5.111306e-03   1.454336e-03   1.237692e-03   1.028879e-10   3.851300e-08   2.622896e-07   6.686484e-04   2.400000e+10   8.635654e-07   4.317827e-07   5.849449e-09   4.453858e-03   1.346039e-02   5.111306e-03  -8.473071e-07  -1.350696e-07  -9.783718e-08  -8.252225e-08   2.829557e-07   3.155352e-07   1.076090e-04   3.510841e+01  -9.811730e-01  -1.564092e-01  -1.132945e-01
            150            198   5.983731e-03   1.581645e-02   4.068764e-03   5.983731e-03   1.581645e-02   4.068764e-03   1.226054e-03   9.874931e-04   7.548138e-12   1.063403e-11   6.425358e-08   5.469591e-04   2.400000e+10   1.171459e-19   5.857293e-20   7.165693e-20   5.983731e-03   1.581645e-02   4.068764e-03   2.750543e-20   8.849795e-20  -7.165693e-20  -1.692813e-20   5.581841e-20  -5.341515e-21   4.196884e-03   1.744852e+13   1.772276e-12   5.702248e-12  -4.617119e-12
             65            133   7.819468e-03   1.013582e-02   1.649016e-03   7.819468e-03   1.013582e-02   1.649016e-03   2.226343e-03   1.750329e-03   4.138854e-10   2.715118e-09   6.368484e-07   9.799229e-04   2.400000e+10   8.434632e-06   4.217316e-06  -3.460874e-06   7.819468e-03   1.013582e-02   1.649016e-03  -3.021414e-06   7.834805e-06   7.936726e-07  -2.871325e-06  -1.386889e-06   2.760034e-06   5.800899e-05   1.861489e+00  -3.582153e-01   9.288851e-01   9.409688e-02
            180            216   8.634357e-03   1.267292e-02   4.515497e-03   8.634357e-03   1.267292e-02   4.515497e-03   1.217835e-03   1.174649e-03   5.213148e-11   4.330837e-09   1.765525e-07   5.979263e-04   2.400000e+10   2.945262e-07   1.472631e-07   3.308825e-08   8.634357e-03   1.267292e-02   4.515497e-03   2.495808e-07  -8.970320e-08  -1.280954e-07   5.734559e-08   1.344823e-07   1.767524e-08   8.151462e-05   6.314821e+01   8.473977e-01  -3.045678e-01  -4.349203e-01
            180             39   9.952536e-03   1.230708e-02   2.662785e-03   9.952536e-03   1.230708e-02   2.662785e-03   9.374774e-04   1.937091e-03   2.675126e-11   4.486442e-11   1.299994e-07   6.317398e-04   2.400000e+10   1.112847e-07   5.563432e-08   7.032769e-08   9.952536e-03   1.230708e-02   2.662785e-03  -5.419387e-08   3.676713e-08   8.997493e-08   3.078108e-08   4.191325e-08   1.977329e-08   9.499523e-05   4.764743e+01  -4.869840e-01   3.303880e-01   8.085112e-01
            180            188   9.766896e-03   1.320637e-02   4.404089e-03   9.766896e-03   1.320637e-02   4.404089e-03   1.657909e-03   1.073538e-03   9.330999e-11   3.770230e-10   2.465793e-07   6.516063e-04   2.400000e+10   7.362661e-07   3.681331e-07   2.748503e-07   9.766896e-03   1.320637e-02   4.404089e-03  -2.500392e-07  -4.614260e-07  -5.163857e-07  -1.554683e-07  -2.139795e-07   2.560553e-07   3.727063e-05   2.337704e+01  -3.396044e-01  -6.267109e-01  -7.013574e-01
            206            261   1.393165e-03   1.276044e-02   8.149607e-03   1.393165e-03   1.276044e-02   8.149607e-03   1.428128e-03   1.054054e-03   4.109336e-11   5.998009e-10   1.578643e-07   6.064520e-04   2.400000e+10   2.075896e-07   1.037948e-07  -1.111000e-06   1.393165e-03   1.276044e-02   8.149607e-03  -1.364342e-08  -1.242533e-07  -1.657360e-07   1.034247e-07  -1.787980e-09  -8.572841e-09   8.170740e-05   6.937589e+00  -6.572305e-02  -5.985526e-01  -7.983829e-01
            216            262   7.634106e-03   1.231131e-02   6.045382e-03   7.634106e-03   1.231131e-02   6.045382e-03   2.534259e-03   1.085917e-03   2.947869e-11   5.733821e-09   1.496970e-07   7.601825e-04   2.400000e+10   1.412119e-07   7.058164e-08   1.320197e-08   7.634106e-03   1.231131e-02   6.045382e-03  -3.513435e-08   1.130787e-07  -7.693879e-08   4.722055e-08  -1.811298e-08  -4.923319e-08   5.235270e-05   5.936392e+01  -2.488060e-01   8.007733e-01  -5.448465e-01
            248            232   1.008621e-02   1.016665e-02   5.193587e-03   1.008621e-02   1.016665e-02   5.193587e-03   1.251555e-03   9.155489e-04   8.999443e-11   2.987113e-08   2.181392e-07   5.287516e-04   2.400000e+10   6.282020e-07   3.106059e-07  -1.419072e-07   1.008621e-02   1.016665e-02   5.193587e-03  -6.083450e-07   8.525903e-08   1.314724e-07  -7.582477e-08  -1.053280e-07  -2.821925e-07   3.962582e-05   1.295204e+02  -9.683907e-01   1.357191e-01   2.092837e-01
            248            193   9.547173e-03   9.375841e-03   5.190589e-03   9.547173e-03   9.375842e-03   5.190589e-03   9.507145e-04   1.426998e-03   9.887590e-11   4.263527e-08   2.375212e-07   5.705769e-04   2.400000e+10   7.515238e-07   3.757619e-07   2.854202e-09   9.547173e-03   9.375841e-03   5.190589e-03  -3.314599e-07   6.743687e-07  -1.221713e-08   2.577628e-07   1.310247e-07   2.399747e-07   7.203046e-05   2.304483e+01  -4.410504e-01   8.973351e-01  -1.625648e-02
            128             56   1.051360e-02   1.612390e-02   7.780357e-04   1.051360e-02   1.612390e-02   7.780357e-04   7.130075e-04   1.084266e-03   9.982624e-12   1.446685e-08   6.552850e-08   4.301459e-04   2.400000e+10   2.089631e-19   1.044816e-19   4.930455e-20   1.051360e-02   1.612390e-02   7.780357e-04  -1.806821e-19  -9.267489e-20  -4.930455e-20  -4.370653e-20   4.986808e-20   8.074224e-20   5.288896e-03   1.394841e+14  -8.631576e-12  -4.427281e-12  -2.355386e-12
            334            318   1.656329e-03   1.123565e-02   9.145226e-03   1.656329e-03   1.123565e-02   9.145226e-03   9.065020e-04   7.617796e-04   9.416159e-11   2.588660e-10   1.974246e-07   4.139318e-04   2.400000e+10   5.948741e-07   2.360587e-07   4.324883e-08   1.656329e-03   1.123565e-02   9.145226e-03  -4.213961e-07   4.141442e-07  -6.917407e-08  -1.659402e-07  -1.548517e-07   6.487292e-08   4.165283e-05   2.292772e+01  -7.083787e-01   6.961880e-01  -1.162836e-01
            318            310   1.872971e-03   9.012029e-03   9.137543e-03   1.872971e-03   9.012029e-03   9.137543e-03   1.267596e-03   1.810104e-03   3.876345e-12   5.296496e-09   5.375765e-08   7.455179e-04   2.400000e+10   2.584849e-20   1.292425e-20  -2.017932e-21   1.872971e-03   9.012029e-03   9.137543e-03   1.567780e-20   2.045187e-20   2.017932e-21  -9.237576e-21   7.575127e-21  -4.931609e-21   9.419516e-03   2.133255e+13   2.351107e-12   3.067047e-12   3.026173e-13
            217            241   5.016257e-03   7.975701e-03   7.442036e-03   5.016257e-03   7.975701e-03   7.442037e-03   1.294630e-03   1.137452e-03   1.781400e-10   2.178292e-09   3.284211e-07   6.054812e-04   2.400000e+10   1.872158e-06   9.360792e-07  -1.192368e-07   5.016257e-03   7.975701e-03   7.442037e-03  -2.965754e-07   1.726583e-06   6.602509e-07  -5.027386e-07   2.073082e-07  -7.619196e-07   5.976637e-05   1.187597e+01  -1.584137e-01   9.222419e-01   3.526683e-01
            217            294   6.137322e-03   1.085441e-02   9.260312e-03   6.137322e-03   1.085441e-02   9.260312e-03   1.851945e-03   2.588680e-03   2.548463e-10   7.060334e-09   5.245300e-07   1.079599e-03   2.400000e+10   4.277586e-06   2.138793e-06   1.096761e-07   6.137322e-03   1.085441e-02   9.260312e-03  -2.516792e-06  -1.160034e-06  -3.258499e-06  -6.811860e-07   2.017922e-06  -1.959904e-07   6.391873e-05   1.225709e+01  -5.883674e-01  -2.711891e-01  -7.617613e-01
            294            217   6.137322e-03   1.085441e-02   9.260312e-03   6.137322e-03   1.085441e-02   9.260312e-03   2.588680e-03   1.851945e-03   2.548463e-10   7.060334e-09   5.245300e-07   1.079599e-03   2.400000e+10   4.277586e-06   2.138793e-06  -1.096761e-07   6.137322e-03   1.085441e-02   9.260312e-03   2.516792e-06   1.160034e-06   3.258499e-06   6.811860e-07  -2.017922e-06   1.959904e-07   6.391873e-05   1.225709e+01   5.883674e-01   2.711891e-01   7.617613e-01
            446            466   1.696567e-03   1.239969e-02   1.680690e-02   1.696567e-03   1.239969e-02   1.680690e-02   1.847320e-03   7.175028e-04   1.928782e-11   3.701404e-09   9.983798e-08   5.167832e-04   2.400000e+10   6.162102e-08   3.081051e-08  -3.316014e-08   1.696567e-03   1.239969e-02   1.680690e-02  -2.927233e-08  -1.012227e-08   5.327120e-08  -2.172696e-08   2.020451e-08  -8.306904e-09   5.857297e-05   1.471754e+02  -4.750381e-01  -1.642665e-01   8.644972e-01
            460            468   5.191680e-03   1.382891e-02   1.728578e-02   5.191680e-03   1.382891e-02   1.728578e-02   7.829324e-04   8.029974e-04   2.045587e-11   1.173224e-09   9.005052e-08   3.964190e-04   2.400000e+10   5.894598e-08   2.944081e-08   1.602668e-07   5.191680e-03   1.382891e-02   1.728578e-02  -1.337071e-08   2.606433e-08   5.115177e-08   2.072476e-08  -1.580360e-08   1.369275e-08   4.965227e-05   1.172474e+01  -2.268299e-01   4.421730e-01   8.677737e-01
            468            418   6.366284e-03   1.316204e-02   1.682975e-02   6.366284e-03   1.316204e-02   1.682975e-02   9.162797e-04   2.584530e-03   1.452330e-11   9.391084e-12   9.911816e-08   6.764584e-04   2.400000e+10   4.606473e-08   6.059729e-09  -2.986599e-08   6.366284e-03   1.316204e-02   1.682975e-02  -4.513888e-08   4.714226e-09  -7.887758e-09  -8.811502e-10   1.340391e-09   5.843564e-09   6.433821e-05   2.162546e+01  -9.799012e-01   1.023392e-01  -1.712320e-01
            386            226   5.169832e-03   1.845296e-02   1.430808e-02   5.169832e-03   1.845296e-02   1.430808e-02   1.019324e-03   2.149307e-03   5.835801e-12   5.357041e-10   6.352136e-08   6.914154e-04   2.400000e+10   6.922623e-20   3.461312e-20  -6.541525e-20   5.169832e-03   1.845296e-02   1.430808e-02  -2.070392e-20   9.190449e-21   6.541525e-20   7.190885e-21   3.377970e-20  -2.300194e-21   9.599754e-03   4.690336e+12  -1.745350e-12   7.747587e-13   5.514533e-12
            430            254   3.160601e-03   1.412160e-02   1.405676e-02   3.160601e-03   1.412160e-02   1.405676e-02   1.175470e-03   1.148269e-03   7.685064e-11   5.701158e-09   2.112797e-07   5.808552e-04   2.400000e+10   5.195833e-07   2.597916e-07   4.813640e-07   3.160601e-03   1.412160e-02   1.405676e-02   3.560193e-07  -2.053735e-07   3.178659e-07   1.618812e-08  -2.091453e-07  -1.532575e-07   9.168502e-05   1.389336e+01   6.852016e-01  -3.952658e-01   6.117709e-01
            384            398   8.667806e-03   1.070686e-02   1.585168e-02   8.667806e-03   1.070686e-02   1.585168e-02   1.206444e-03   2.457978e-03   2.060808e-11   3.186912e-08   1.291393e-07   8.092442e-04   2.400000e+10   8.516203e-08   4.258102e-08   1.569217e-09   8.667806e-03   1.070686e-02   1.585168e-02   1.339588e-08   4.218589e-08  -7.275626e-08  -9.672288e-09  -3.506580e-08  -2.213548e-08   9.531103e-05   1.454194e+02   1.572988e-01   4.953603e-01  -8.543274e-01
            226            314   5.196248e-03   1.739959e-02   1.239068e-02   5.196248e-03   1.739959e-02   1.239068e-02   2.510291e-03   1.383564e-03   1.804130e-11   1.584695e-09   1.268544e-07   8.919561e-04   2.400000e+10   7.323582e-08   3.661791e-08   2.167934e-07   5.196248e-03   1.739959e-02   1.239068e-02   1.432025e-08   6.279183e-08   3.486548e-08  -2.297423e-08  -9.519722e-09   2.687807e-08   1.299752e-04   3.521400e+01   1.955361e-01   8.573923e-01   4.760715e-01
            366            314   4.081094e-03   1.380885e-02   1.213965e-02   4.081094e-03   1.380885e-02   1.213965e-02   1.778611e-03   1.646138e-03   4.694260e-11   2.562819e-09   2.003285e-07   8.549060e-04   2.400000e+10   3.009261e-07   1.504631e-07   3.891257e-08   4.081094e-03   1.380885e-02   1.213965e-02  -2.560310e-08  -2.918085e-07   6.891183e-08  -1.449329e-07   2.088658e-08   3.460248e-08   1.034289e-04   5.910958e+01  -8.508099e-02  -9.697013e-01   2.289991e-01
            246            134   1.476449e-03   1.617404e-02   1.023282e-02   1.476449e-03   1.617404e-02   1.023282e-02   8.223463e-04   9.038926e-04   8.975979e-11   1.920755e-11   1.965967e-07   4.305967e-04   2.400000e+10   5.646874e-07   7.289016e-08  -5.314063e-06   1.476449e-03   1.617404e-02   1.023282e-02   2.082031e-07   7.823961e-08   5.190394e-07   6.770601e-08  -1.268568e-09  -2.696780e-08   6.173494e-05   1.561182e+00   3.687050e-01   1.385539e-01   9.191624e-01
            261            206   1.393165e-03   1.276044e-02   8.149607e-03   1.393165e-03   1.276044e-02   8.149607e-03   1.054054e-03   1.428128e-03   4.109336e-11   5.998009e-10   1.578643e-07   6.064520e-04   2.400000e+10   2.075896e-07   1.037948e-07   1.111000e-06   1.393165e-03   1.276044e-02   8.149607e-03   1.364342e-08   1.242533e-07   1.657360e-07  -1.034247e-07   1.787980e-09   8.572841e-09   8.170740e-05   6.937589e+00   6.572305e-02   5.985526e-01   7.983829e-01
              3             43   1.785292e-02   2.201068e-03   2.168035e-03   1.785293e-02   2.201075e-03   2.168042e-03   1.430040e-03   2.523100e-03   1.246756e-08   4.210158e-09   3.373347e-06   9.127261e-04   2.400000e+10   1.345837e-03   3.614175e-04  -7.391959e-04   1.785292e-02   2.201072e-03   2.168039e-03   8.113117e-04   7.670635e-04   7.514412e-04   2.817476e-04  -2.060981e-04  -9.361865e-05   2.294546e-05   4.118409e+00   6.028306e-01   5.699528e-01   5.583449e-01
             43             31   1.580341e-02   1.310964e-03   9.638230e-04   1.580342e-02   1.310969e-03   9.638270e-04   2.475333e-03   9.002598e-04   1.138698e-08   3.068875e-06   2.741763e-06   6.601634e-04   2.400000e+10   9.990523e-04   4.995262e-04  -3.426590e-04   1.580342e-02   1.310967e-03   9.638250e-04   8.430482e-04   4.089774e-04   3.465729e-04  -2.218590e-04   4.473923e-04   1.204633e-05   1.199792e-05   2.141810e+00   8.438479e-01   4.093654e-01   3.469017e-01
            195            192   1.337823e-02   7.394058e-03   4.764079e-03   1.337823e-02   7.394058e-03   4.764079e-03   1.055697e-03   1.093865e-03   9.873883e-12   8.590715e-09   7.283170e-08   5.372210e-04   2.400000e+10   2.272199e-19   1.136100e-19   3.183345e-20   1.337823e-02   7.394058e-03   4.764079e-03   1.244780e-20  -2.246343e-19  -3.183345e-20  -1.073240e-19  -1.005896e-20   3.588318e-20   3.769415e-03   6.328742e+14   5.409215e-13  -9.761525e-12  -1.383328e-12
            267            299   1.198358e-02   6.458183e-03   7.858319e-03   1.198358e-02   6.458183e-03   7.858319e-03   1.071867e-03   2.795970e-03   1.756078e-10   3.604314e-09   3.688710e-07   7.748279e-04   2.400000e+10   2.072851e-06   1.009392e-06   6.610449e-07   1.198358e-02   6.458183e-03   7.858319e-03  -6.669548e-07  -1.698034e-06  -9.841559e-07   3.164859e-07  -5.694260e-07   7.710148e-07   3.335096e-05   1.581094e+01  -3.217572e-01  -8.191781e-01  -4.747837e-01
            267            279   1.142676e-02   5.665535e-03   8.013743e-03   1.142676e-02   5.665535e-03   8.013743e-03   1.015385e-03   1.308421e-03   1.958291e-10   1.061946e-10   3.346015e-07   5.717136e-04   2.400000e+10   2.096790e-06   1.048395e-06   7.933636e-07   1.142676e-02   5.665535e-03   8.013743e-03   1.429512e-06   9.539427e-07  -1.201257e-06   8.714994e-08   8.476624e-07   6.107421e-07   3.434449e-05   1.337334e+01   6.817619e-01   4.549538e-01  -5.729029e-01
             55             87   1.349280e-02   1.409800e-03   2.164827e-03   1.349280e-02   1.409800e-03   2.164827e-03   8.441310e-04   2.150241e-03   1.011986e-10   8.376314e-12   2.476754e-07   6.061656e-04   2.400000e+10   8.020607e-07   6.338421e-08  -2.853837e-08   1.349280e-02   1.409800e-03   2.164827e-03   6.833539e-07  -2.208718e-07   3.571338e-07   5.629389e-09   5.794579e-08   2.506298e-08   6.523220e-05   1.508020e+01   8.519977e-01  -2.753804e-01   4.452702e-01
            283            331   1.529890e-02   5.300505e-03   1.031247e-02   1.529890e-02   5.300505e-03   1.031247e-02   2.123114e-03   1.571882e-03   2.911674e-11   1.330786e-06   1.621665e-07   9.031903e-04   2.400000e+10   1.510963e-07   7.554815e-08   9.940921e-08   1.529890e-02   5.300505e-03   1.031247e-02  -2.522418e-08   5.003076e-08  -1.403238e-07  -3.203152e-08  -6.614705e-08  -1.749495e-08   8.061631e-05   3.806218e+02  -1.669411e-01   3.311183e-01  -9.287041e-01
             87             71   1.104191e-02   2.108052e-03   1.451991e-03   1.104191e-02   2.108052e-03   1.451991e-03   2.495685e-03   1.325837e-03   2.093318e-10   4.811818e-08   4.257351e-07   8.658518e-04   2.400000e+10   2.851837e-06   5.011015e-07  -1.904985e-07   1.104191e-02   2.108052e-03   1.451991e-03   2.826542e-06  -3.211441e-08   3.776268e-07   2.475309e-08   4.895641e-07  -1.040048e-07   6.458885e-05   2.105116e+01   9.911304e-01  -1.126096e-02   1.324153e-01
            299            208   1.364434e-02   8.894702e-03   7.956029e-03   1.364434e-02   8.894702e-03   7.956029e-03   2.825139e-03   1.545251e-03   9.506669e-11   1.323576e-09   3.081580e-07   9.988921e-04   2.400000e+10   9.374580e-07   2.502562e-07   4.177089e-07   1.364434e-02   8.894702e-03   7.956029e-03  -2.325860e-07  -8.635540e-07  -2.810795e-07  -1.728476e-07   9.360350e-08  -1.548879e-07   9.362401e-05   7.983314e+01  -2.481029e-01  -9.211655e-01  -2.998316e-01
            135            191   1.233434e-02   2.225250e-03   5.906775e-03   1.233434e-02   2.225250e-03   5.906775e-03   2.821620e-03   1.294838e-03   2.065598e-11   1.318138e-09   1.353998e-07   8.875446e-04   2.400000e+10   8.949812e-08   4.472807e-08  -8.302541e-08   1.233434e-02   2.225250e-03   5.906775e-03   4.228782e-08  -8.162688e-09  -7.845397e-08  -3.713728e-08  -1.658481e-08  -1.861094e-08   5.504737e-05   4.275077e+01   4.724995e-01  -9.120513e-02  -8.765990e-01
            199            315   1.549031e-02   1.817415e-03   1.080585e-02   1.549031e-02   1.817415e-03   1.080585e-02   9.275832e-04   2.112491e-03   7.070951e-10   8.936829e-06   6.751040e-07   6.445603e-04   2.400000e+10   1.527561e-05   7.637805e-06   4.758363e-08   1.549031e-02   1.817415e-03   1.080585e-02  -4.910300e-06   8.887928e-08  -1.446462e-05  -6.604328e-06   3.101212e-06   2.258626e-06   5.129108e-05   1.721425e+00  -3.214470e-01   5.818379e-03  -9.469097e-01
            184            232   1.071110e-02   1.026290e-02   4.210870e-03   1.071110e-02   1.026290e-02   4.210870e-03   1.611919e-03   1.022685e-03   1.155327e-10   9.518227e-08   2.688668e-07   6.257050e-04   2.400000e+10   9.940131e-07   4.970065e-07   1.171733e-07   1.071110e-02   1.026290e-02   4.210870e-03  -2.473658e-07  -2.136857e-07  -9.387281e-07  -4.100361e-07  -2.304809e-07   1.605130e-07   3.569246e-05   9.205699e+00  -2.488557e-01  -2.149727e-01  -9.443821e-01
            193            248   9.547173e-03   9.375842e-03   5.190589e-03   9.547173e-03   9.375841e-03   5.190589e-03   1.426998e-03   9.507145e-04   9.887590e-11   4.263527e-08   2.375212e-07   5.705769e-04   2.400000e+10   7.515238e-07   3.757619e-07  -2.854202e-09   9.547173e-03   9.375841e-03   5.190589e-03   3.314599e-07  -6.743687e-07   1.221713e-08  -2.577628e-07  -1.310247e-07  -2.399747e-07   7.203046e-05   2.304483e+01   4.410504e-01  -8.973351e-01   1.625648e-02
            263            295   1.046116e-02   1.933698e-03   7.694580e-03   1.046116e-02   1.933698e-03   7.694580e-03   1.004733e-03   1.442754e-03   1.627712e-11   1.671705e-10   9.818612e-08   5.922740e-04   2.400000e+10   5.114198e-08   2.556062e-08  -4.072195e-08   1.046116e-02   1.933698e-03   7.694580e-03   4.413622e-08  -2.707505e-09  -2.569368e-08  -1.023430e-08  -1.509346e-08  -1.791067e-08   5.906362e-05   3.596579e+01   8.630136e-01  -5.294095e-02  -5.023990e-01
            279            289   8.437163e-03   5.638186e-03   8.947724e-03   8.437163e-03   5.638186e-03   8.947724e-03   1.101966e-03   9.246929e-04   1.336842e-10   8.133986e-09   2.592582e-07   5.027881e-04   2.400000e+10   1.109079e-06   5.539786e-07  -9.299872e-08   8.437163e-03   5.638186e-03   8.947724e-03   7.783776e-07  -7.621104e-07  -2.082591e-07  -9.352705e-08   5.299732e-08  -5.434485e-07   3.901708e-05   4.757493e+00   7.018235e-01  -6.871562e-01  -1.877767e-01
            335            403   1.294004e-02   1.050347e-03   1.200356e-02   1.294004e-02   1.050347e-03   1.200356e-02   1.170399e-03   1.564773e-03   1.000201e-11   1.730613e-07   8.183590e-08   6.695771e-04   2.400000e+10   2.619274e-08   3.528747e-09   1.964288e-08   1.294004e-02   1.050347e-03   1.200356e-02   8.534250e-09  -6.781298e-09  -2.381680e-08  -3.218757e-09   5.887683e-10  -1.320989e-09   6.469537e-05   1.101537e+03   3.258250e-01  -2.588999e-01  -9.092903e-01
            303            295   9.840386e-03   1.803540e-03   9.186203e-03   9.840386e-03   1.803540e-03   9.186203e-03   2.071332e-03   1.708380e-03   5.425036e-11   2.394084e-09   2.253663e-07   9.362146e-04   2.400000e+10   3.912386e-07   1.956193e-07   3.364781e-07   9.840386e-03   1.803540e-03   9.186203e-03   1.374179e-07  -1.573694e-08   3.659730e-07  -6.646103e-08   1.810665e-07   3.263076e-08   7.214860e-05   3.018442e+01   3.512382e-01  -4.022339e-02   9.354217e-01
            409            401   1.362327e-02   8.406229e-03   1.531778e-02   1.362327e-02   8.406229e-03   1.531778e-02   1.777194e-03   2.094395e-03   1.528833e-11   4.995147e-08   1.212362e-07   9.614001e-04   2.400000e+10   5.931196e-08   2.965598e-08  -2.468490e-09   1.362327e-02   8.406229e-03   1.531778e-02   3.050018e-08  -4.516129e-08   2.341166e-08   1.582526e-08   1.910123e-08   1.625365e-08   9.323679e-05   3.089527e+02   5.142332e-01  -7.614196e-01   3.947206e-01
            415            375   1.077727e-02   3.213250e-03   1.338154e-02   1.077727e-02   3.213250e-03   1.338154e-02   1.260302e-03   1.397026e-03   2.216762e-11   8.794600e-09   1.211927e-07   6.625734e-04   2.400000e+10   8.596975e-08   4.298488e-08   4.401930e-09   1.077727e-02   3.213250e-03   1.338154e-02   5.374329e-08   5.888082e-08   3.217929e-08   2.273425e-08  -3.130939e-08   1.872366e-08   9.325350e-05   1.189266e+02   6.251418e-01   6.849016e-01   3.743094e-01
            315            199   1.549031e-02   1.817415e-03   1.080585e-02   1.549031e-02   1.817415e-03   1.080585e-02   2.112491e-03   9.275832e-04   7.070951e-10   8.936829e-06   6.751040e-07   6.445603e-04   2.400000e+10   1.527561e-05   7.637805e-06  -4.758363e-08   1.549031e-02   1.817415e-03   1.080585e-02   4.910300e-06  -8.887928e-08   1.446462e-05   6.604328e-06  -3.101212e-06  -2.258626e-06   5.129108e-05   1.721425e+00   3.214470e-01  -5.818379e-03   9.469097e-01
            331             59   1.663303e-02   5.491430e-03   1.139567e-02   1.663303e-02   5.491430e-03   1.139567e-02   9.934929e-04   2.058019e-03   5.287785e-11   3.129588e-06   1.882290e-07   6.700375e-04   2.400000e+10   3.185006e-07   1.592503e-07   2.223721e-08   1.663303e-02   5.491430e-03   1.139567e-02  -2.531122e-07  -1.847726e-07  -5.688504e-08  -1.971463e-09   5.385544e-08  -1.498545e-07   7.894583e-05   6.209868e+01  -7.946993e-01  -5.801328e-01  -1.786026e-01
            331            283   1.529890e-02   5.300505e-03   1.031247e-02   1.529890e-02   5.300505e-03   1.031247e-02   1.571882e-03   2.123114e-03   2.911674e-11   1.330786e-06   1.621665e-07   9.031903e-04   2.400000e+10   1.510963e-07   7.554815e-08  -9.940921e-08   1.529890e-02   5.300505e-03   1.031247e-02   2.522418e-08  -5.003076e-08   1.403238e-07   3.203152e-08   6.614705e-08   1.749495e-08   8.061631e-05   3.806218e+02   1.669411e-01  -3.311183e-01   9.287041e-01
            428            356   1.537667e-02   9.547389e-03   1.665798e-02   1.537667e-02   9.547389e-03   1.665798e-02   1.070104e-03   9.895721e-04   5.539627e-12   3.320822e-10   5.336758e-08   5.141318e-04   2.400000e+10   5.240690e-20   2.620345e-20  -3.807311e-20   1.537667e-02   9.547389e-03   1.665798e-02   1.849356e-20  -3.090162e-20   3.807311e-20   1.834704e-20   1.769649e-20   6.069693e-21   4.848753e-03   1.455455e+13   1.954846e-12  -3.266429e-12   4.024486e-12
             20            122   1.658799e-02   1.906567e-02   5.454721e-03   1.658799e-02   1.906567e-02   5.454721e-03   1.835213e-03   8.082586e-04   2.355997e-11   2.341778e-08   1.149790e-07   5.611282e-04   2.400000e+10   8.668485e-08   4.334242e-08   1.459221e-08   1.658799e-02   1.906567e-02   5.454721e-03   6.010385e-08  -2.822818e-08  -5.572216e-08  -1.313089e-09  -3.924324e-08   1.835238e-08   5.458029e-05   6.468764e+01   6.933605e-01  -3.256414e-01  -6.428132e-01
             60             76   1.608384e-02   1.567508e-02   1.589132e-03   1.608384e-02   1.567508e-02   1.589132e-03   2.284565e-03   2.514457e-03   6.070145e-11   4.376312e-06   2.695548e-07   1.197002e-03   2.400000e+10   5.235957e-07   2.617979e-07   5.356657e-09   1.608384e-02   1.567508e-02   1.589132e-03   4.758788e-07  -2.137236e-07  -4.487797e-08  -1.092005e-07  -2.338926e-07  -4.367639e-08   8.117153e-05   8.846068e+01   9.088669e-01  -4.081845e-01  -8.571111e-02
            124            144   1.667514e-02   1.563288e-02   4.599750e-03   1.667514e-02   1.563288e-02   4.599750e-03   1.476923e-03   1.924810e-03   1.797261e-11   2.063207e-08   1.225542e-07   8.356906e-04   2.400000e+10   7.048380e-08   3.461038e-08   3.078879e-08   1.667514e-02   1.563288e-02   4.599750e-03   2.681477e-08   5.540750e-08  -3.433575e-08   2.619838e-08   1.394051e-09   2.257389e-08   9.273406e-05   1.881122e+03   3.804387e-01   7.861026e-01  -4.871438e-01
             40             90   1.096182e-02   1.862854e-02   2.957539e-03   1.096182e-02   1.862854e-02   2.957539e-03   1.112333e-03   1.120812e-03   1.459303e-11   3.137542e-11   9.026056e-08   5.582782e-04   2.400000e+10   4.214959e-08   5.020171e-09   2.795569e-08   1.096182e-02   1.862854e-02   2.957539e-03   2.833409e-08   2.130456e-08  -2.280094e-08   3.946361e-09   2.156343e-09  -2.231265e-09   9.111086e-05   7.833301e+02   6.722270e-01   5.054511e-01  -5.409528e-01
             56            128   1.051360e-02   1.612390e-02   7.780357e-04   1.051360e-02   1.612390e-02   7.780357e-04   1.084266e-03   7.130075e-04   9.982624e-12   1.446685e-08   6.552850e-08   4.301459e-04   2.400000e+10   2.089631e-19   1.044816e-19  -4.930455e-20   1.051360e-02   1.612390e-02   7.780357e-04   1.806821e-19   9.267489e-20   4.930455e-20   4.370653e-20  -4.986808e-20  -8.074224e-20   5.288896e-03   1.394841e+14   8.631576e-12   4.427281e-12   2.355386e-12
            168            232   1.138250e-02   1.059975e-02   4.749187e-03   1.138250e-02   1.059975e-02   4.749187e-03   2.839888e-03   1.017576e-03   8.840252e-12   1.058621e-07   8.137958e-08   7.491456e-04   2.400000e+10   2.035142e-19   1.017571e-19   2.502877e-20   1.138250e-02   1.059975e-02   4.749187e-03   1.879456e-19   7.394622e-20  -2.502877e-20   3.151860e-20  -7.592019e-20  -5.997677e-20   4.937916e-03   2.839684e+10   8.163983e-12   3.212076e-12  -1.087200e-12
            114             90   1.047784e-02   1.638691e-02   3.820438e-03   1.047784e-02   1.638691e-02   3.820438e-03   2.697822e-03   1.077277e-03   9.927517e-12   2.345338e-07   8.742316e-08   7.698611e-04   2.400000e+10   2.757133e-19   1.378567e-19  -1.107000e-19   1.047784e-02   1.638691e-02   3.820438e-03   7.775905e-20  -2.402434e-19   1.107000e-19  -1.222092e-19  -5.864870e-20  -2.509388e-20   7.901673e-03   3.871109e+12   2.799844e-12  -8.650362e-12   3.985939e-12
            114            188   1.037683e-02   1.407744e-02   4.620930e-03   1.037683e-02   1.407744e-02   4.620930e-03   2.450570e-03   1.204405e-03   6.697419e-11   1.476267e-10   2.325581e-07   8.075238e-04   2.400000e+10   4.984124e-07   2.492062e-07   1.458797e-07   1.037683e-02   1.407744e-02   4.620930e-03   2.670587e-07   3.985120e-07  -1.352138e-07   4.941907e-08   6.818256e-08   2.345477e-07   4.200296e-05   2.441795e+02   5.358187e-01   7.995628e-01  -2.712890e-01
             39            180   9.952536e-03   1.230708e-02   2.662785e-03   9.952536e-03   1.230708e-02   2.662785e-03   1.937091e-03   9.374774e-04   2.675126e-11   4.486442e-11   1.299994e-07   6.317398e-04   2.400000e+10   1.112847e-07   5.563432e-08  -7.032769e-08   9.952536e-03   1.230708e-02   2.662785e-03   5.419387e-08  -3.676713e-08  -8.997493e-08  -3.078108e-08  -4.191325e-08  -1.977329e-08   9.499523e-05   4.764743e+01   4.869840e-01  -3.303880e-01  -8.085112e-01
            208            299   1.364434e-02   8.894702e-03   7.956029e-03   1.364434e-02   8.894702e-03   7.956029e-03   1.545251e-03   2.825139e-03   9.506669e-11   1.323576e-09   3.081580e-07   9.988921e-04   2.400000e+10   9.374580e-07   2.502562e-07  -4.177089e-07   1.364434e-02   8.894702e-03   7.956029e-03   2.325860e-07   8.635540e-07   2.810795e-07   1.728476e-07  -9.360350e-08   1.548879e-07   9.362401e-05   7.983314e+01   2.481029e-01   9.211655e-01   2.998316e-01
            208            300   1.455126e-02   1.202650e-02   1.027390e-02   1.455126e-02   1.202650e-02   1.027390e-02   1.352826e-03   2.448951e-03   6.262471e-11   3.373330e-08   2.336095e-07   8.714356e-04   2.400000e+10   4.681513e-07   2.340756e-07   4.766856e-07   1.455126e-02   1.202650e-02   1.027390e-02  -2.883667e-07  -2.404333e-07  -2.796463e-07   8.839784e-08  -2.008359e-07   8.149941e-08   1.140234e-04   8.914285e+01  -6.159690e-01  -5.135804e-01  -5.973419e-01
            272            282   8.500008e-03   1.231224e-02   8.952599e-03   8.500008e-03   1.231224e-02   8.952599e-03   1.521553e-03   9.770510e-04   2.600981e-11   2.076979e-08   1.244005e-07   5.949862e-04   2.400000e+10   1.035403e-07   5.177013e-08  -5.925983e-08   8.500008e-03   1.231224e-02   8.952599e-03   8.470725e-08  -6.568827e-10   5.953854e-08  -2.273188e-08   3.292662e-08   3.285189e-08   9.204334e-05   1.883464e+04   8.181092e-01  -6.344224e-03   5.750279e-01
            188            180   9.766896e-03   1.320637e-02   4.404089e-03   9.766896e-03   1.320637e-02   4.404089e-03   1.073538e-03   1.657909e-03   9.330999e-11   3.770230e-10   2.465793e-07   6.516063e-04   2.400000e+10   7.362661e-07   3.681331e-07  -2.748503e-07   9.766896e-03   1.320637e-02   4.404089e-03   2.500392e-07   4.614260e-07   5.163857e-07   1.554683e-07   2.139795e-07  -2.560553e-07   3.727063e-05   2.337704e+01   3.396044e-01   6.267109e-01   7.013574e-01
            232            248   1.008621e-02   1.016665e-02   5.193587e-03   1.008621e-02   1.016665e-02   5.193587e-03   9.155489e-04   1.251555e-03   8.999443e-11   2.987113e-08   2.181392e-07   5.287516e-04   2.400000e+10   6.282020e-07   3.106059e-07   1.419072e-07   1.008621e-02   1.016665e-02   5.193587e-03   6.083450e-07  -8.525903e-08  -1.314724e-07   7.582477e-08   1.053280e-07   2.821925e-07   3.962582e-05   1.295204e+02   9.683907e-01  -1.357191e-01  -2.092837e-01
            232            184   1.071110e-02   1.026290e-02   4.210870e-03   1.071110e-02   1.026290e-02   4.210870e-03   1.022685e-03   1.611919e-03   1.155327e-10   9.518227e-08   2.688668e-07   6.257050e-04   2.400000e+10   9.940131e-07   4.970065e-07  -1.171733e-07   1.071110e-02   1.026290e-02   4.210870e-03   2.473658e-07   2.136857e-07   9.387281e-07   4.100361e-07   2.304809e-07  -1.605130e-07   3.569246e-05   9.205699e+00   2.488557e-01   2.149727e-01   9.443821e-01
            257            300   1.500231e-02   1.421392e-02   1.030528e-02   1.500231e-02   1.421392e-02   1.030528e-02   2.820627e-03   1.913974e-03   1.256369e-10   3.141773e-08   3.784930e-07   1.140245e-03   2.400000e+10   1.521686e-06   7.608432e-07   1.242420e-07   1.500231e-02   1.421392e-02   1.030528e-02  -1.034598e-06   1.046757e-06  -3.865674e-07   3.609015e-07   5.148392e-07   4.284542e-07   9.573337e-05   5.480333e+01  -6.799025e-01   6.878930e-01  -2.540388e-01
            257            274   1.495066e-02   1.678253e-02   1.152710e-02   1.495066e-02   1.678253e-02   1.152710e-02   1.609853e-03   1.211990e-03   2.203141e-10   3.245747e-10   3.902990e-07   6.914367e-04   2.400000e+10   2.751628e-06   5.429437e-07   1.037089e-06   1.495066e-02   1.678253e-02   1.152710e-02  -1.207884e-06  -2.280969e-06  -9.537584e-07   1.705394e-07   1.096240e-07  -5.036732e-07   3.269849e-05   5.250006e+01  -4.389708e-01  -8.289523e-01  -3.466160e-01
            300            208   1.455126e-02   1.202650e-02   1.027390e-02   1.455126e-02   1.202650e-02   1.027390e-02   2.448951e-03   1.352826e-03   6.262471e-11   3.373330e-08   2.336095e-07   8.714356e-04   2.400000e+10   4.681513e-07   2.340756e-07  -4.766856e-07   1.455126e-02   1.202650e-02   1.027390e-02   2.883667e-07   2.404333e-07   2.796463e-07  -8.839784e-08   2.008359e-07  -8.149941e-08   1.140234e-04   8.914285e+01   6.159690e-01   5.135804e-01   5.973419e-01
            376            268   1.729977e-02   1.481432e-02   1.564387e-02   1.729977e-02   1.481432e-02   1.564387e-02   2.154760e-03   1.465934e-03   1.258715e-11   2.942646e-10   1.047911e-07   8.724117e-04   2.400000e+10   4.220869e-08   2.110434e-08  -2.467052e-08   1.729977e-02   1.481432e-02   1.564387e-02   1.946123e-08   2.846622e-08   2.434148e-08   1.905636e-08  -6.892306e-09  -5.894463e-09   1.430050e-04   3.141789e+04   4.610718e-01   6.744162e-01   5.766936e-01
            396            370   1.438821e-02   1.597040e-02   1.384110e-02   1.438821e-02   1.597040e-02   1.384110e-02   1.596973e-03   1.269632e-03   9.662856e-11   6.341247e-09   2.614307e-07   7.073064e-04   2.400000e+10   8.083734e-07   1.573007e-07  -6.939167e-07   1.438821e-02   1.597040e-02   1.384110e-02   2.582080e-07  -3.621647e-07   6.750058e-07  -9.635722e-08   8.348338e-08   9.213747e-08   3.619652e-05   4.328881e+02   3.194168e-01  -4.480166e-01   8.350174e-01
            250            274   1.536950e-02   1.767060e-02   1.209688e-02   1.536950e-02   1.767060e-02   1.209688e-02   1.729880e-03   1.229775e-03   2.457154e-10   5.709725e-08   4.202585e-07   7.187875e-04   2.400000e+10   3.304447e-06   1.652224e-06  -2.369773e-06   1.536950e-02   1.767060e-02   1.209688e-02   1.066313e-06   1.221962e-06   2.879090e-06   2.854102e-07   1.452754e-06  -7.334091e-07   3.151144e-05   2.273365e+01   3.226904e-01   3.697931e-01   8.712772e-01
            356            428   1.537667e-02   9.547389e-03   1.665798e-02   1.537667e-02   9.547389e-03   1.665798e-02   9.895721e-04   1.070104e-03   5.539627e-12   3.320822e-10   5.336758e-08   5.141318e-04   2.400000e+10   5.240690e-20   2.620345e-20   3.807311e-20   1.537667e-02   9.547389e-03   1.665798e-02  -1.849356e-20   3.090162e-20  -3.807311e-20  -1.834704e-20  -1.769649e-20  -6.069693e-21   4.848753e-03   1.455455e+13  -1.954846e-12   3.266429e-12  -4.024486e-12
