              6

              1
             32
          pos_x          pos_y          pos_z       normal_x       normal_y       normal_z        tangt_x        tangt_y        tangt_z          pentr
   2.190536e-04   3.316547e-03   1.283200e-03  -2.579553e-04   0.000000e+00   0.000000e+00  -0.000000e+00   4.339448e-06   2.833634e-05   3.029093e-09
   2.190536e-04   9.052740e-03   1.454522e-03  -3.166987e-04   0.000000e+00   0.000000e+00  -0.000000e+00  -5.151271e-05   1.091010e-04   2.298633e-09
   2.190536e-04   1.180090e-03   2.275008e-03  -3.940082e-09   0.000000e+00   0.000000e+00   0.000000e+00  -9.787539e-10   1.709709e-09   1.432017e-12
   2.190536e-04   3.848106e-03   2.728699e-03  -1.782071e-10   0.000000e+00   0.000000e+00  -0.000000e+00  -6.312471e-11   5.390377e-11   1.882449e-13
   2.190536e-04   6.010878e-03   2.990735e-03  -6.210454e-06   0.000000e+00   0.000000e+00  -0.000000e+00   2.912613e-07   4.501536e-07   2.033973e-10
   2.190536e-04   1.509975e-03   6.406385e-03  -3.437492e-04   0.000000e+00   0.000000e+00  -0.000000e+00   2.100760e-05  -2.243997e-06   3.362510e-09
   2.190536e-04   6.059095e-03   5.526675e-03  -1.199342e-05   0.000000e+00   0.000000e+00  -0.000000e+00   5.425679e-06   1.617718e-06   2.697976e-10
   2.190536e-04   1.319226e-03   9.178718e-03  -2.190587e-04   0.000000e+00   0.000000e+00  -0.000000e+00   9.661632e-05   4.321669e-05   2.292883e-09
   2.190536e-04   1.263335e-03   4.262357e-03  -9.119252e-05   0.000000e+00   0.000000e+00  -0.000000e+00   2.488390e-05   5.065464e-06   1.255446e-09
   2.190536e-04   6.691747e-03   8.054452e-03  -1.900749e-09   0.000000e+00   0.000000e+00  -0.000000e+00  -1.090789e-10  -6.910241e-10   9.979091e-13
   2.190536e-04   8.465233e-03   1.741789e-02  -5.074057e-04   0.000000e+00   0.000000e+00  -0.000000e+00  -2.699579e-05  -2.441713e-04   3.625695e-09
   2.190536e-04   1.292970e-03   1.695297e-02  -9.537524e-05   0.000000e+00   0.000000e+00  -0.000000e+00   4.556353e-06  -1.242859e-06   1.465040e-09
   2.190536e-04   1.253549e-03   1.406571e-02  -2.517131e-04   0.000000e+00   0.000000e+00  -0.000000e+00   1.710190e-05  -6.847831e-06   2.769688e-09
   2.190536e-04   8.678607e-03   1.341547e-02  -3.054532e-10   0.000000e+00   0.000000e+00   0.000000e+00  -4.819510e-11   1.449229e-10   3.138806e-13
   2.190536e-04   7.084818e-03   1.321964e-02  -9.039259e-06   0.000000e+00   0.000000e+00  -0.000000e+00   1.407656e-06   2.527683e-07   2.828519e-10
   2.190536e-04   9.079346e-03   1.134286e-02  -2.293507e-10   0.000000e+00   0.000000e+00  -0.000000e+00  -2.727103e-11   9.229439e-11   2.050652e-13
   2.190536e-04   1.785812e-02   1.040450e-03  -9.005921e-04   0.000000e+00   0.000000e+00  -0.000000e+00  -8.034587e-05   2.728590e-04   5.825564e-09
   2.190536e-04   1.424164e-02   5.096167e-03  -6.178509e-06   0.000000e+00   0.000000e+00  -0.000000e+00  -2.282511e-06  -1.289406e-06   2.434997e-10
   2.190536e-04   1.791872e-02   5.222825e-03  -1.865099e-04   0.000000e+00   0.000000e+00  -0.000000e+00  -6.438630e-05   3.564372e-05   1.967381e-09
   2.190536e-04   1.807445e-02   7.443467e-03  -3.027923e-04   0.000000e+00   0.000000e+00  -0.000000e+00  -2.460740e-05   5.523980e-06   2.917223e-09
   2.190536e-04   1.705652e-02   3.040453e-03  -5.410146e-07   0.000000e+00   0.000000e+00  -0.000000e+00   2.273092e-07   4.368783e-09   3.751176e-11
   2.190536e-04   1.545709e-02   1.337569e-03  -9.071973e-05   0.000000e+00   0.000000e+00  -0.000000e+00  -1.113119e-05   3.583392e-05   1.328429e-09
   2.190536e-04   1.255004e-02   8.181051e-04  -1.207696e-04   0.000000e+00   0.000000e+00  -0.000000e+00   3.121316e-06   1.030606e-05   1.868431e-09
   2.190536e-04   1.179856e-02   4.950657e-03  -7.751947e-06   0.000000e+00   0.000000e+00  -0.000000e+00   5.558860e-08   2.176650e-08   2.187138e-10
   2.190536e-04   1.159891e-02   7.559559e-03  -4.716678e-08   0.000000e+00   0.000000e+00  -0.000000e+00   6.456541e-09   1.635509e-08   8.718252e-12
   2.190536e-04   1.347571e-02   6.650222e-03  -1.341264e-09   0.000000e+00   0.000000e+00   0.000000e+00  -2.709779e-10   6.134476e-10   7.430673e-13
   2.190536e-04   1.161711e-02   9.305656e-03  -4.256233e-06   0.000000e+00   0.000000e+00  -0.000000e+00  -1.745129e-06   1.806222e-07   2.098354e-10
   2.190536e-04   1.174917e-02   1.754050e-02  -2.249571e-04   0.000000e+00   0.000000e+00  -0.000000e+00  -4.509001e-05  -9.853669e-05   2.439291e-09
   2.190536e-04   1.178538e-02   1.615505e-02  -6.496985e-08   0.000000e+00   0.000000e+00  -0.000000e+00  -2.336091e-08   1.459242e-08   9.715199e-12
   2.190536e-04   1.724456e-02   1.484666e-02  -6.142668e-04   0.000000e+00   0.000000e+00  -0.000000e+00  -1.169709e-04  -2.846662e-05   3.488308e-09
   2.190536e-04   1.817547e-02   1.208169e-02  -2.383869e-04   0.000000e+00   0.000000e+00  -0.000000e+00  -9.913861e-05   2.732212e-05   2.366471e-09
   2.190536e-04   1.020221e-02   1.000223e-02  -3.454105e-10   0.000000e+00   0.000000e+00  -0.000000e+00   6.134346e-11  -1.411329e-11   2.842952e-13
                                               -4.808234e-03   0.000000e+00   0.000000e+00   0.000000e+00  -3.451904e-04   1.929698e-04   1.368384e-09

              2
             21
          pos_x          pos_y          pos_z       normal_x       normal_y       normal_z        tangt_x        tangt_y        tangt_z          pentr
   1.978008e-02   3.481247e-03   3.528598e-03   1.059090e-03   0.000000e+00   0.000000e+00  -0.000000e+00   1.161780e-04   1.237685e-04   4.877192e-09
   1.978008e-02   6.997379e-03   2.366501e-03   1.347509e-05   0.000000e+00   0.000000e+00  -0.000000e+00   8.045634e-07   6.106794e-07   3.068826e-10
   1.978008e-02   2.370173e-03   6.381773e-03   3.253532e-04   0.000000e+00   0.000000e+00  -0.000000e+00   1.480825e-04  -1.157824e-06   2.231469e-09
   1.978008e-02   9.639286e-03   5.858044e-03   2.191445e-08   0.000000e+00   0.000000e+00  -0.000000e+00  -4.196488e-09   2.922088e-09   4.389974e-12
   1.978008e-02   5.261631e-03   8.730088e-03   7.447847e-06   0.000000e+00   0.000000e+00  -0.000000e+00  -8.594775e-08   7.420134e-08   2.309771e-10
   1.978008e-02   9.749666e-03   1.351697e-03   1.535515e-05   0.000000e+00   0.000000e+00  -0.000000e+00  -3.012433e-06  -4.471518e-06   3.288328e-10
   1.978008e-02   1.344295e-03   9.567095e-03   2.779901e-04   0.000000e+00   0.000000e+00  -0.000000e+00   8.865761e-05   1.136265e-05   2.613040e-09
   1.978008e-02   2.368821e-03   1.518301e-02   4.878812e-04   0.000000e+00   0.000000e+00  -0.000000e+00   5.952207e-05   3.124440e-06   3.687950e-09
   1.978008e-02   4.275540e-03   1.151319e-02   4.066294e-08   0.000000e+00   0.000000e+00   0.000000e+00   1.511317e-08  -1.360003e-08   7.413892e-12
   1.978008e-02   9.358522e-03   1.143999e-02   1.356183e-05   0.000000e+00   0.000000e+00  -0.000000e+00  -2.138225e-06   4.808802e-06   3.265251e-10
   1.978008e-02   1.911540e-02   1.334461e-03   2.660114e-04   0.000000e+00   0.000000e+00  -0.000000e+00  -1.057311e-04   7.961785e-05   3.090245e-09
   1.978008e-02   1.612442e-02   5.325963e-03   1.039193e-08   0.000000e+00   0.000000e+00  -0.000000e+00   7.816719e-10  -3.054719e-09   2.799670e-12
   1.978008e-02   1.225197e-02   7.873138e-03   2.185361e-07   0.000000e+00   0.000000e+00   0.000000e+00  -7.705569e-08   7.747207e-08   2.048750e-11
   1.978008e-02   1.399029e-02   9.715685e-04   1.104356e-04   0.000000e+00   0.000000e+00  -0.000000e+00   1.289606e-06   3.370274e-05   1.679520e-09
   1.978008e-02   1.207150e-02   8.080815e-04   9.830470e-05   0.000000e+00   0.000000e+00  -0.000000e+00   1.668436e-05   3.110323e-05   1.592953e-09
   1.978008e-02   1.025508e-02   8.467855e-03   6.069409e-08   0.000000e+00   0.000000e+00  -0.000000e+00  -4.067164e-09   7.912854e-09   1.040062e-11
   1.978008e-02   1.819431e-02   9.491814e-03   6.873322e-06   0.000000e+00   0.000000e+00  -0.000000e+00   2.500565e-06  -2.145945e-06   1.912622e-10
   1.978008e-02   1.905520e-02   1.667272e-02   2.248693e-04   0.000000e+00   0.000000e+00  -0.000000e+00  -3.220799e-06  -5.377154e-07   2.178504e-09
   1.978008e-02   1.288565e-02   1.485297e-02   1.266874e-08   0.000000e+00   0.000000e+00  -0.000000e+00   3.762872e-09   3.940920e-09   3.146945e-12
   1.978008e-02   1.638187e-02   1.166302e-02   3.672147e-09   0.000000e+00   0.000000e+00  -0.000000e+00   6.843575e-10   5.977166e-12   1.555471e-12
   1.978008e-02   1.206718e-02   1.238223e-02   8.247798e-08   0.000000e+00   0.000000e+00  -0.000000e+00  -2.212646e-10   1.811160e-10   9.570122e-12
                                                2.907100e-03   0.000000e+00   0.000000e+00   0.000000e+00   3.194656e-04   2.799359e-04   1.114053e-09

              3
             26
          pos_x          pos_y          pos_z       normal_x       normal_y       normal_z        tangt_x        tangt_y        tangt_z          pentr
   2.471375e-03   2.178671e-04   1.157665e-03   0.000000e+00  -1.934921e-04   0.000000e+00  -2.196550e-05  -0.000000e+00   6.812466e-05   2.353505e-09
   6.220508e-03   2.178671e-04   1.112346e-03   0.000000e+00  -2.903488e-04   0.000000e+00  -5.870629e-06  -0.000000e+00   8.270970e-05   3.022005e-09
   7.366361e-03   2.178671e-04   2.887303e-03   0.000000e+00  -2.184558e-05   0.000000e+00   2.596056e-06  -0.000000e+00  -8.548706e-06   4.025716e-10
   4.097506e-03   2.178671e-04   2.292422e-03   0.000000e+00  -1.372334e-04   0.000000e+00   1.624977e-05  -0.000000e+00   1.180984e-05   1.676205e-09
   1.847906e-03   2.178671e-04   6.515150e-03   0.000000e+00  -2.755550e-04   0.000000e+00   1.217218e-04  -0.000000e+00   6.615010e-06   2.542360e-09
   1.603570e-03   2.178671e-04   8.636596e-03   0.000000e+00  -1.716364e-04   0.000000e+00   4.143674e-05  -0.000000e+00  -1.242962e-05   1.617549e-09
   1.060028e-03   2.178671e-04   4.043001e-03   0.000000e+00  -1.135263e-04   0.000000e+00   4.108174e-05  -0.000000e+00  -1.076275e-05   1.685701e-09
   9.531448e-03   2.178671e-04   1.661627e-03   0.000000e+00  -5.097525e-04   0.000000e+00   2.388631e-05  -0.000000e+00   1.011356e-04   4.030842e-09
   1.227424e-03   2.178671e-04   1.725891e-02   0.000000e+00  -1.021407e-04   0.000000e+00   1.595716e-06  -0.000000e+00   5.720272e-07   1.559933e-09
   1.816611e-03   2.178671e-04   1.449629e-02   0.000000e+00  -1.631427e-04   0.000000e+00   2.233379e-05  -0.000000e+00   6.196389e-06   1.542317e-09
   5.632902e-03   2.178671e-04   1.392960e-02   0.000000e+00  -2.032822e-06   0.000000e+00   3.504966e-07  -0.000000e+00   2.661669e-07   1.078952e-10
   2.668651e-03   2.178671e-04   1.283868e-02   0.000000e+00  -4.519415e-10   0.000000e+00   1.673651e-10  -0.000000e+00   6.894532e-11   4.195989e-13
   1.255306e-03   2.178671e-04   1.087156e-02   0.000000e+00  -7.482187e-06   0.000000e+00  -3.669951e-07  -0.000000e+00   3.413937e-06   2.265909e-10
   5.709410e-03   2.178671e-04   1.111493e-02   0.000000e+00  -2.355561e-05   0.000000e+00  -1.670295e-07  -0.000000e+00   6.468723e-07   5.717098e-10
   8.262094e-03   2.178671e-04   1.763680e-02   0.000000e+00  -1.016009e-04   0.000000e+00   4.165763e-06  -0.000000e+00  -3.187919e-05   1.492415e-09
   1.839387e-02   2.178671e-04   6.395686e-03   0.000000e+00  -5.117968e-04   0.000000e+00  -8.051427e-05  -0.000000e+00  -1.905908e-07   4.055641e-09
   1.740157e-02   2.178671e-04   2.029396e-03   0.000000e+00  -4.062663e-04   0.000000e+00  -1.223079e-04  -0.000000e+00   1.288106e-04   3.045151e-09
   1.495534e-02   2.178671e-04   3.200483e-03   0.000000e+00  -8.504549e-05   0.000000e+00  -8.754542e-06  -0.000000e+00   1.731630e-05   1.044620e-09
   1.522113e-02   2.178671e-04   1.062219e-03   0.000000e+00  -9.559551e-04   0.000000e+00  -1.788332e-04  -0.000000e+00   1.790969e-04   7.333203e-09
   1.099314e-02   2.178671e-04   6.442611e-03   0.000000e+00  -1.114571e-05   0.000000e+00   1.233620e-06  -0.000000e+00   6.394400e-07   3.086734e-10
   1.838373e-02   2.178671e-04   9.421902e-03   0.000000e+00  -2.241198e-04   0.000000e+00  -1.359068e-05  -0.000000e+00  -1.330095e-06   1.912188e-09
   1.408053e-02   2.178671e-04   1.191093e-02   0.000000e+00  -2.274184e-07   0.000000e+00   9.902665e-08  -0.000000e+00  -3.198924e-08   2.292882e-11
   1.724482e-02   2.178671e-04   1.507781e-02   0.000000e+00  -4.118008e-04   0.000000e+00  -2.035572e-04  -0.000000e+00  -8.362071e-06   2.941607e-09
   1.370680e-02   2.178671e-04   1.510212e-02   0.000000e+00  -7.034467e-08   0.000000e+00  -5.698562e-09  -0.000000e+00   2.356009e-09   9.423194e-12
   1.634264e-02   2.178671e-04   1.261854e-02   0.000000e+00  -1.663195e-05   0.000000e+00   5.506035e-07  -0.000000e+00  -3.061162e-07   3.455457e-10
   1.257545e-02   2.178671e-04   1.049193e-02   0.000000e+00  -1.628895e-11   0.000000e+00   3.697772e-12   0.000000e+00  -7.256647e-12   4.534115e-14
                                                0.000000e+00  -4.736405e-03   0.000000e+00  -3.586320e-04   0.000000e+00   5.335148e-04   1.686579e-09

              4
             20
          pos_x          pos_y          pos_z       normal_x       normal_y       normal_z        tangt_x        tangt_y        tangt_z          pentr
   2.167638e-03   1.978008e-02   2.675616e-03   0.000000e+00   1.082050e-04   0.000000e+00   1.380408e-06  -0.000000e+00   1.168979e-05   1.233702e-09
   6.322566e-03   1.978008e-02   6.399807e-03   0.000000e+00   6.931663e-05   0.000000e+00  -2.065803e-05  -0.000000e+00   1.630782e-05   1.007490e-09
   4.212763e-03   1.978008e-02   4.616707e-03   0.000000e+00   1.525852e-04   0.000000e+00  -1.592176e-06  -0.000000e+00   5.973672e-05   1.431910e-09
   7.784557e-03   1.978008e-02   2.857617e-03   0.000000e+00   4.871701e-05   0.000000e+00   4.291212e-06  -0.000000e+00   1.136444e-05   7.832782e-10
   1.000088e-02   1.978008e-02   7.781392e-03   0.000000e+00   6.093243e-05   0.000000e+00   6.941553e-06  -0.000000e+00   2.083961e-05   9.458268e-10
   1.957049e-03   1.978008e-02   5.167722e-03   0.000000e+00   2.407464e-04   0.000000e+00   3.901469e-05  -0.000000e+00   2.812877e-05   2.442173e-09
   1.745225e-03   1.978008e-02   7.357985e-03   0.000000e+00   3.170373e-04   0.000000e+00   1.277268e-04  -0.000000e+00   1.339921e-05   3.198066e-09
   5.053718e-03   1.978008e-02   1.488342e-03   0.000000e+00   5.596998e-04   0.000000e+00   4.835232e-05  -0.000000e+00   7.662034e-05   3.617138e-09
   8.266753e-03   1.978008e-02   9.281046e-03   0.000000e+00   3.276869e-06   0.000000e+00   6.785365e-07  -0.000000e+00   1.674537e-07   1.104441e-10
   7.547364e-03   1.978008e-02   1.628717e-02   0.000000e+00   4.118692e-05   0.000000e+00  -1.491843e-05  -0.000000e+00   4.805940e-06   8.393369e-10
   2.504247e-03   1.978008e-02   1.548537e-02   0.000000e+00   6.859119e-04   0.000000e+00   3.300154e-04   0.000000e+00   9.331989e-05   3.976797e-09
   1.956045e-03   1.978008e-02   1.164088e-02   0.000000e+00   2.183269e-04   0.000000e+00   5.087265e-05  -0.000000e+00  -1.237160e-05   2.118154e-09
   1.894468e-02   1.978008e-02   8.435559e-04   0.000000e+00   3.503699e-04   0.000000e+00  -1.133634e-04  -0.000000e+00   1.243207e-04   3.186701e-09
   1.760737e-02   1.978008e-02   2.666177e-03   0.000000e+00   1.186305e-05   0.000000e+00  -2.528636e-06  -0.000000e+00   2.114269e-06   2.947197e-10
   1.402995e-02   1.978008e-02   2.050047e-03   0.000000e+00   2.295158e-04   0.000000e+00   1.178466e-05  -0.000000e+00   1.057367e-04   2.243553e-09
   1.527707e-02   1.978008e-02   7.056146e-03   0.000000e+00   4.572892e-09   0.000000e+00  -2.189151e-09   0.000000e+00   6.598906e-10   1.729391e-12
   1.026141e-02   1.978008e-02   1.344781e-03   0.000000e+00   9.066272e-05   0.000000e+00   2.641432e-06  -0.000000e+00   1.074360e-05   1.445023e-09
   1.450868e-02   1.978008e-02   1.769888e-02   0.000000e+00   7.806401e-08   0.000000e+00   3.656772e-08  -0.000000e+00   8.877736e-09   1.048132e-11
   1.067965e-02   1.978008e-02   1.820161e-02   0.000000e+00   1.055915e-04   0.000000e+00   1.318097e-05  -0.000000e+00  -3.678867e-05   1.803690e-09
   1.912392e-02   1.978008e-02   1.680052e-02   0.000000e+00   2.501514e-04   0.000000e+00  -1.908550e-05  -0.000000e+00   3.784318e-06   2.518988e-09
                                                0.000000e+00   3.544180e-03   0.000000e+00   4.647689e-04   0.000000e+00   5.339289e-04   1.660460e-09

              5
             36
          pos_x          pos_y          pos_z       normal_x       normal_y       normal_z        tangt_x        tangt_y        tangt_z          pentr
   2.588813e-03   1.696999e-03   2.164366e-04   0.000000e+00   0.000000e+00  -2.642471e-04   1.384310e-05   1.113702e-04  -0.000000e+00   2.138667e-09
   6.285353e-03   1.616761e-03   2.164366e-04   0.000000e+00   0.000000e+00  -1.849204e-04   5.402065e-06   9.230224e-05   0.000000e+00   1.647354e-09
   1.494326e-03   3.356386e-03   2.164366e-04   0.000000e+00   0.000000e+00  -1.688788e-04   1.135597e-05   1.734309e-06  -0.000000e+00   2.023873e-09
   1.314214e-03   9.628982e-03   2.164366e-04   0.000000e+00   0.000000e+00  -3.556993e-04   2.280500e-05   1.147175e-05  -0.000000e+00   2.767302e-09
   7.412685e-04   6.469999e-03   2.164366e-04   0.000000e+00   0.000000e+00  -4.539503e-09   1.591075e-09  -1.618719e-09   0.000000e+00   1.770622e-12
   2.542075e-03   6.691678e-03   2.164366e-04   0.000000e+00   0.000000e+00  -2.101071e-05   2.260125e-06  -2.358509e-06  -0.000000e+00   4.375251e-10
   4.472526e-03   6.542265e-03   2.164366e-04   0.000000e+00   0.000000e+00  -4.041610e-10  -9.468657e-11  -5.607761e-12  -0.000000e+00   3.949080e-13
   6.455962e-03   6.799373e-03   2.164366e-04   0.000000e+00   0.000000e+00  -9.027810e-08  -1.485207e-09   2.531493e-08  -0.000000e+00   1.156114e-11
   8.467452e-03   5.041526e-03   2.164366e-04   0.000000e+00   0.000000e+00  -1.806095e-05  -6.025832e-07  -7.641465e-06  -0.000000e+00   3.957306e-10
   9.211217e-03   2.503018e-03   2.164366e-04   0.000000e+00   0.000000e+00  -3.504386e-04  -1.826526e-05   1.451799e-04  -0.000000e+00   2.294613e-09
   1.284095e-03   1.819178e-02   2.164366e-04   0.000000e+00   0.000000e+00  -1.051461e-03   1.246003e-04  -6.200006e-06  -0.000000e+00   5.294721e-09
   4.272986e-03   1.852070e-02   2.164366e-04   0.000000e+00   0.000000e+00  -3.228669e-04   4.408090e-06  -1.165764e-04  -0.000000e+00   2.606026e-09
   2.575850e-03   1.666347e-02   2.164366e-04   0.000000e+00   0.000000e+00  -2.087041e-10   7.661184e-11  -1.916519e-12  -0.000000e+00   2.178811e-13
   6.598769e-03   1.809160e-02   2.164366e-04   0.000000e+00   0.000000e+00  -8.622364e-10  -3.616588e-10  -1.252626e-10  -0.000000e+00   5.239235e-13
   1.234384e-03   1.581547e-02   2.164366e-04   0.000000e+00   0.000000e+00  -1.005224e-04   4.434767e-05   1.562669e-05  -0.000000e+00   1.549056e-09
   6.965391e-03   1.482991e-02   2.164366e-04   0.000000e+00   0.000000e+00  -1.313647e-08   1.458638e-09  -2.301140e-10  -0.000000e+00   3.226182e-12
   3.174999e-03   1.255382e-02   2.164366e-04   0.000000e+00   0.000000e+00  -2.227723e-09  -5.956068e-11  -3.547449e-10  -0.000000e+00   9.906374e-13
   5.172450e-03   1.592808e-02   2.164366e-04   0.000000e+00   0.000000e+00  -3.049519e-04   1.149104e-05  -3.157882e-05  -0.000000e+00   2.299898e-09
   9.139328e-03   1.334678e-02   2.164366e-04   0.000000e+00   0.000000e+00  -9.232579e-05   6.597961e-06  -1.555661e-05  -0.000000e+00   1.189212e-09
   1.125266e-03   1.235385e-02   2.164366e-04   0.000000e+00   0.000000e+00  -7.897951e-05   2.918423e-05  -6.258544e-06  -0.000000e+00   1.053966e-09
   7.164685e-03   1.086716e-02   2.164366e-04   0.000000e+00   0.000000e+00  -5.903168e-06   7.680369e-07   1.412512e-06  -0.000000e+00   1.672776e-10
   9.906017e-03   1.533428e-02   2.164366e-04   0.000000e+00   0.000000e+00  -4.446321e-09  -5.712026e-10   1.931381e-09  -0.000000e+00   1.606436e-12
   1.684147e-02   2.166905e-03   2.164366e-04   0.000000e+00   0.000000e+00  -6.513023e-04  -9.242252e-05   3.058890e-04  -0.000000e+00   4.082363e-09
   1.496003e-02   1.381004e-03   2.164366e-04   0.000000e+00   0.000000e+00  -5.288105e-04  -2.344766e-05   1.857132e-05  -0.000000e+00   3.955804e-09
   1.385917e-02   7.317199e-03   2.164366e-04   0.000000e+00   0.000000e+00  -8.475563e-10   1.569440e-11  -3.729102e-10  -0.000000e+00   5.257787e-13
   1.099740e-02   8.430897e-03   2.164366e-04   0.000000e+00   0.000000e+00  -2.824130e-09  -1.427615e-10  -9.585862e-12  -0.000000e+00   1.443965e-12
   1.879748e-02   1.756115e-02   2.164366e-04   0.000000e+00   0.000000e+00  -2.564045e-10   1.698892e-11  -1.818788e-12  -0.000000e+00   2.556304e-13
   1.863676e-02   1.926983e-02   2.164366e-04   0.000000e+00   0.000000e+00  -2.904326e-04  -5.175878e-05  -7.597243e-05  -0.000000e+00   3.200608e-09
   1.425076e-02   1.631550e-02   2.164366e-04   0.000000e+00   0.000000e+00  -1.708974e-05   4.322591e-06  -6.527492e-07  -0.000000e+00   3.865256e-10
   1.899450e-02   1.395389e-02   2.164366e-04   0.000000e+00   0.000000e+00  -1.056649e-04  -1.215436e-05  -5.880974e-07  -0.000000e+00   1.582068e-09
   1.382472e-02   1.813638e-02   2.164366e-04   0.000000e+00   0.000000e+00  -2.569502e-04  -1.478559e-05  -1.201316e-04  -0.000000e+00   2.585333e-09
   1.894089e-02   1.175552e-02   2.164366e-04   0.000000e+00   0.000000e+00  -6.925501e-05  -1.252538e-05  -4.691873e-06  -0.000000e+00   9.796029e-10
   1.384589e-02   1.276712e-02   2.164366e-04   0.000000e+00   0.000000e+00  -4.234487e-09   6.661215e-11   1.774030e-11  -0.000000e+00   1.545800e-12
   1.497664e-02   1.407403e-02   2.164366e-04   0.000000e+00   0.000000e+00  -5.077778e-10  -1.208989e-10   2.742673e-11  -0.000000e+00   3.956657e-13
   1.094136e-02   1.089166e-02   2.164366e-04   0.000000e+00   0.000000e+00  -2.607865e-06  -2.285696e-07   2.834609e-07  -0.000000e+00   8.358941e-11
   1.000721e-02   1.880506e-02   2.164366e-04   0.000000e+00   0.000000e+00  -1.049486e-04  -2.140037e-06  -8.152703e-06  -0.000000e+00   1.745999e-09
                                                0.000000e+00   0.000000e+00  -5.347453e-03   5.305584e-05   3.075062e-04   0.000000e+00   1.235877e-09

              6
             16
          pos_x          pos_y          pos_z       normal_x       normal_y       normal_z        tangt_x        tangt_y        tangt_z          pentr
   2.086845e-03   8.624624e-03   1.886160e-02   0.000000e+00   0.000000e+00   3.938123e-04   9.796939e-05   8.103298e-06  -0.000000e+00   2.525147e-09
   2.343657e-03   3.161624e-03   1.886160e-02   0.000000e+00   0.000000e+00   3.796843e-08  -2.494405e-20  -7.238585e-20   0.000000e+00   5.141183e-12
   4.717504e-03   6.533947e-03   1.886160e-02   0.000000e+00   0.000000e+00   1.111574e-08   3.447616e-10  -4.706949e-10  -0.000000e+00   3.001082e-12
   8.462640e-03   4.515103e-03   1.886160e-02   0.000000e+00   0.000000e+00   1.150459e-09   3.871740e-10  -1.044601e-11  -0.000000e+00   6.757754e-13
   8.098294e-03   1.345244e-03   1.886160e-02   0.000000e+00   0.000000e+00   1.109637e-04  -6.239348e-06   4.302529e-05  -0.000000e+00   1.686373e-09
   1.911224e-03   1.235195e-02   1.886160e-02   0.000000e+00   0.000000e+00   1.749675e-04   6.407707e-05   2.212858e-05  -0.000000e+00   1.712321e-09
   5.808816e-03   1.472099e-02   1.886160e-02   0.000000e+00   0.000000e+00   1.624623e-07  -3.916350e-08   3.722650e-08  -0.000000e+00   2.108517e-11
   4.169124e-03   1.278141e-02   1.886160e-02   0.000000e+00   0.000000e+00   4.630634e-09   4.705758e-10   2.266991e-09   0.000000e+00   1.824665e-12
   4.381581e-03   1.079064e-02   1.886160e-02   0.000000e+00   0.000000e+00   1.347027e-05  -2.190817e-06   4.873805e-06  -0.000000e+00   3.204729e-10
   1.360694e-02   3.686763e-03   1.886160e-02   0.000000e+00   0.000000e+00   3.207326e-08  -5.939455e-09   3.829391e-09  -0.000000e+00   4.615131e-12
   1.076396e-02   7.151391e-03   1.886160e-02   0.000000e+00   0.000000e+00   9.185585e-06   1.182906e-06  -2.112651e-06  -0.000000e+00   2.041538e-10
   1.081583e-02   1.439495e-02   1.886160e-02   0.000000e+00   0.000000e+00   4.503102e-06  -4.578522e-07  -1.128849e-06  -0.000000e+00   1.663688e-10
   1.799096e-02   1.166108e-02   1.886160e-02   0.000000e+00   0.000000e+00   8.744087e-08   4.214330e-08  -1.163695e-08   0.000000e+00   1.147054e-11
   1.536589e-02   1.462632e-02   1.886160e-02   0.000000e+00   0.000000e+00   3.496050e-07  -1.317610e-07  -1.123063e-07  -0.000000e+00   2.524780e-11
   1.044360e-02   1.884611e-02   1.886160e-02   0.000000e+00   0.000000e+00   7.464758e-05  -4.575608e-06  -1.781151e-05  -0.000000e+00   1.147133e-09
   1.608096e-02   1.078583e-02   1.886160e-02   0.000000e+00   0.000000e+00   1.189360e-07   4.941838e-08  -3.307973e-08   0.000000e+00   1.600807e-11
                                                0.000000e+00   0.000000e+00   7.823554e-04   1.496816e-04   5.696379e-05   0.000000e+00   4.906900e-10

