              5            109   2.118243e-03   1.790614e-03   1.807413e-03   2.118243e-03   1.790614e-03   1.807413e-03   1.920309e-03   2.021506e-03   8.761780e-11   2.779703e-09   2.937455e-07   9.848044e-04   2.400000e+10   8.235945e-07   4.117973e-07   8.834323e-07   2.118243e-03   1.790614e-03   1.807413e-03  -1.769146e-07  -9.049166e-08  -7.992624e-07  -1.400110e-07  -3.804436e-07   7.236449e-08   5.989876e-05   3.178848e+02  -2.148079e-01  -1.098740e-01  -9.704562e-01
             15             41   5.578233e-03   8.692483e-03   1.136234e-03   5.578233e-03   8.692483e-03   1.136234e-03   1.245663e-03   1.990261e-03   2.752338e-10   9.383761e-10   4.592055e-07   7.661473e-04   2.400000e+10   4.044445e-06   2.022222e-06   1.629882e-05   5.578233e-03   8.692483e-03   1.136234e-03   3.792271e-06  -1.334077e-07  -1.399435e-06   7.024439e-07   2.515203e-07   1.879546e-06   2.931686e-05   3.177903e-01   9.376493e-01  -3.298542e-02  -3.460142e-01
             15            133   6.702756e-03   8.574392e-03   1.212805e-03   6.702755e-03   8.574392e-03   1.212805e-03   9.768900e-04   1.356589e-03   5.804701e-10   6.283246e-09   5.741627e-07   5.679238e-04   2.400000e+10   1.066510e-05   5.332549e-06   1.989794e-05   6.702755e-03   8.574392e-03   1.212805e-03  -9.805969e-06   1.054559e-06  -4.058963e-06   2.092891e-06   9.129198e-07  -4.818969e-06   2.621824e-05   2.883351e-01  -9.194448e-01   9.887949e-02  -3.805838e-01
             25             33   1.144243e-03   4.147914e-03   1.933415e-03   1.144243e-03   4.147914e-03   1.933415e-03   1.238082e-03   8.203244e-04   9.056575e-12   5.282316e-09   6.684731e-08   4.934054e-04   2.400000e+10   1.754535e-19   8.772673e-20  -8.864060e-20   1.144243e-03   4.147914e-03   1.933415e-03  -1.465427e-19  -3.810521e-20   8.864060e-20   4.204118e-21   8.691787e-20   1.111701e-20   4.958030e-03   6.544000e+13  -7.564255e-12  -1.966919e-12   4.575460e-12
             33             57   3.305324e-03   3.844900e-03   1.084618e-03   3.305324e-03   3.844900e-03   1.084618e-03   1.153753e-03   9.457417e-04   9.951743e-12   4.145658e-09   7.191755e-08   5.197214e-04   2.400000e+10   2.279204e-19   1.139602e-19  -4.902127e-20   3.305324e-03   3.844900e-03   1.084618e-03  -1.238744e-19   1.849317e-19   4.902127e-20  -7.607071e-20  -8.316533e-20   1.684333e-20   4.705558e-03   6.775622e+13  -5.408759e-12   8.074719e-12   2.140428e-12
             69            169   8.358286e-03   1.917266e-03   3.530071e-03   8.358286e-03   1.917266e-03   3.530071e-03   1.266896e-03   1.073085e-03   7.671902e-11   3.451918e-09   2.111217e-07   5.809821e-04   2.400000e+10   5.183056e-07   2.591528e-07   2.731959e-08   8.358286e-03   1.917266e-03   3.530071e-03  -1.423211e-07  -4.830752e-07  -1.225713e-07   1.850653e-07  -9.431302e-08   1.549712e-07   5.957344e-05   2.734260e+01  -2.745891e-01  -9.320278e-01  -2.364847e-01
             93            149   3.695330e-03   5.216298e-03   3.179590e-03   3.695330e-03   5.216299e-03   3.179590e-03   1.719319e-03   1.651466e-03   1.952457e-10   1.288604e-09   4.055443e-07   8.423548e-04   2.400000e+10   2.533785e-06   1.085098e-06   1.714250e-07   3.695330e-03   5.216298e-03   3.179590e-03  -1.462158e-06   1.914170e-06  -7.862039e-07  -5.322066e-07  -4.085164e-09   9.456093e-07   5.378402e-05   1.483535e+01  -5.770647e-01   7.554585e-01  -3.102883e-01
            109            149   3.630052e-03   3.397122e-03   3.202317e-03   3.630052e-03   3.397121e-03   3.202317e-03   1.200256e-03   1.062023e-03   3.425608e-10   2.280988e-09   4.393389e-07   5.634582e-04   2.400000e+10   4.816009e-06   1.153329e-06   4.182407e-07   3.630052e-03   3.397122e-03   3.202317e-03  -2.408331e-06  -4.100649e-06  -7.606368e-07   6.946833e-07  -5.966891e-07   7.011021e-07   4.897828e-05   8.601785e+00  -5.000677e-01  -8.514620e-01  -1.579392e-01
            109            181   1.181166e-03   7.210397e-04   3.718972e-03   1.181167e-03   7.210398e-04   3.718972e-03   1.230004e-03   9.882523e-04   3.630080e-10   4.259289e-09   4.460047e-07   5.479774e-04   2.400000e+10   5.180906e-06   2.590453e-06   2.348811e-06   1.181166e-03   7.210398e-04   3.718972e-03   3.954400e-06   1.290927e-06  -3.088367e-06  -4.075477e-07   2.505382e-06   5.171185e-07   2.974755e-05   8.623837e+00   7.632642e-01   2.491702e-01  -5.961057e-01
            117            157   1.247512e-03   1.859725e-03   5.867070e-03   1.247512e-03   1.859725e-03   5.867070e-03   1.157806e-03   1.768016e-03   2.167115e-11   3.723160e-08   1.231340e-07   6.996392e-04   2.400000e+10   8.539056e-08   4.269528e-08   2.540217e-09   1.247512e-03   1.859725e-03   5.867070e-03   6.564296e-09   6.596842e-08  -5.382030e-08  -3.549129e-08  -1.278092e-08  -1.999758e-08   9.251548e-05   1.322836e+02   7.687379e-02   7.725494e-01  -6.302840e-01
            119            151   8.818718e-03   5.979434e-03   2.038181e-03   8.818717e-03   5.979434e-03   2.038180e-03   1.578863e-03   1.863654e-03   8.603198e-10   4.229193e-09   8.575250e-07   8.547393e-04   2.400000e+10   2.360786e-05   1.122204e-05   6.859460e-06   8.818718e-03   5.979434e-03   2.038180e-03  -9.822657e-06  -8.967165e-07  -2.144860e-05   9.364792e-06   4.274690e-06  -4.467883e-06   2.955941e-05   2.033714e+00  -4.160757e-01  -3.798381e-02  -9.085363e-01
            129            149   5.071709e-03   4.426995e-03   3.105134e-03   5.071709e-03   4.426995e-03   3.105134e-03   1.055252e-03   1.677450e-03   2.609359e-10   2.692418e-09   4.111249e-07   6.477592e-04   2.400000e+10   3.432872e-06   1.716436e-06   5.699903e-07   5.071709e-03   4.426995e-03   3.105134e-03   2.943812e-06  -4.704923e-07  -1.702122e-06   8.601683e-07   7.795164e-07   1.264364e-06   5.063100e-05   7.850060e+00   8.575362e-01  -1.370550e-01  -4.958302e-01
            129            169   7.772374e-03   3.639713e-03   3.163008e-03   7.772374e-03   3.639713e-03   3.163008e-03   1.382300e-03   1.658696e-03   1.219105e-10   8.439361e-08   3.031777e-07   7.539684e-04   2.400000e+10   1.182738e-06   5.913688e-07   3.240168e-07   7.772374e-03   3.639713e-03   3.163008e-03  -9.146569e-07   4.374782e-07  -6.090024e-07   3.020152e-07   4.995017e-07  -9.487861e-08   5.895964e-05   3.642940e+01  -7.733388e-01   3.698861e-01  -5.149091e-01
            129             71   8.089183e-03   3.231466e-03   1.283609e-03   8.089183e-03   3.231466e-03   1.283609e-03   1.138816e-03   1.125718e-03   1.090516e-10   1.069871e-06   2.484668e-07   5.661146e-04   2.400000e+10   8.670627e-07   4.335313e-07  -4.807364e-07   8.089183e-03   3.231466e-03   1.283609e-03  -7.332380e-07   4.302530e-07   1.704173e-07   6.523445e-08  -5.712948e-08   4.247707e-07   8.454600e-05   1.222182e+01  -8.456574e-01   4.962191e-01   1.965455e-01
            133             39   9.687763e-03   9.802069e-03   1.647289e-03   9.687762e-03   9.802069e-03   1.647289e-03   1.301724e-03   1.637553e-03   9.150878e-10   2.649130e-09   8.146447e-07   7.252266e-04   2.400000e+10   2.385509e-05   1.192754e-05  -5.083690e-07   9.687762e-03   9.802069e-03   1.647289e-03  -1.759256e-05  -1.610070e-05   5.785281e-07   7.253438e-06  -8.101587e-06  -4.900839e-06   5.128959e-05   1.534142e+01  -7.374761e-01  -6.749377e-01   2.425177e-02
            151            201   8.138838e-03   5.612793e-03   3.745421e-03   8.138839e-03   5.612793e-03   3.745421e-03   1.050006e-03   1.596605e-03   8.762289e-10   6.670188e-09   7.450035e-07   6.334307e-04   2.400000e+10   2.088939e-05   8.471997e-06   4.120195e-06   8.138839e-03   5.612793e-03   3.745421e-03   1.538358e-05   2.998061e-06  -1.381028e-05  -5.720279e-06   1.840385e-06  -5.972111e-06   3.968197e-05   1.728154e+00   7.364303e-01   1.435207e-01  -6.611144e-01
            158            190   6.040030e-03   1.027859e-02   4.928684e-03   6.040030e-03   1.027859e-02   4.928684e-03   2.102045e-03   1.428443e-03   1.277963e-11   2.755496e-08   1.042543e-07   8.504918e-04   2.400000e+10   4.263461e-08   2.131731e-08   1.735217e-07   6.040030e-03   1.027859e-02   4.928684e-03   1.838232e-08  -1.469546e-08  -3.555058e-08  -1.922975e-08  -3.570627e-09  -8.479093e-09   1.005440e-04   7.384135e+01   4.311596e-01  -3.446837e-01  -8.338432e-01
            167            325   1.340563e-03   1.933801e-03   9.676079e-03   1.340563e-03   1.933801e-03   9.676079e-03   1.369986e-03   1.268687e-03   9.996145e-12   3.280371e-10   8.114444e-08   6.586959e-04   2.400000e+10   2.594620e-19   1.297310e-19   1.058263e-19   1.340563e-03   1.933801e-03   9.676079e-03  -6.734169e-20  -2.271265e-19  -1.058263e-19   3.941043e-20  -4.402377e-20   1.154940e-19   7.764890e-03   1.504845e+14  -2.594435e-12  -8.750371e-12  -4.077110e-12
            201            221   4.920605e-03   4.674532e-03   6.191049e-03   4.920606e-03   4.674532e-03   6.191049e-03   1.215038e-03   1.646026e-03   7.137002e-10   3.357415e-09   7.063296e-07   6.990352e-04   2.400000e+10   1.613144e-05   5.716351e-07   7.341185e-07   4.920606e-03   4.674532e-03   6.191049e-03   1.318021e-05   3.549309e-06  -8.596974e-06   7.781790e-08   4.714843e-07   3.137093e-07   6.557456e-05   3.112541e+00   8.170508e-01   2.200243e-01  -5.329328e-01
            201            241   5.785510e-03   6.124656e-03   6.064239e-03   5.785510e-03   6.124656e-03   6.064239e-03   2.576692e-03   9.535536e-04   1.666519e-10   3.269951e-10   3.405701e-07   6.959895e-04   2.400000e+10   1.816213e-06   4.977545e-07   9.208492e-07   5.785510e-03   6.124656e-03   6.064239e-03   8.368127e-07  -1.112099e-06  -1.166880e-06   3.000125e-07   3.596495e-07  -1.685357e-07   5.869069e-05   4.061454e+01   4.607460e-01  -6.123177e-01  -6.424797e-01
            221            245   3.442689e-03   2.217154e-03   8.182640e-03   3.442689e-03   2.217154e-03   8.182640e-03   1.408396e-03   1.777523e-03   3.897403e-10   1.609322e-09   5.534015e-07   7.857879e-04   2.400000e+10   6.901853e-06   2.091645e-06   7.822943e-07   3.442689e-03   2.217154e-03   8.182640e-03  -4.775442e-07   6.578786e-06  -2.031525e-06   1.529425e-07   7.334524e-07   1.952853e-06   4.718969e-05   7.071579e+00  -6.919073e-02   9.531913e-01  -2.943449e-01
            253            273   7.778828e-03   8.884383e-03   6.930081e-03   7.778828e-03   8.884383e-03   6.930081e-03   1.822184e-03   1.836195e-03   3.987583e-11   2.357130e-06   1.909704e-07   9.145814e-04   2.400000e+10   2.436833e-07   1.218417e-07  -7.961860e-10   7.778828e-03   8.884383e-03   6.930081e-03  -1.374158e-08   2.044516e-07  -1.318797e-07   1.170731e-07  -1.220893e-08  -3.146776e-08   6.263774e-05   7.255123e+01  -5.639114e-02   8.390054e-01  -5.411931e-01
            295            279   9.397725e-03   3.298700e-03   8.364606e-03   9.397725e-03   3.298700e-03   8.364606e-03   1.047406e-03   1.494718e-03   1.060062e-11   4.608094e-08   8.079869e-08   6.158537e-04   2.400000e+10   2.740851e-08   1.370425e-08  -3.964156e-09   9.397725e-03   3.298700e-03   8.364606e-03  -7.644933e-09  -2.621636e-08  -2.341765e-09   9.738464e-09  -1.986330e-09  -9.435221e-09   1.142092e-04   1.068612e+02  -2.789255e-01  -9.565044e-01  -8.543933e-02
            310            389   7.160311e-04   9.273286e-03   9.663332e-03   7.160311e-04   9.273286e-03   9.663332e-03   9.699303e-04   5.879650e-04   1.382491e-11   1.202121e-10   7.113905e-08   3.660612e-04   2.400000e+10   3.147171e-08   1.573586e-08   1.039352e-08   7.160311e-04   9.273286e-03   9.663332e-03   7.290379e-09  -2.853024e-08  -1.110606e-08  -1.518706e-09  -6.939070e-09   1.404137e-08   6.938907e-05   1.172924e+03   2.316486e-01  -9.065359e-01  -3.528902e-01
            217            294   6.276030e-03   1.086023e-02   9.145679e-03   6.276030e-03   1.086023e-02   9.145679e-03   1.766678e-03   2.585539e-03   4.851165e-11   4.555280e-09   2.256431e-07   1.049537e-03   2.400000e+10   3.502822e-07   1.751411e-07  -1.200308e-07   6.276030e-03   1.086023e-02   9.145679e-03  -2.309344e-07  -9.933280e-08  -2.439260e-07   1.311936e-07  -5.613149e-08  -1.015475e-07   9.745460e-05   6.065436e+01  -6.592812e-01  -2.835794e-01  -6.963699e-01
            325            167   1.340563e-03   1.933801e-03   9.676079e-03   1.340563e-03   1.933801e-03   9.676079e-03   1.268687e-03   1.369986e-03   9.996145e-12   3.280371e-10   8.114444e-08   6.586959e-04   2.400000e+10   2.594620e-19   1.297310e-19  -1.058263e-19   1.340563e-03   1.933801e-03   9.676079e-03   6.734169e-20   2.271265e-19   1.058263e-19  -3.941043e-20   4.402377e-20  -1.154940e-19   7.764890e-03   1.504845e+14   2.594435e-12   8.750371e-12   4.077110e-12
            367            371   9.176837e-03   5.777484e-03   1.057629e-02   9.176837e-03   5.777484e-03   1.057629e-02   1.222937e-03   1.538872e-03   3.397520e-12   3.257793e-08   4.811577e-08   6.814168e-04   2.400000e+10   1.777303e-20   8.886514e-21   1.996349e-21   9.176837e-03   5.777484e-03   1.057629e-02  -1.177964e-20   1.315808e-20  -1.996349e-21  -1.824233e-21  -3.249217e-22   8.691187e-21   6.881362e-03   2.200755e+12  -2.251815e-12   2.515320e-12  -3.816253e-13
            397            431   8.632874e-03   3.832254e-03   1.484343e-02   8.632874e-03   3.832254e-03   1.484343e-02   1.194793e-03   1.295944e-03   1.140075e-11   4.599671e-09   8.418644e-08   6.216572e-04   2.400000e+10   3.071322e-08   1.535661e-08  -3.249760e-09   8.632874e-03   3.832254e-03   1.484343e-02  -1.838566e-08   1.114204e-08   2.193455e-08   1.186926e-08   4.495161e-10   9.733656e-09   6.981110e-05   2.190103e+02  -5.986236e-01   3.627767e-01   7.141728e-01
            357            465   6.927999e-03   6.490705e-03   1.427651e-02   6.927999e-03   6.490705e-03   1.427651e-02   1.577078e-03   1.032397e-03   1.882954e-11   2.450795e-10   1.083910e-07   6.239456e-04   2.400000e+10   6.531049e-08   3.265524e-08  -2.819133e-10   6.927999e-03   6.490705e-03   1.427651e-02  -5.770804e-08  -3.057492e-08  -6.455482e-10   3.383928e-09   5.190929e-09  -3.206194e-08   6.204829e-05   6.038230e+01  -8.835952e-01  -4.681471e-01  -9.884295e-03
            371            393   1.049626e-02   5.390872e-03   1.207014e-02   1.049626e-02   5.390872e-03   1.207014e-02   9.306903e-04   1.164548e-03   3.693992e-10   2.957548e-08   4.371320e-07   5.172842e-04   2.400000e+10   5.167238e-06   2.583619e-06  -4.881786e-07   1.049626e-02   5.390872e-03   1.207014e-02  -2.482642e-06  -2.504566e-06  -3.776769e-06   1.235812e-06  -2.178934e-06   6.325360e-07   2.799231e-05   1.592557e+00  -4.804583e-01  -4.847012e-01  -7.309067e-01
              2             26   1.519972e-03   1.884454e-02   1.704852e-03   1.519973e-03   1.884454e-02   1.704856e-03   1.432109e-03   1.635944e-03   4.040901e-09   2.650533e-07   1.756629e-06   7.636278e-04   2.400000e+10   2.271476e-04   6.525841e-05  -2.046822e-04   1.519972e-03   1.884454e-02   1.704854e-03   5.373693e-05   8.036952e-05   2.055459e-04  -6.203672e-05  -7.127786e-06   1.895522e-05   2.065281e-05   4.441897e+01   2.365727e-01   3.538207e-01   9.049001e-01
              2              6   1.244627e-03   1.884026e-02   3.897862e-03   1.244627e-03   1.884026e-02   3.897859e-03   1.103041e-03   1.267522e-03   3.156575e-09   3.008280e-06   1.364445e-06   5.897877e-04   2.400000e+10   1.378231e-04   6.891154e-05   9.955261e-05   1.244627e-03   1.884026e-02   3.897861e-03   1.723466e-05   2.228159e-05  -1.349137e-04  -1.254660e-05  -6.657604e-05  -1.261009e-05   2.343372e-05   7.966869e-01   1.250492e-01   1.616681e-01  -9.788903e-01
             26             24   2.372966e-03   1.802739e-02   1.223234e-03   2.372965e-03   1.802739e-02   1.223234e-03   1.008581e-03   1.245668e-03   6.908725e-10   6.067876e-07   6.205182e-07   5.573284e-04   2.400000e+10   1.371837e-05   6.859184e-06   4.957530e-07   2.372966e-03   1.802739e-02   1.223234e-03  -1.339669e-05  -1.263019e-06  -2.669639e-06  -1.333116e-06  -8.005907e-08   6.727912e-06   4.121223e-05   1.884061e+00  -9.765516e-01  -9.206773e-02  -1.946032e-01
             26             38   1.746791e-03   1.700684e-02   8.734132e-04   1.746789e-03   1.700684e-02   8.734136e-04   1.188004e-03   9.683830e-04   2.873864e-09   7.420694e-06   1.238233e-06   5.335049e-04   2.400000e+10   1.138724e-04   5.693621e-05  -1.051572e-05   1.746790e-03   1.700684e-02   8.734134e-04  -8.413389e-05   7.497424e-05   1.634875e-05  -6.706735e-06  -1.916688e-05   5.319194e-05   1.663198e-05   4.005485e-01  -7.388434e-01   6.584055e-01   1.435707e-01
             98             82   9.599659e-03   1.776942e-02   7.286445e-03   9.599659e-03   1.776942e-02   7.286445e-03   1.361411e-03   1.594097e-03   8.205994e-11   3.238618e-11   2.454717e-07   7.342971e-04   2.400000e+10   6.445887e-07   1.088347e-07  -1.005871e-07   9.599659e-03   1.776942e-02   7.286445e-03  -4.551679e-07  -6.777375e-08  -4.513574e-07   7.178255e-08   2.856306e-08  -7.665774e-08   9.343564e-05   3.232480e+01  -7.061369e-01  -1.051426e-01  -7.002254e-01
            210            216   5.026520e-03   1.271293e-02   5.959415e-03   5.026520e-03   1.271293e-02   5.959415e-03   1.018682e-03   2.195885e-03   2.428469e-10   1.677361e-09   4.110827e-07   6.958663e-04   2.400000e+10   3.194565e-06   1.597282e-06   2.293544e-07   5.026520e-03   1.271293e-02   5.959415e-03  -2.480218e-06  -8.109406e-07   1.842862e-06   1.667937e-07  -1.528195e-06  -4.337180e-07   5.342049e-05   5.081734e+00  -7.763867e-01  -2.538501e-01   5.768741e-01
            210            190   4.898899e-03   1.160908e-02   6.148484e-03   4.898899e-03   1.160908e-02   6.148484e-03   1.089941e-03   1.022863e-03   1.759171e-10   3.161699e-09   3.046735e-07   5.276686e-04   2.400000e+10   1.715113e-06   8.575567e-07  -3.646183e-07   4.898899e-03   1.160908e-02   6.148484e-03  -1.009161e-06   1.241056e-06   6.188593e-07   4.942527e-07   5.924255e-07  -3.743659e-07   4.959088e-05   1.789771e+01  -5.883932e-01   7.236002e-01   3.608270e-01
              6             22   1.412457e-03   1.854555e-02   6.139206e-03   1.412457e-03   1.854555e-02   6.139205e-03   1.187002e-03   1.921345e-03   9.994725e-10   5.096672e-06   8.563457e-07   7.337149e-04   2.400000e+10   2.738861e-05   1.369430e-05   1.020417e-05   1.412457e-03   1.854555e-02   6.139205e-03  -8.915673e-07   2.628269e-06  -2.724763e-05   1.358020e-05   1.743023e-06  -2.722357e-07   2.957976e-05   1.432143e+00  -3.255249e-02   9.596212e-02  -9.948526e-01
             46             30   2.041466e-03   1.718154e-02   3.904457e-03   2.041466e-03   1.718154e-02   3.904457e-03   1.396915e-03   1.886675e-03   8.807490e-12   7.883638e-09   8.407855e-08   8.026353e-04   2.400000e+10   2.087082e-19   1.043541e-19   1.126450e-19   2.041466e-03   1.718154e-02   3.904457e-03  -1.698558e-19  -4.493556e-20  -1.126450e-19  -3.219558e-20   9.688891e-20  -2.158145e-20   6.569029e-03   5.719012e+11  -7.167920e-12  -1.896282e-12  -4.753620e-12
             38             86   2.474118e-03   1.600684e-02   1.166925e-03   2.474118e-03   1.600684e-02   1.166925e-03   7.424373e-04   1.833070e-03   1.148390e-09   2.826039e-06   7.789916e-07   5.284161e-04   2.400000e+10   2.862676e-05   1.431338e-05  -3.513138e-06   2.474118e-03   1.600684e-02   1.166925e-03   3.942061e-06   2.423510e-05  -1.471773e-05  -7.546509e-06   7.187390e-06   9.811449e-06   2.294982e-05   3.054381e-01   1.377055e-01   8.465889e-01  -5.141250e-01
             78            150   5.345208e-03   1.703419e-02   3.412016e-03   5.345208e-03   1.703419e-02   3.412016e-03   6.424371e-04   9.247309e-04   1.318265e-09   1.795952e-08   7.069141e-07   3.790796e-04   2.400000e+10   2.982081e-05   1.480195e-05  -1.386753e-06   5.345208e-03   1.703419e-02   3.412016e-03  -3.358381e-06   2.932969e-05  -4.215585e-06   6.169095e-06  -1.223226e-06  -1.339940e-05   1.772144e-05   1.657126e-01  -1.126187e-01   9.835310e-01  -1.413639e-01
             30            110   3.563253e-03   1.652859e-02   3.994951e-03   3.563253e-03   1.652859e-02   3.994951e-03   1.021706e-03   1.652641e-03   1.059723e-10   3.843153e-08   2.586661e-07   6.313740e-04   2.400000e+10   8.771664e-07   4.385832e-07   9.554091e-09   3.563253e-03   1.652859e-02   3.994951e-03  -4.604860e-07   7.337997e-07   1.375195e-07  -4.469723e-08   5.314716e-08  -4.330505e-07   5.382070e-05   1.237236e+01  -5.249699e-01   8.365570e-01   1.567769e-01
            150            198   5.847855e-03   1.592404e-02   4.054706e-03   5.847855e-03   1.592404e-02   4.054706e-03   1.225841e-03   8.555871e-04   2.123505e-10   3.756451e-09   3.271110e-07   5.038914e-04   2.400000e+10   2.222789e-06   1.111395e-06   5.864966e-07   5.847855e-03   1.592404e-02   4.054706e-03   4.857602e-07   1.769374e-06  -1.254650e-06  -7.915278e-07   5.864510e-07   5.145454e-07   2.605162e-05   5.026114e+00   2.185363e-01   7.960150e-01  -5.644484e-01
            174            314   5.482254e-03   1.657282e-02   9.763122e-03   5.482254e-03   1.657282e-02   9.763122e-03   1.814630e-03   1.369449e-03   2.065374e-11   3.581267e-09   1.269622e-07   7.804591e-04   2.400000e+10   8.391184e-08   4.195592e-08  -2.527343e-07   5.482254e-03   1.657282e-02   9.763122e-03   3.376084e-08   1.855289e-08  -7.454659e-08   2.295287e-08   3.028354e-08   1.778685e-08   1.458602e-04   5.617347e+01   4.023370e-01   2.210998e-01  -8.883917e-01
            236            114   9.559603e-03   1.550040e-02   6.148841e-03   9.559603e-03   1.550040e-02   6.148841e-03   1.239600e-03   1.808415e-03   6.677821e-11   1.179360e-08   2.216148e-07   7.354660e-04   2.400000e+10   4.735692e-07   2.367846e-07   2.835618e-07   9.559603e-03   1.550040e-02   6.148841e-03  -2.838986e-07  -3.886325e-08   3.770398e-07   2.946268e-08  -2.349357e-07  -2.032940e-09   9.833633e-05   2.656738e+01  -5.994870e-01  -8.206457e-02   7.961663e-01
            236            244   9.137841e-03   1.397008e-02   7.094233e-03   9.137841e-03   1.397008e-02   7.094233e-03   2.254929e-03   1.415803e-03   2.155035e-10   3.328783e-09   4.329310e-07   8.697271e-04   2.400000e+10   2.985541e-06   1.492770e-06  -4.885311e-07   9.137841e-03   1.397008e-02   7.094233e-03  -1.386512e-06   2.442437e-06   1.012688e-06   5.195370e-07   7.837075e-07  -1.159417e-06   6.404982e-05   2.073102e+01  -4.644092e-01   8.180887e-01   3.391977e-01
            190            158   6.040030e-03   1.027859e-02   4.928684e-03   6.040030e-03   1.027859e-02   4.928684e-03   1.428443e-03   2.102045e-03   1.277963e-11   2.755496e-08   1.042543e-07   8.504918e-04   2.400000e+10   4.263461e-08   2.131731e-08  -1.735217e-07   6.040030e-03   1.027859e-02   4.928684e-03  -1.838232e-08   1.469546e-08   3.555058e-08   1.922975e-08   3.570627e-09   8.479093e-09   1.005440e-04   7.384135e+01  -4.311596e-01   3.446837e-01   8.338432e-01
            294            217   6.276030e-03   1.086023e-02   9.145679e-03   6.276030e-03   1.086023e-02   9.145679e-03   2.585539e-03   1.766678e-03   4.851165e-11   4.555280e-09   2.256431e-07   1.049537e-03   2.400000e+10   3.502822e-07   1.751411e-07   1.200308e-07   6.276030e-03   1.086023e-02   9.145679e-03   2.309344e-07   9.933280e-08   2.439260e-07  -1.311936e-07   5.613149e-08   1.015475e-07   9.745460e-05   6.065436e+01   6.592812e-01   2.835794e-01   6.963699e-01
            313            366   4.220899e-03   1.235328e-02   1.111469e-02   4.220899e-03   1.235328e-02   1.111469e-02   1.672664e-03   2.331834e-03   3.094481e-11   1.985068e-09   1.736093e-07   9.739982e-04   2.400000e+10   1.719138e-07   8.595692e-08   8.118739e-08   4.220899e-03   1.235328e-02   1.111469e-02  -5.465785e-08  -4.220746e-08  -1.574339e-07   7.113226e-08   3.426272e-08  -3.398323e-08   7.791425e-05   2.217462e+02  -3.179374e-01  -2.455152e-01  -9.157719e-01
            314            174   5.482254e-03   1.657282e-02   9.763122e-03   5.482254e-03   1.657282e-02   9.763122e-03   1.369449e-03   1.814630e-03   2.065374e-11   3.581267e-09   1.269622e-07   7.804591e-04   2.400000e+10   8.391184e-08   4.195592e-08   2.527343e-07   5.482254e-03   1.657282e-02   9.763122e-03  -3.376084e-08  -1.855289e-08   7.454659e-08  -2.295287e-08  -3.028354e-08  -1.778685e-08   1.458602e-04   5.617347e+01  -4.023370e-01  -2.210998e-01   8.883917e-01
            389            310   7.160311e-04   9.273286e-03   9.663332e-03   7.160311e-04   9.273286e-03   9.663332e-03   5.879650e-04   9.699303e-04   1.382491e-11   1.202121e-10   7.113905e-08   3.660612e-04   2.400000e+10   3.147171e-08   1.573586e-08  -1.039352e-08   7.160311e-04   9.273286e-03   9.663332e-03  -7.290379e-09   2.853024e-08   1.110606e-08   1.518706e-09   6.939070e-09  -1.404137e-08   6.938907e-05   1.172924e+03  -2.316486e-01   9.065359e-01   3.528902e-01
              3             43   1.791589e-02   2.142867e-03   2.128788e-03   1.791589e-02   2.142874e-03   2.128795e-03   1.425668e-03   2.516670e-03   1.289517e-08   2.498159e-08   3.425776e-06   9.101034e-04   2.400000e+10   1.413631e-03   3.883165e-04  -7.979022e-04   1.791589e-02   2.142871e-03   2.128791e-03   8.435398e-04   8.200026e-04   7.838303e-04   3.073439e-04  -2.086313e-04  -1.131480e-04   2.276920e-05   3.575588e+00   5.967184e-01   5.800682e-01   5.544800e-01
              3             51   1.864434e-02   3.911085e-03   4.401336e-03   1.864434e-02   3.911084e-03   4.401336e-03   1.583535e-03   2.042436e-03   1.795732e-10   3.246303e-08   4.002180e-07   8.919731e-04   2.400000e+10   2.299789e-06   1.147040e-06  -7.764295e-06   1.864434e-02   3.911084e-03   4.401336e-03   2.848499e-07  -1.738225e-06  -1.478670e-06   1.079507e-06   3.381925e-07  -1.897096e-07   6.661606e-05   2.396433e+00   1.238591e-01  -7.558192e-01  -6.429590e-01
             43             55   1.565929e-02   1.240014e-03   2.361660e-03   1.565929e-02   1.240015e-03   2.361659e-03   1.595211e-03   1.534242e-03   1.726638e-09   4.518075e-06   1.162044e-06   7.820662e-04   2.400000e+10   6.420573e-05   3.210286e-05   1.707154e-05   1.565929e-02   1.240015e-03   2.361659e-03   5.425398e-05   1.512975e-05  -3.082162e-05  -9.280816e-06   3.070620e-05  -1.260876e-06   3.011565e-05   1.529591e+00   8.450021e-01   2.356448e-01  -4.800447e-01
             43             31   1.584380e-02   1.269467e-03   9.090577e-04   1.584381e-02   1.269472e-03   9.090615e-04   2.448237e-03   9.407526e-04   1.106602e-08   4.855253e-06   2.742363e-06   6.796083e-04   2.400000e+10   9.711051e-04   4.855526e-04  -3.275685e-04   1.584381e-02   1.269470e-03   9.090596e-04   8.195062e-04   4.010441e-04   3.325934e-04  -2.212447e-04   4.314591e-04   2.559608e-05   1.199661e-05   1.721363e+00   8.438903e-01   4.129770e-01   3.424896e-01
             51            187   1.728907e-02   3.911144e-03   5.575772e-03   1.728907e-02   3.911144e-03   5.575772e-03   1.345996e-03   1.225083e-03   6.392639e-11   3.747223e-08   2.024822e-07   6.413480e-04   2.400000e+10   4.142067e-07   2.071033e-07  -1.428431e-07   1.728907e-02   3.911144e-03   5.575772e-03   2.232222e-07   2.596457e-07  -2.330732e-07   7.367521e-08  -1.604352e-07  -1.082788e-07   7.214562e-05   2.185932e+01   5.389150e-01   6.268506e-01  -5.626979e-01
            187            283   1.637289e-02   4.161763e-03   7.869238e-03   1.637289e-02   4.161763e-03   7.869238e-03   7.640002e-04   1.342192e-03   4.485677e-11   6.232124e-08   1.477812e-07   4.868667e-04   2.400000e+10   2.121276e-07   1.060638e-07  -1.164861e-06   1.637289e-02   4.161763e-03   7.869238e-03   6.877987e-08  -1.178184e-07  -1.624384e-07   5.394633e-08   8.324942e-08  -3.753467e-08   8.444888e-05   4.488687e+00   3.242383e-01  -5.554132e-01  -7.657583e-01
            187            251   1.701368e-02   3.386832e-03   7.968963e-03   1.701368e-02   3.386832e-03   7.968963e-03   9.273514e-04   9.816741e-04   2.709612e-10   3.649565e-07   3.594625e-07   4.768699e-04   2.400000e+10   3.116813e-06   1.558406e-06   2.254395e-07   1.701368e-02   3.386832e-03   7.968963e-03  -7.941833e-07   4.323477e-07  -2.982762e-06  -3.988579e-07  -1.502367e-06  -1.115227e-07   5.414728e-05   5.111931e+00  -2.548062e-01   1.387147e-01  -9.569911e-01
            227            224   1.246976e-02   4.309203e-03   5.387229e-03   1.246976e-02   4.309204e-03   5.387229e-03   7.261704e-04   5.422105e-04   4.776196e-10   2.415533e-08   3.850520e-07   3.104250e-04   2.400000e+10   5.885068e-06   2.941165e-06  -1.615866e-06   1.246976e-02   4.309204e-03   5.387229e-03   2.609301e-07   3.993044e-06  -4.315269e-06  -1.719714e-06  -1.698481e-06  -1.675768e-06   2.401168e-05   5.057299e-01   4.433765e-02   6.785043e-01  -7.332572e-01
            283            271   1.428006e-02   4.311265e-03   9.536677e-03   1.428006e-02   4.311265e-03   9.536677e-03   1.326501e-03   2.204866e-03   5.333856e-11   1.086931e-08   2.101813e-07   8.282222e-04   2.400000e+10   3.587446e-07   1.772459e-07  -1.116733e-07   1.428006e-02   4.311265e-03   9.536677e-03   2.671052e-07   1.979530e-07  -1.347852e-07   5.010801e-08  -1.363535e-07  -1.015530e-07   9.192427e-05   3.188121e+01   7.445555e-01   5.517938e-01  -3.757135e-01
            291            215   1.121688e-02   4.036489e-03   6.340690e-03   1.121688e-02   4.036489e-03   6.340690e-03   1.071971e-03   1.760062e-03   8.158948e-12   1.728326e-09   7.372648e-08   6.662126e-04   2.400000e+10   1.570514e-19   7.852569e-20  -1.130323e-19   1.121688e-02   4.036489e-03   6.340690e-03   8.496058e-20   6.834140e-20   1.130323e-19   6.030610e-20  -4.751482e-20  -1.648636e-20   5.156680e-03   1.830734e+13   4.413771e-12   3.550392e-12   5.872118e-12
            175            143   1.043964e-02   1.273444e-03   4.634283e-03   1.043964e-02   1.273444e-03   4.634283e-03   1.304164e-03   9.715910e-04   1.984201e-11   2.971887e-09   1.051085e-07   5.567884e-04   2.400000e+10   6.673806e-08   3.334036e-08   1.244378e-07   1.043964e-02   1.273444e-03   4.634283e-03   3.212000e-11   1.177158e-08   6.569168e-08  -1.857072e-08   2.733437e-08  -4.420401e-09   8.443066e-05   3.642496e+01   4.812845e-04   1.763849e-01   9.843212e-01
            279            295   9.397725e-03   3.298700e-03   8.364606e-03   9.397725e-03   3.298700e-03   8.364606e-03   1.494718e-03   1.047406e-03   1.060062e-11   4.608094e-08   8.079869e-08   6.158537e-04   2.400000e+10   2.740851e-08   1.370425e-08   3.964156e-09   9.397725e-03   3.298700e-03   8.364606e-03   7.644933e-09   2.621636e-08   2.341765e-09  -9.738464e-09   1.986330e-09   9.435221e-09   1.142092e-04   1.068612e+02   2.789255e-01   9.565044e-01   8.543933e-02
            271            283   1.428006e-02   4.311265e-03   9.536677e-03   1.428006e-02   4.311265e-03   9.536677e-03   2.204866e-03   1.326501e-03   5.333856e-11   1.086931e-08   2.101813e-07   8.282222e-04   2.400000e+10   3.587446e-07   1.772459e-07   1.116733e-07   1.428006e-02   4.311265e-03   9.536677e-03  -2.671052e-07  -1.979530e-07   1.347852e-07  -5.010801e-08   1.363535e-07   1.015530e-07   9.192427e-05   3.188121e+01  -7.445555e-01  -5.517938e-01   3.757135e-01
            459            435   1.416674e-02   5.607216e-03   1.564210e-02   1.416674e-02   5.607216e-03   1.564210e-02   2.358415e-03   9.708477e-04   4.942723e-11   4.396340e-09   1.843719e-07   6.877384e-04   2.400000e+10   2.916158e-07   1.093745e-07  -2.665888e-07   1.416674e-02   5.607216e-03   1.564210e-02  -1.571830e-07  -1.475681e-07   1.963592e-07   1.847930e-09  -8.879091e-08  -6.384002e-08   7.976733e-05   1.117072e+02  -5.390072e-01  -5.060360e-01   6.733490e-01
            409            435   1.480192e-02   7.214798e-03   1.484910e-02   1.480192e-02   7.214798e-03   1.484910e-02   1.299278e-03   1.706549e-03   7.332195e-11   4.481375e-09   2.325656e-07   7.376610e-04   2.400000e+10   5.456691e-07   2.728346e-07  -1.099909e-07   1.480192e-02   7.214798e-03   1.484910e-02  -1.430132e-07   5.180089e-07   9.470394e-08   3.853152e-08   5.863905e-08  -2.636579e-07   5.676053e-05   1.588917e+02  -2.620877e-01   9.493095e-01   1.735556e-01
            409            401   1.401149e-02   9.034599e-03   1.475907e-02   1.401149e-02   9.034599e-03   1.475907e-02   1.916149e-03   2.495098e-03   9.591398e-11   1.158747e-09   3.224176e-07   1.083816e-03   2.400000e+10   9.895793e-07   2.922057e-08  -8.501139e-07   1.401149e-02   9.034599e-03   1.475907e-02   4.085939e-07  -6.986933e-07   5.693381e-07   2.671516e-08   9.285500e-09  -7.343111e-09   5.717341e-05   5.905983e+01   4.128966e-01  -7.060508e-01   5.753335e-01
            401            355   1.295249e-02   1.031090e-02   1.285768e-02   1.295249e-02   1.031090e-02   1.285768e-02   2.477962e-03   1.613917e-03   1.962700e-10   6.160836e-09   4.379792e-07   9.773567e-04   2.400000e+10   2.750789e-06   1.375395e-06  -2.466387e-06   1.295249e-02   1.031090e-02   1.285768e-02   2.490124e-07  -1.554022e-06   2.256070e-06   9.891546e-07   8.335576e-07   4.674028e-07   4.905425e-05   1.103373e+02   9.052397e-02  -5.649366e-01   8.201537e-01
            395            332   1.478869e-02   7.832554e-03   1.148307e-02   1.478869e-02   7.832554e-03   1.148307e-02   2.417445e-03   2.091261e-03   9.999261e-12   1.823203e-09   1.058865e-07   1.121277e-03   2.400000e+10   3.387866e-19   1.693933e-19  -1.896746e-19   1.478869e-02   7.832554e-03   1.148307e-02  -3.139232e-20  -2.789524e-19   1.896746e-19  -1.055379e-19   8.293048e-20   1.033363e-19   9.692411e-03   4.801422e+14  -9.265418e-13  -8.233260e-12   5.598230e-12
            393            371   1.049626e-02   5.390872e-03   1.207014e-02   1.049626e-02   5.390872e-03   1.207014e-02   1.164548e-03   9.306903e-04   3.693992e-10   2.957548e-08   4.371320e-07   5.172842e-04   2.400000e+10   5.167238e-06   2.583619e-06   4.881786e-07   1.049626e-02   5.390872e-03   1.207014e-02   2.482642e-06   2.504566e-06   3.776769e-06  -1.235812e-06   2.178934e-06  -6.325360e-07   2.799231e-05   1.592557e+00   4.804583e-01   4.847012e-01   7.309067e-01
            331            251   1.698625e-02   3.755819e-03   1.089916e-02   1.698625e-02   3.755819e-03   1.089916e-02   1.343951e-03   1.999746e-03   2.584821e-11   1.251953e-08   1.441388e-07   8.037692e-04   2.400000e+10   1.192234e-07   5.961169e-08  -1.208494e-08   1.698625e-02   3.755819e-03   1.089916e-02  -7.633883e-08   8.007104e-08   4.444350e-08   9.471012e-11  -2.884620e-08   5.216743e-08   8.550922e-05   1.557131e+02  -6.403009e-01   6.716052e-01   3.727750e-01
             59            251   1.799580e-02   4.459844e-03   1.047696e-02   1.799580e-02   4.459845e-03   1.047696e-02   1.419952e-03   1.328117e-03   1.881388e-10   8.314369e-08   3.593191e-07   6.862499e-04   2.400000e+10   2.163259e-06   1.081630e-06  -3.248716e-07   1.799580e-02   4.459844e-03   1.047696e-02   5.187752e-07   2.011563e-06   6.034716e-07   5.488976e-07  -3.946183e-07   8.443404e-07   7.722771e-05   3.011251e+01   2.398118e-01   9.298760e-01   2.789641e-01
            251            187   1.701368e-02   3.386832e-03   7.968963e-03   1.701368e-02   3.386832e-03   7.968963e-03   9.816741e-04   9.273514e-04   2.709612e-10   3.649565e-07   3.594625e-07   4.768699e-04   2.400000e+10   3.116813e-06   1.558406e-06  -2.254395e-07   1.701368e-02   3.386832e-03   7.968963e-03   7.941833e-07  -4.323477e-07   2.982762e-06   3.988579e-07   1.502367e-06   1.115227e-07   5.414728e-05   5.111931e+00   2.548062e-01  -1.387147e-01   9.569911e-01
             60            144   1.684852e-02   1.448225e-02   3.090393e-03   1.684852e-02   1.448225e-02   3.090393e-03   1.807192e-03   1.188914e-03   1.531905e-10   3.080342e-09   3.314475e-07   7.171296e-04   2.400000e+10   1.624788e-06   8.121774e-07  -1.138250e-06   1.684852e-02   1.448225e-02   3.090393e-03  -2.605907e-08   6.750907e-08  -1.623176e-06   1.540969e-07   7.968968e-07   2.901257e-08   7.320148e-05   8.515515e+00  -1.603844e-02   4.154947e-02  -9.990077e-01
            116             18   1.515071e-02   1.909210e-02   4.794123e-03   1.515071e-02   1.909210e-02   4.794123e-03   1.116364e-03   1.752905e-03   4.490615e-11   6.859519e-10   1.750046e-07   6.820133e-04   2.400000e+10   2.514810e-07   1.257405e-07  -2.779846e-08   1.515071e-02   1.909210e-02   4.794123e-03   2.175360e-07   1.157844e-07   5.014741e-08  -4.575717e-08   1.062895e-07  -4.918846e-08   4.748936e-05   6.755036e+01   8.650195e-01   4.604103e-01   1.994084e-01
            164             16   1.635937e-02   1.186194e-02   5.308007e-03   1.635937e-02   1.186194e-02   5.308007e-03   2.221606e-03   1.585770e-03   1.227703e-11   9.499068e-11   1.065829e-07   9.252978e-04   2.400000e+10   4.187267e-08   1.240279e-08  -1.503805e-08   1.635937e-02   1.186194e-02   5.308007e-03  -3.831824e-08   7.288044e-09   1.522882e-08  -2.000562e-09   8.302192e-09  -8.994476e-09   1.591953e-04   4.185641e+04  -9.151135e-01   1.740525e-01   3.636936e-01
             14            132   1.503251e-02   1.874949e-02   7.874592e-03   1.503251e-02   1.874949e-02   7.874592e-03   1.206063e-03   1.941385e-03   9.996470e-12   2.360775e-11   8.623525e-08   7.439144e-04   2.400000e+10   2.757580e-19   1.378790e-19   1.733011e-20   1.503251e-02   1.874949e-02   7.874592e-03   1.194035e-20   2.749537e-19  -1.733011e-20  -1.499965e-20   4.433725e-20  -1.296913e-19   4.699613e-03   2.997852e+15   4.328482e-13   9.967315e-12  -6.282318e-13
            114            236   9.559603e-03   1.550040e-02   6.148841e-03   9.559603e-03   1.550040e-02   6.148841e-03   1.808415e-03   1.239600e-03   6.677821e-11   1.179360e-08   2.216148e-07   7.354660e-04   2.400000e+10   4.735692e-07   2.367846e-07  -2.835618e-07   9.559603e-03   1.550040e-02   6.148841e-03   2.838986e-07   3.886325e-08  -3.770398e-07  -2.946268e-08   2.349357e-07   2.032940e-09   9.833633e-05   2.656738e+01   5.994870e-01   8.206457e-02  -7.961663e-01
             39            133   9.687762e-03   9.802069e-03   1.647289e-03   9.687763e-03   9.802069e-03   1.647289e-03   1.637553e-03   1.301724e-03   9.150878e-10   2.649130e-09   8.146447e-07   7.252266e-04   2.400000e+10   2.385509e-05   1.192754e-05   5.083690e-07   9.687762e-03   9.802069e-03   1.647289e-03   1.759256e-05   1.610070e-05  -5.785281e-07  -7.253438e-06   8.101587e-06   4.900839e-06   5.128959e-05   1.534142e+01   7.374761e-01   6.749377e-01  -2.425177e-02
             82             98   9.599659e-03   1.776942e-02   7.286445e-03   9.599659e-03   1.776942e-02   7.286445e-03   1.594097e-03   1.361411e-03   8.205994e-11   3.238618e-11   2.454717e-07   7.342971e-04   2.400000e+10   6.445887e-07   1.088347e-07   1.005871e-07   9.599659e-03   1.776942e-02   7.286445e-03   4.551679e-07   6.777375e-08   4.513574e-07  -7.178255e-08  -2.856306e-08   7.665774e-08   9.343564e-05   3.232480e+01   7.061369e-01   1.051426e-01   7.002254e-01
            244            272   1.031516e-02   1.256543e-02   7.796179e-03   1.031516e-02   1.256543e-02   7.796179e-03   2.331752e-03   2.298346e-03   3.489621e-10   6.178067e-09   6.355401e-07   1.157464e-03   2.400000e+10   7.096941e-06   3.548470e-06   1.761917e-06   1.031516e-02   1.256543e-02   7.796179e-03  -1.324621e-06   2.200405e-06  -6.615902e-06  -1.281207e-06   3.056496e-06   1.268063e-06   5.286348e-05   1.210107e+01  -1.866467e-01   3.100498e-01  -9.322189e-01
            244            236   9.137841e-03   1.397008e-02   7.094233e-03   9.137841e-03   1.397008e-02   7.094233e-03   1.415803e-03   2.254929e-03   2.155035e-10   3.328783e-09   4.329310e-07   8.697271e-04   2.400000e+10   2.985541e-06   1.492770e-06   4.885311e-07   9.137841e-03   1.397008e-02   7.094233e-03   1.386512e-06  -2.442437e-06  -1.012688e-06  -5.195370e-07  -7.837075e-07   1.159417e-06   6.404982e-05   2.073102e+01   4.644092e-01  -8.180887e-01  -3.391977e-01
            272            330   1.167600e-02   1.131868e-02   9.493707e-03   1.167600e-02   1.131868e-02   9.493707e-03   2.132697e-03   1.851621e-03   2.404665e-10   9.077284e-11   4.881924e-07   9.911224e-04   2.400000e+10   3.756605e-06   1.267728e-06   1.991197e-06   1.167600e-02   1.131868e-02   9.493707e-03  -2.797615e-06   9.688267e-07  -2.312317e-06   7.882368e-07  -6.740886e-08  -9.905921e-07   4.646307e-05   6.569404e+01  -7.447188e-01   2.578995e-01  -6.155337e-01
            148            252   1.884091e-02   1.741804e-02   1.074383e-02   1.884091e-02   1.741804e-02   1.074383e-02   9.081807e-04   1.628977e-03   7.829039e-11   1.277293e-09   2.136604e-07   5.830955e-04   2.400000e+10   5.352819e-07   2.676409e-07   6.517208e-07   1.884091e-02   1.741804e-02   1.074383e-02   1.296395e-07   4.594527e-07  -2.421229e-07   2.499744e-07  -2.055463e-08   9.339148e-08   7.409866e-05   1.295664e+01   2.421892e-01   8.583379e-01  -4.523278e-01
            330            355   1.252351e-02   1.099576e-02   1.113958e-02   1.252351e-02   1.099576e-02   1.113958e-02   1.847885e-03   1.576067e-03   2.623495e-10   1.194542e-10   4.723905e-07   8.505933e-04   2.400000e+10   3.965805e-06   3.726030e-07   3.396571e-06   1.252351e-02   1.099576e-02   1.113958e-02  -1.593434e-06   5.877841e-07  -3.583726e-06   1.653822e-07   3.335575e-07  -1.486915e-08   3.982617e-05   1.168252e+02  -4.017933e-01   1.482130e-01  -9.036565e-01
            330            272   1.167600e-02   1.131868e-02   9.493707e-03   1.167600e-02   1.131868e-02   9.493707e-03   1.851621e-03   2.132697e-03   2.404665e-10   9.077284e-11   4.881924e-07   9.911224e-04   2.400000e+10   3.756605e-06   1.267728e-06  -1.991197e-06   1.167600e-02   1.131868e-02   9.493707e-03   2.797615e-06  -9.688267e-07   2.312317e-06  -7.882368e-07   6.740886e-08   9.905921e-07   4.646307e-05   6.569404e+01   7.447188e-01  -2.578995e-01   6.155337e-01
            300            352   1.387403e-02   1.305015e-02   1.220218e-02   1.387403e-02   1.305015e-02   1.220218e-02   1.594153e-03   1.492678e-03   2.935294e-10   3.531830e-09   4.756828e-07   7.708737e-04   2.400000e+10   4.468060e-06   2.234030e-06   1.236165e-05   1.387403e-02   1.305015e-02   1.220218e-02   3.120865e-06  -1.056402e-06  -3.017909e-06   1.553705e-06   9.979462e-07   1.257376e-06   5.089893e-05   2.131810e+00   6.984833e-01  -2.364342e-01  -6.754406e-01
            404            376   1.634738e-02   1.489245e-02   1.660695e-02   1.634738e-02   1.489245e-02   1.660695e-02   2.135572e-03   2.234296e-03   3.681673e-11   4.217345e-09   2.005007e-07   1.091909e-03   2.400000e+10   2.362170e-07   1.154213e-07   7.223513e-09   1.634738e-02   1.489245e-02   1.660695e-02  -1.860051e-07   1.980990e-08   1.442502e-07   6.175944e-08   8.451421e-10   9.750458e-08   1.033845e-04   1.456276e+02  -7.874333e-01   8.386313e-02   6.106683e-01
            376            256   1.761152e-02   1.574866e-02   1.376021e-02   1.761152e-02   1.574866e-02   1.376021e-02   1.523678e-03   9.384148e-04   2.633010e-11   9.227612e-08   1.236568e-07   5.807426e-04   2.400000e+10   1.041887e-07   4.746707e-08  -5.649623e-08   1.761152e-02   1.574866e-02   1.376021e-02   2.108948e-08  -6.042955e-08   8.221182e-08  -3.739661e-08   1.600173e-08   2.446551e-08   5.760186e-05   1.673620e+02   2.024162e-01  -5.800011e-01   7.890668e-01
            411            255   1.815256e-02   1.135531e-02   1.419291e-02   1.815256e-02   1.135531e-02   1.419291e-02   1.884986e-03   1.553548e-03   9.995865e-12   3.664587e-08   9.226563e-08   8.516467e-04   2.400000e+10   2.950059e-19   1.475030e-19  -1.791546e-19   1.815256e-02   1.135531e-02   1.419291e-02  -1.460124e-19   1.833371e-19   1.791546e-19   7.834158e-20   1.139781e-19  -5.127086e-20   6.139916e-03   7.632606e+14  -4.947428e-12   6.212123e-12   6.070405e-12
            256            252   1.789767e-02   1.613193e-02   1.280172e-02   1.789767e-02   1.613193e-02   1.280172e-02   1.147228e-03   2.513910e-03   2.299462e-11   5.957942e-08   1.345875e-07   7.877409e-04   2.400000e+10   9.903325e-08   4.951662e-08  -3.592729e-08   1.789767e-02   1.613193e-02   1.280172e-02  -5.557357e-08   1.554644e-08   8.048273e-08   1.967160e-08  -4.011041e-08   2.135601e-08   5.521323e-05   1.268846e+02  -5.611608e-01   1.569820e-01   8.126840e-01
            355            401   1.295249e-02   1.031090e-02   1.285768e-02   1.295249e-02   1.031090e-02   1.285768e-02   1.613917e-03   2.477962e-03   1.962700e-10   6.160836e-09   4.379792e-07   9.773567e-04   2.400000e+10   2.750789e-06   1.375395e-06   2.466387e-06   1.295249e-02   1.031090e-02   1.285768e-02  -2.490124e-07   1.554022e-06  -2.256070e-06  -9.891546e-07  -8.335576e-07  -4.674028e-07   4.905425e-05   1.103373e+02  -9.052397e-02   5.649366e-01  -8.201537e-01
