              6

              1
             33
          pos_x          pos_y          pos_z       normal_x       normal_y       normal_z        tangt_x        tangt_y        tangt_z          pentr
   1.748926e-04   3.243557e-03   1.231091e-03  -3.969326e-04   0.000000e+00   0.000000e+00  -0.000000e+00   4.674726e-06   3.822336e-05   4.068256e-09
   1.748926e-04   8.991894e-03   1.410981e-03  -5.923555e-03   0.000000e+00   0.000000e+00  -0.000000e+00   9.851603e-04   2.634341e-03   1.633607e-08
   1.748926e-04   1.106170e-03   2.303390e-03  -5.143614e-04   0.000000e+00   0.000000e+00  -0.000000e+00  -3.237427e-05   9.466136e-05   3.763944e-09
   1.748926e-04   6.497611e-03   6.652687e-04  -9.337522e-05   0.000000e+00   0.000000e+00  -0.000000e+00   1.078262e-05   2.385948e-05   1.432900e-09
   1.748926e-04   1.473580e-03   6.386244e-03  -8.764370e-03   0.000000e+00   0.000000e+00  -0.000000e+00   5.593329e-04   1.111619e-03   2.929880e-08
   1.748926e-04   6.017691e-03   5.413731e-03  -3.286430e-03   0.000000e+00   0.000000e+00  -0.000000e+00   1.374855e-03   7.892216e-04   1.145691e-08
   1.748926e-04   1.272916e-03   9.123113e-03  -8.309982e-04   0.000000e+00   0.000000e+00  -0.000000e+00   2.172875e-04   3.262655e-04   5.582632e-09
   1.748926e-04   5.089857e-03   7.480513e-03  -1.693124e-05   0.000000e+00   0.000000e+00  -0.000000e+00  -4.204568e-06   6.674705e-06   3.788538e-10
   1.748926e-04   6.671173e-03   1.077760e-02  -2.706625e-03   0.000000e+00   0.000000e+00  -0.000000e+00   8.265601e-04   8.012017e-04   1.135769e-08
   1.748926e-04   8.454031e-03   1.746478e-02  -8.834005e-04   0.000000e+00   0.000000e+00  -0.000000e+00   6.062767e-05  -4.058673e-04   5.248280e-09
   1.748926e-04   5.901741e-03   1.536555e-02  -3.694559e-03   0.000000e+00   0.000000e+00  -0.000000e+00   1.425517e-04   8.805458e-04   1.108734e-08
   1.748926e-04   1.220107e-03   1.404356e-02  -2.556015e-04   0.000000e+00   0.000000e+00  -0.000000e+00   4.932193e-05  -1.836919e-05   2.799481e-09
   1.748926e-04   1.268205e-03   1.221804e-02  -8.432745e-05   0.000000e+00   0.000000e+00  -0.000000e+00   9.134503e-06  -2.231696e-06   1.379790e-09
   1.748926e-04   2.723709e-03   1.129218e-02  -1.399427e-09   0.000000e+00   0.000000e+00   0.000000e+00  -2.791597e-10   6.416140e-10   8.737089e-13
   1.748926e-04   1.789827e-02   9.910686e-04  -7.497106e-03   0.000000e+00   0.000000e+00  -0.000000e+00  -9.758741e-04   1.497817e-03   2.387202e-08
   1.748926e-04   1.797261e-02   5.157631e-03  -4.757720e-04   0.000000e+00   0.000000e+00  -0.000000e+00  -8.276299e-05   9.806278e-05   3.690426e-09
   1.748926e-04   1.549339e-02   1.307432e-03  -9.160128e-05   0.000000e+00   0.000000e+00  -0.000000e+00  -3.466698e-06   1.136008e-05   1.334437e-09
   1.748926e-04   1.138840e-02   1.873589e-03  -4.809648e-05   0.000000e+00   0.000000e+00  -0.000000e+00   1.131094e-05  -8.144962e-07   9.368417e-10
   1.748926e-04   1.575763e-02   8.993964e-03  -3.382860e-03   0.000000e+00   0.000000e+00  -0.000000e+00  -7.831450e-04   7.546149e-04   1.343645e-08
   1.748926e-04   1.256888e-02   7.722055e-04  -1.157489e-04   0.000000e+00   0.000000e+00  -0.000000e+00   6.533932e-06   1.904507e-05   1.831000e-09
   1.748926e-04   1.181857e-02   4.897167e-03  -4.172845e-04   0.000000e+00   0.000000e+00  -0.000000e+00   1.105539e-04   1.425989e-04   3.106778e-09
   1.748926e-04   1.347160e-02   6.612611e-03  -2.971442e-03   0.000000e+00   0.000000e+00  -0.000000e+00  -3.722088e-04   8.176138e-04   1.277769e-08
   1.748926e-04   1.890457e-02   9.399431e-03  -9.952571e-05   0.000000e+00   0.000000e+00   0.000000e+00  -4.976224e-05  -2.472333e-07   1.269260e-09
   1.748926e-04   1.169607e-02   1.756671e-02  -2.294088e-04   0.000000e+00   0.000000e+00  -0.000000e+00  -2.151256e-05  -5.031445e-05   2.471863e-09
   1.748926e-04   1.158125e-02   1.530508e-02  -8.968705e-10   0.000000e+00   0.000000e+00  -0.000000e+00   4.879616e-12  -1.511936e-11   5.874368e-13
   1.748926e-04   1.413295e-02   1.553698e-02  -4.382470e-03   0.000000e+00   0.000000e+00  -0.000000e+00   1.335741e-03   1.049664e-03   1.373894e-08
   1.748926e-04   1.728968e-02   1.493340e-02  -1.031892e-03   0.000000e+00   0.000000e+00  -0.000000e+00  -3.653581e-04  -2.064205e-04   4.958966e-09
   1.748926e-04   1.024697e-02   1.525518e-02  -6.035014e-04   0.000000e+00   0.000000e+00  -0.000000e+00  -1.743587e-05   5.642310e-05   4.105101e-09
   1.748926e-04   1.430163e-02   1.233146e-02  -1.172002e-04   0.000000e+00   0.000000e+00  -0.000000e+00   5.101220e-06   1.481365e-05   1.383450e-09
   1.748926e-04   1.637693e-02   1.242137e-02  -6.854095e-10   0.000000e+00   0.000000e+00  -0.000000e+00   2.505816e-10  -1.011320e-10   4.629107e-13
   1.748926e-04   1.819948e-02   1.194806e-02  -2.353199e-04   0.000000e+00   0.000000e+00  -0.000000e+00  -6.220434e-05   1.746186e-05   2.341615e-09
   1.748926e-04   1.361429e-02   9.494744e-03  -9.496212e-04   0.000000e+00   0.000000e+00  -0.000000e+00   1.546967e-04   1.547467e-04   5.536821e-09
   1.748926e-04   1.007411e-02   9.886682e-03  -7.364095e-04   0.000000e+00   0.000000e+00  -0.000000e+00  -1.725173e-05   1.308814e-05   4.711421e-09
                                               -5.083673e-02   0.000000e+00   0.000000e+00   0.000000e+00   3.076665e-03   1.066966e-02   6.233211e-09

              2
             26
          pos_x          pos_y          pos_z       normal_x       normal_y       normal_z        tangt_x        tangt_y        tangt_z          pentr
   1.982507e-02   3.414258e-03   3.509636e-03   1.472068e-02   0.000000e+00   0.000000e+00  -0.000000e+00   3.612322e-03   5.966971e-03   2.818534e-08
   1.982507e-02   6.960469e-03   2.251475e-03   5.525639e-03   0.000000e+00   0.000000e+00  -0.000000e+00   4.163021e-04   4.125605e-04   1.700661e-08
   1.982507e-02   2.429719e-03   6.610658e-03   9.397861e-04   0.000000e+00   0.000000e+00  -0.000000e+00   3.405861e-04   3.134930e-04   4.431062e-09
   1.982507e-02   5.433342e-03   5.669130e-03   1.131387e-09   0.000000e+00   0.000000e+00  -0.000000e+00   4.753165e-10   2.628852e-10   6.072920e-13
   1.982507e-02   7.214271e-03   8.103105e-03   1.638987e-03   0.000000e+00   0.000000e+00  -0.000000e+00   5.767919e-04   4.062275e-05   8.195910e-09
   1.982507e-02   1.291204e-03   9.563547e-03   4.242657e-03   0.000000e+00   0.000000e+00  -0.000000e+00   1.348913e-03   8.204787e-04   1.612020e-08
   1.982507e-02   8.990994e-03   3.043012e-03   6.575541e-04   0.000000e+00   0.000000e+00  -0.000000e+00   1.280501e-04   1.106507e-04   4.934550e-09
   1.982507e-02   9.734171e-03   1.342768e-03   5.236856e-03   0.000000e+00   0.000000e+00  -0.000000e+00   2.146016e-03  -1.238457e-03   1.608245e-08
   1.982507e-02   3.184080e-03   1.359259e-02   7.008728e-09   0.000000e+00   0.000000e+00   0.000000e+00  -3.458774e-09   5.634282e-10   2.745731e-12
   1.982507e-02   2.348981e-03   1.559889e-02   4.779193e-04   0.000000e+00   0.000000e+00  -0.000000e+00   5.931362e-05  -1.674550e-06   3.606248e-09
   1.982507e-02   4.947379e-03   1.558575e-02   3.712388e-04   0.000000e+00   0.000000e+00  -0.000000e+00   7.726772e-05   6.823123e-05   3.071579e-09
   1.982507e-02   4.035908e-03   1.186567e-02   4.222391e-09   0.000000e+00   0.000000e+00  -0.000000e+00   2.286820e-10   6.043542e-10   1.596678e-12
   1.982507e-02   6.685946e-03   1.140700e-02   1.307000e-08   0.000000e+00   0.000000e+00  -0.000000e+00   2.560650e-09   2.232569e-09   3.025819e-12
   1.982507e-02   9.194619e-03   1.178572e-02   6.251077e-07   0.000000e+00   0.000000e+00   0.000000e+00   3.476782e-08  -3.106141e-07   4.224253e-11
   1.982507e-02   1.915312e-02   1.295957e-03   2.117179e-04   0.000000e+00   0.000000e+00  -0.000000e+00  -1.668964e-05   1.237090e-05   2.646303e-09
   1.982507e-02   1.463828e-02   4.088982e-03   2.732496e-09   0.000000e+00   0.000000e+00   0.000000e+00   1.887039e-21   3.268516e-21   1.164388e-12
   1.982507e-02   1.800432e-02   5.870764e-03   6.247529e-08   0.000000e+00   0.000000e+00  -0.000000e+00   1.712979e-09  -2.093737e-10   9.434592e-12
   1.982507e-02   1.396790e-02   9.233459e-04   1.095545e-04   0.000000e+00   0.000000e+00  -0.000000e+00   1.864010e-06   4.249190e-05   1.681030e-09
   1.982507e-02   1.249789e-02   4.888262e-03   4.311829e-10   0.000000e+00   0.000000e+00   0.000000e+00   1.047655e-23  -5.616217e-23   2.715397e-13
   1.982507e-02   1.207365e-02   7.814733e-04   9.698139e-05   0.000000e+00   0.000000e+00  -0.000000e+00   1.042454e-05   1.890694e-05   1.583430e-09
   1.982507e-02   1.575023e-02   7.781061e-03   2.410478e-04   0.000000e+00   0.000000e+00  -0.000000e+00   6.463323e-05   4.517291e-06   2.102488e-09
   1.982507e-02   1.862428e-02   9.839084e-03   3.915687e-07   0.000000e+00   0.000000e+00  -0.000000e+00   1.564037e-08  -6.067177e-08   2.717299e-11
   1.982507e-02   1.118064e-02   1.656183e-02   2.564994e-08   0.000000e+00   0.000000e+00  -0.000000e+00   3.014498e-09  -6.142920e-09   4.730685e-12
   1.982507e-02   1.910404e-02   1.661461e-02   2.177062e-04   0.000000e+00   0.000000e+00  -0.000000e+00  -7.086826e-05  -1.443643e-05   2.148211e-09
   1.982507e-02   1.297159e-02   1.468228e-02   2.400302e-08   0.000000e+00   0.000000e+00   0.000000e+00  -6.652314e-09   9.989144e-09   4.896805e-12
   1.982507e-02   1.157931e-02   1.296913e-02   4.721742e-08   0.000000e+00   0.000000e+00  -0.000000e+00   2.182469e-08   5.804679e-09   6.703478e-12
                                                3.468954e-02   0.000000e+00   0.000000e+00   0.000000e+00   8.694996e-03   6.556369e-03   4.303846e-09

              3
             31
          pos_x          pos_y          pos_z       normal_x       normal_y       normal_z        tangt_x        tangt_y        tangt_z          pentr
   6.231622e-03   1.748949e-04   1.074410e-03   0.000000e+00  -2.731325e-03   0.000000e+00   7.518970e-05  -0.000000e+00   9.265896e-04   1.345099e-08
   7.415176e-03   1.748949e-04   2.793117e-03   0.000000e+00  -9.659533e-04   0.000000e+00   1.877420e-04  -0.000000e+00   4.044098e-04   5.063259e-09
   4.017505e-03   1.748949e-04   2.281970e-03   0.000000e+00  -1.402789e-04   0.000000e+00   5.588289e-05   0.000000e+00   4.238684e-05   1.696237e-09
   2.437078e-03   1.748949e-04   3.628000e-03   0.000000e+00  -1.376509e-03   0.000000e+00   4.960563e-05  -0.000000e+00  -4.940908e-05   7.482382e-09
   1.807654e-03   1.748949e-04   6.473046e-03   0.000000e+00  -4.718949e-03   0.000000e+00   2.269699e-03  -0.000000e+00   4.901490e-04   1.703077e-08
   1.568282e-03   1.748949e-04   8.592880e-03   0.000000e+00  -1.057487e-03   0.000000e+00   1.380190e-04  -0.000000e+00   2.566025e-04   5.412504e-09
   1.042232e-03   1.748949e-04   4.196672e-03   0.000000e+00  -3.674115e-10   0.000000e+00  -9.087948e-11  -0.000000e+00   1.546691e-10   3.594438e-13
   5.674270e-03   1.748949e-04   6.647333e-03   0.000000e+00  -3.091321e-03   0.000000e+00   8.695036e-04  -0.000000e+00   4.251002e-04   1.544306e-08
   9.573499e-03   1.748949e-04   1.588921e-03   0.000000e+00  -7.661976e-03   0.000000e+00  -1.443317e-03  -0.000000e+00   2.546168e-03   2.454582e-08
   8.421375e-03   1.748949e-04   9.648857e-03   0.000000e+00  -3.177776e-09   0.000000e+00   1.217762e-09  -0.000000e+00   9.005682e-10   1.360911e-12
   1.057962e-03   1.748949e-04   1.751729e-02   0.000000e+00  -3.150314e-09   0.000000e+00   6.600394e-10   0.000000e+00  -1.430198e-09   1.594174e-12
   1.797194e-03   1.748949e-04   1.444749e-02   0.000000e+00  -1.603805e-04   0.000000e+00   1.993707e-05  -0.000000e+00   4.593968e-06   1.518588e-09
   5.584843e-03   1.748949e-04   1.376210e-02   0.000000e+00  -1.989049e-03   0.000000e+00   6.038813e-04  -0.000000e+00   6.547934e-04   1.046904e-08
   8.432050e-03   1.748949e-04   1.274782e-02   0.000000e+00  -4.029114e-04   0.000000e+00   4.762364e-05  -0.000000e+00   4.149162e-05   2.741040e-09
   1.110772e-03   1.748949e-04   1.251095e-02   0.000000e+00  -1.044847e-04   0.000000e+00   3.587747e-05  -0.000000e+00   1.070384e-05   1.743962e-09
   1.251140e-03   1.748949e-04   1.085369e-02   0.000000e+00  -1.577526e-05   0.000000e+00   2.459161e-07  -0.000000e+00   6.334995e-06   3.703165e-10
   5.725244e-03   1.748949e-04   1.103704e-02   0.000000e+00  -5.033825e-04   0.000000e+00  -1.113274e-04  -0.000000e+00   1.187450e-04   4.426920e-09
   7.973386e-03   1.748949e-04   1.765466e-02   0.000000e+00  -1.037193e-04   0.000000e+00   1.048375e-06  -0.000000e+00  -1.250952e-05   1.494964e-09
   1.744757e-02   1.748949e-04   1.995034e-03   0.000000e+00  -8.915308e-03   0.000000e+00   1.506827e-04  -0.000000e+00   4.415108e-03   2.391893e-08
   1.707811e-02   1.748949e-04   4.870552e-03   0.000000e+00  -3.956088e-03   0.000000e+00  -1.087477e-03  -0.000000e+00   5.235939e-04   1.317820e-08
   1.843119e-02   1.748949e-04   9.402093e-03   0.000000e+00  -2.967136e-03   0.000000e+00  -1.000179e-03  -0.000000e+00   7.659472e-04   1.067101e-08
   1.502368e-02   1.748949e-04   3.193974e-03   0.000000e+00  -2.062454e-03   0.000000e+00  -1.200063e-04  -0.000000e+00   2.229915e-04   8.768287e-09
   1.526673e-02   1.748949e-04   1.045397e-03   0.000000e+00  -5.784181e-04   0.000000e+00  -5.944340e-05  -0.000000e+00   1.901791e-04   5.255899e-09
   1.098800e-02   1.748949e-04   6.425330e-03   0.000000e+00  -3.666565e-03   0.000000e+00  -2.184409e-04  -0.000000e+00   1.765269e-03   1.475899e-08
   1.432834e-02   1.748949e-04   9.293980e-03   0.000000e+00  -6.893056e-04   0.000000e+00   9.427444e-05  -0.000000e+00   1.324948e-04   4.171219e-09
   1.004378e-02   1.748949e-04   3.943015e-03   0.000000e+00  -6.767808e-05   0.000000e+00   8.866123e-06  -0.000000e+00   1.235970e-05   8.477368e-10
   1.033964e-02   1.748949e-04   1.078089e-02   0.000000e+00  -1.467837e-03   0.000000e+00   5.655299e-04  -0.000000e+00   9.342371e-05   7.727969e-09
   1.725252e-02   1.748949e-04   1.566419e-02   0.000000e+00  -4.086144e-04   0.000000e+00  -1.880802e-04  -0.000000e+00   4.830290e-06   2.889260e-09
   1.336501e-02   1.748949e-04   1.514628e-02   0.000000e+00  -1.000228e-03   0.000000e+00   7.989716e-05  -0.000000e+00   3.347673e-04   5.436440e-09
   1.588530e-02   1.748949e-04   1.268394e-02   0.000000e+00  -5.389611e-04   0.000000e+00   4.776086e-05  -0.000000e+00   4.782727e-05   3.572534e-09
   1.247319e-02   1.748949e-04   1.058331e-02   0.000000e+00  -5.190811e-11   0.000000e+00   2.144386e-11   0.000000e+00  -1.462101e-11   9.182547e-14
                                                0.000000e+00  -5.134210e-02   0.000000e+00   1.072996e-03   0.000000e+00   1.437494e-02   6.906120e-09

              4
             27
          pos_x          pos_y          pos_z       normal_x       normal_y       normal_z        tangt_x        tangt_y        tangt_z          pentr
   2.066068e-03   1.982507e-02   2.626689e-03   0.000000e+00   1.674534e-03   0.000000e+00   1.592083e-04  -0.000000e+00   8.116616e-04   7.639218e-09
   6.308598e-03   1.982507e-02   6.382138e-03   0.000000e+00   5.906687e-04   0.000000e+00  -4.650044e-05  -0.000000e+00   1.959802e-04   4.212765e-09
   4.064735e-03   1.982507e-02   4.550557e-03   0.000000e+00   1.179618e-03   0.000000e+00   2.995769e-04  -0.000000e+00   4.898511e-04   5.600436e-09
   7.810091e-03   1.982507e-02   2.827764e-03   0.000000e+00   9.124624e-03   0.000000e+00   5.971479e-04  -0.000000e+00   2.625691e-03   2.559937e-08
   1.003501e-02   1.982507e-02   7.770169e-03   0.000000e+00   7.929463e-04   0.000000e+00   1.560466e-04  -0.000000e+00   3.252873e-04   5.263214e-09
   1.917792e-03   1.982507e-02   5.108480e-03   0.000000e+00   5.617184e-04   0.000000e+00   1.097065e-04  -0.000000e+00   1.738993e-04   4.293025e-09
   1.711053e-03   1.982507e-02   7.320034e-03   0.000000e+00   1.355436e-05   0.000000e+00   3.865990e-07  -0.000000e+00   2.044622e-06   3.906637e-10
   4.990196e-03   1.982507e-02   1.399450e-03   0.000000e+00   2.909220e-03   0.000000e+00   1.341414e-03  -0.000000e+00   6.539632e-05   1.091388e-08
   8.285115e-03   1.982507e-02   9.241613e-03   0.000000e+00   2.476346e-03   0.000000e+00   2.300657e-05  -0.000000e+00  -8.915144e-04   9.177065e-09
   9.118694e-04   1.982507e-02   9.404193e-03   0.000000e+00   1.245323e-04   0.000000e+00   3.755972e-05  -0.000000e+00   2.675865e-07   1.754472e-09
   5.071056e-03   1.982507e-02   1.547651e-02   0.000000e+00   1.316731e-03   0.000000e+00   3.289161e-04  -0.000000e+00  -9.361219e-05   7.484227e-09
   1.001875e-02   1.982507e-02   1.530595e-02   0.000000e+00   2.994224e-08   0.000000e+00   1.802181e-09  -0.000000e+00  -1.246654e-09   4.337513e-12
   1.906176e-03   1.982507e-02   1.149462e-02   0.000000e+00   2.208168e-04   0.000000e+00   4.044615e-05  -0.000000e+00  -1.058101e-05   2.140396e-09
   4.319150e-03   1.982507e-02   9.678519e-03   0.000000e+00   3.898000e-03   0.000000e+00   7.805730e-04  -0.000000e+00   1.870890e-04   1.078671e-08
   1.899364e-02   1.982507e-02   7.988224e-04   0.000000e+00   3.744600e-04   0.000000e+00  -8.933078e-05  -0.000000e+00   1.160305e-04   3.363836e-09
   1.746330e-02   1.982507e-02   4.339460e-03   0.000000e+00   9.089681e-09   0.000000e+00  -6.801184e-10  -0.000000e+00   6.655627e-10   2.716261e-12
   1.568375e-02   1.982507e-02   3.369177e-03   0.000000e+00   1.274187e-09   0.000000e+00   5.284797e-11  -0.000000e+00  -1.592322e-10   7.408137e-13
   1.387451e-02   1.982507e-02   4.163711e-03   0.000000e+00   4.940670e-06   0.000000e+00  -3.071821e-07  -0.000000e+00  -6.560662e-07   1.768377e-10
   1.540171e-02   1.982507e-02   1.100816e-03   0.000000e+00   8.676532e-05   0.000000e+00  -7.690178e-07  -0.000000e+00   2.527534e-06   1.194430e-09
   1.515187e-02   1.982507e-02   7.887675e-03   0.000000e+00   5.048024e-09   0.000000e+00  -1.793783e-09  -0.000000e+00   3.520013e-10   1.710267e-12
   1.180503e-02   1.982507e-02   2.386320e-03   0.000000e+00   6.244593e-05   0.000000e+00   6.491251e-06  -0.000000e+00  -4.855890e-06   7.890228e-10
   1.358485e-02   1.982507e-02   6.335485e-03   0.000000e+00   5.950235e-10   0.000000e+00   2.972087e-10   0.000000e+00  -1.342546e-11   4.741416e-13
   1.703427e-02   1.982507e-02   8.411447e-03   0.000000e+00   4.090274e-07   0.000000e+00   6.388355e-08  -0.000000e+00   6.641494e-09   3.078465e-11
   1.029076e-02   1.982507e-02   1.292970e-03   0.000000e+00   9.060990e-05   0.000000e+00   9.993132e-06   0.000000e+00   4.418909e-05   1.461082e-09
   1.916503e-02   1.982507e-02   1.676291e-02   0.000000e+00   2.401447e-04   0.000000e+00  -6.207946e-05  -0.000000e+00   1.366949e-05   2.449713e-09
   1.379362e-02   1.982507e-02   1.490265e-02   0.000000e+00   8.969843e-10   0.000000e+00  -5.018680e-22   0.000000e+00  -6.611210e-22   5.846088e-13
   1.670787e-02   1.982507e-02   1.319369e-02   0.000000e+00   1.005803e-08   0.000000e+00   3.181595e-09   0.000000e+00  -3.894666e-09   2.189301e-12
                                                0.000000e+00   2.574314e-02   0.000000e+00   3.691553e-03   0.000000e+00   4.052368e-03   3.879033e-09

              5
             35
          pos_x          pos_y          pos_z       normal_x       normal_y       normal_z        tangt_x        tangt_y        tangt_z          pentr
   2.557775e-03   1.653460e-03   1.749098e-04   0.000000e+00   0.000000e+00  -5.463738e-04   9.963050e-05   3.776057e-05  -0.000000e+00   3.475573e-09
   6.308496e-03   1.578875e-03   1.749098e-04   0.000000e+00   0.000000e+00  -5.391441e-03  -9.205575e-04   2.518076e-03  -0.000000e+00   1.558724e-08
   1.435917e-03   3.253982e-03   1.749098e-04   0.000000e+00   0.000000e+00  -3.860551e-04   1.588674e-04   6.204267e-05  -0.000000e+00   3.549470e-09
   1.285173e-03   9.609770e-03   1.749098e-04   0.000000e+00   0.000000e+00  -4.965308e-03   2.121290e-03  -1.914451e-04  -0.000000e+00   1.601547e-08
   7.312838e-04   6.275479e-03   1.749098e-04   0.000000e+00   0.000000e+00  -8.140465e-05   3.044657e-05  -1.189816e-05  -0.000000e+00   1.206649e-09
   2.609490e-03   6.659581e-03   1.749098e-04   0.000000e+00   0.000000e+00  -1.629640e-03   2.494671e-04  -1.682745e-04  -0.000000e+00   7.979949e-09
   4.016979e-03   8.987641e-03   1.749098e-04   0.000000e+00   0.000000e+00  -2.225150e-03  -2.074166e-05  -8.552267e-04  -0.000000e+00   8.351691e-09
   4.333428e-03   1.725749e-03   1.749098e-04   0.000000e+00   0.000000e+00  -2.911857e-09  -5.370401e-11   1.454938e-09   0.000000e+00   1.180359e-12
   4.628573e-03   6.576093e-03   1.749098e-04   0.000000e+00   0.000000e+00  -6.873674e-09  -3.339812e-09   8.108664e-10   0.000000e+00   2.665895e-12
   6.707852e-03   6.950622e-03   1.749098e-04   0.000000e+00   0.000000e+00  -1.750225e-09   7.550686e-11  -8.718491e-10   0.000000e+00   8.503044e-13
   8.529071e-03   5.048164e-03   1.749098e-04   0.000000e+00   0.000000e+00  -1.622615e-03   6.846571e-04  -1.553294e-04  -0.000000e+00   7.858345e-09
   9.235245e-03   2.420169e-03   1.749098e-04   0.000000e+00   0.000000e+00  -7.764453e-03  -1.484829e-03   3.284824e-03  -0.000000e+00   1.804506e-08
   1.224459e-03   1.821248e-02   1.749098e-04   0.000000e+00   0.000000e+00  -4.840985e-03   2.196802e-03  -2.493755e-05  -0.000000e+00   1.467048e-08
   2.476740e-03   1.669742e-02   1.749098e-04   0.000000e+00   0.000000e+00  -2.374321e-10   1.183805e-10   8.920417e-12   0.000000e+00   2.419448e-13
   6.438585e-03   1.810317e-02   1.749098e-04   0.000000e+00   0.000000e+00  -1.680908e-04   2.961180e-05  -1.139963e-05  -0.000000e+00   1.744584e-09
   1.194033e-03   1.584433e-02   1.749098e-04   0.000000e+00   0.000000e+00  -1.016484e-04   2.519728e-05   8.620092e-06  -0.000000e+00   1.561689e-09
   6.995670e-03   1.472116e-02   1.749098e-04   0.000000e+00   0.000000e+00  -5.075817e-03   1.952854e-03  -1.352907e-03  -0.000000e+00   1.753225e-08
   3.242487e-03   1.240640e-02   1.749098e-04   0.000000e+00   0.000000e+00  -1.447964e-09   5.161954e-10  -5.076341e-10   0.000000e+00   7.403802e-13
   8.948683e-03   1.333848e-02   1.749098e-04   0.000000e+00   0.000000e+00  -6.234000e-05  -6.313698e-06   7.304527e-06  -0.000000e+00   9.125243e-10
   1.087782e-03   1.236378e-02   1.749098e-04   0.000000e+00   0.000000e+00  -7.434449e-05   3.210415e-05  -7.073888e-06  -0.000000e+00   1.012449e-09
   1.015785e-02   1.564432e-02   1.749098e-04   0.000000e+00   0.000000e+00  -2.562929e-09  -1.953013e-10   1.065515e-09  -0.000000e+00   1.156264e-12
   1.775492e-02   5.752680e-03   1.749098e-04   0.000000e+00   0.000000e+00  -4.805772e-03  -6.093431e-04   1.140902e-03  -0.000000e+00   1.568278e-08
   1.687671e-02   2.132528e-03   1.749098e-04   0.000000e+00   0.000000e+00  -1.182026e-02  -3.145155e-03   4.709913e-03  -0.000000e+00   2.826365e-08
   1.259348e-02   5.186746e-03   1.749098e-04   0.000000e+00   0.000000e+00  -2.174001e-04   4.734918e-05   7.166338e-06  -0.000000e+00   2.507043e-09
   1.501861e-02   1.363104e-03   1.749098e-04   0.000000e+00   0.000000e+00  -3.348049e-04  -4.243831e-05   5.892289e-05  -0.000000e+00   2.940643e-09
   1.384416e-02   7.079765e-03   1.749098e-04   0.000000e+00   0.000000e+00  -1.891304e-09   4.161386e-10   1.662858e-10  -0.000000e+00   9.071196e-13
   1.867633e-02   1.930838e-02   1.749098e-04   0.000000e+00   0.000000e+00  -2.401589e-04  -5.032024e-05  -8.390996e-05  -0.000000e+00   2.807053e-09
   1.904861e-02   1.393422e-02   1.749098e-04   0.000000e+00   0.000000e+00  -1.050232e-04  -4.845089e-05  -2.078651e-06  -0.000000e+00   1.589728e-09
   1.570707e-02   1.905082e-02   1.749098e-04   0.000000e+00   0.000000e+00  -1.037309e-04   1.191506e-05  -3.066242e-05  -0.000000e+00   1.566674e-09
   1.896385e-02   1.173516e-02   1.749098e-04   0.000000e+00   0.000000e+00  -6.739804e-05  -3.055920e-05  -1.194240e-05  -0.000000e+00   9.644911e-10
   1.155926e-02   1.664340e-02   1.749098e-04   0.000000e+00   0.000000e+00  -1.822059e-04   3.448120e-05   7.473834e-05  -0.000000e+00   1.944753e-09
   1.381283e-02   1.276224e-02   1.749098e-04   0.000000e+00   0.000000e+00  -2.170675e-04  -9.673350e-07   7.332791e-05  -0.000000e+00   2.121264e-09
   1.158162e-02   1.423921e-02   1.749098e-04   0.000000e+00   0.000000e+00  -1.559336e-04   1.278504e-05   3.304443e-05  -0.000000e+00   1.928987e-09
   1.098268e-02   1.073219e-02   1.749098e-04   0.000000e+00   0.000000e+00  -4.095103e-03  -6.003795e-04  -1.186039e-03  -0.000000e+00   1.138493e-08
   1.003963e-02   1.884370e-02   1.749098e-04   0.000000e+00   0.000000e+00  -1.031910e-04  -7.042051e-06  -2.786354e-05  -0.000000e+00   1.724470e-09
                                                0.000000e+00   0.000000e+00  -5.738373e-02   7.203580e-04   7.895655e-03   0.000000e+00   5.569647e-09

              6
             18
          pos_x          pos_y          pos_z       normal_x       normal_y       normal_z        tangt_x        tangt_y        tangt_z          pentr
   2.042721e-03   8.617964e-03   1.890659e-02   0.000000e+00   0.000000e+00   1.356469e-03   1.996899e-05   1.566988e-05  -0.000000e+00   5.754403e-09
   5.895673e-03   8.707455e-03   1.890659e-02   0.000000e+00   0.000000e+00   6.619948e-10  -1.238444e-10  -1.190233e-10  -0.000000e+00   5.047421e-13
   2.389912e-03   3.356745e-03   1.890659e-02   0.000000e+00   0.000000e+00   8.213171e-04   9.686891e-05  -2.943630e-04  -0.000000e+00   3.988450e-09
   7.863500e-03   1.305819e-03   1.890659e-02   0.000000e+00   0.000000e+00   1.143992e-04  -2.575916e-06   2.644492e-05  -0.000000e+00   1.709934e-09
   1.891567e-03   1.227687e-02   1.890659e-02   0.000000e+00   0.000000e+00   1.795124e-04   2.404626e-05   8.046303e-06  -0.000000e+00   1.743556e-09
   2.924268e-03   1.573890e-02   1.890659e-02   0.000000e+00   0.000000e+00   2.678971e-03   1.767514e-04   1.541916e-04  -0.000000e+00   8.440853e-09
   6.259408e-03   1.822881e-02   1.890659e-02   0.000000e+00   0.000000e+00   1.248651e-03   5.979189e-04  -3.134803e-05  -0.000000e+00   6.072179e-09
   5.904541e-03   1.504906e-02   1.890659e-02   0.000000e+00   0.000000e+00   7.274857e-10  -3.486104e-10  -1.038250e-10   0.000000e+00   5.704048e-13
   4.107437e-03   1.264275e-02   1.890659e-02   0.000000e+00   0.000000e+00   5.368835e-10   9.976451e-12   9.868024e-12  -0.000000e+00   4.706582e-13
   7.567969e-03   1.367918e-02   1.890659e-02   0.000000e+00   0.000000e+00   7.936214e-04  -8.115009e-05  -8.479997e-05  -0.000000e+00   4.175180e-09
   7.948839e-03   1.048335e-02   1.890659e-02   0.000000e+00   0.000000e+00   3.567625e-04   1.908217e-05   8.189136e-05  -0.000000e+00   2.529713e-09
   1.570681e-02   7.922587e-03   1.890659e-02   0.000000e+00   0.000000e+00   1.924825e-04  -1.302785e-06   3.005516e-06  -0.000000e+00   1.542394e-09
   1.365422e-02   4.000374e-03   1.890659e-02   0.000000e+00   0.000000e+00   1.236330e-03   1.716904e-05   5.953333e-04  -0.000000e+00   5.088190e-09
   1.195099e-02   7.549306e-03   1.890659e-02   0.000000e+00   0.000000e+00   2.273579e-03   5.520257e-04   2.454884e-05  -0.000000e+00   7.725165e-09
   1.044198e-02   1.467391e-02   1.890659e-02   0.000000e+00   0.000000e+00   3.202653e-04   1.274017e-04  -1.262049e-06  -0.000000e+00   2.795512e-09
   1.745144e-02   1.113945e-02   1.890659e-02   0.000000e+00   0.000000e+00   4.735298e-09  -4.137628e-10  -5.306197e-10  -0.000000e+00   1.664769e-12
   1.360421e-02   1.479468e-02   1.890659e-02   0.000000e+00   0.000000e+00   1.966009e-04   7.682269e-05  -4.585728e-06  -0.000000e+00   1.643895e-09
   1.129004e-02   1.061532e-02   1.890659e-02   0.000000e+00   0.000000e+00   4.877774e-05   1.595966e-05   4.062217e-06  -0.000000e+00   8.407111e-10
                                                0.000000e+00   0.000000e+00   1.181775e-02   1.638986e-03   4.968344e-04   0.000000e+00   3.002964e-09

