              5             57   3.009163e-03   2.427456e-03   9.106457e-04   3.009162e-03   2.427455e-03   9.106457e-04   1.007860e-03   5.613070e-04   1.720519e-09   3.337103e-10   7.875814e-07   3.605217e-04   2.400000e+10   4.336156e-05   1.403459e-05   1.283757e-07   3.009163e-03   2.427455e-03   9.106457e-04  -2.699177e-05  -3.388456e-05   1.872333e-06  -1.085901e-05   8.507917e-06  -2.582019e-06   2.085438e-05   1.623595e-01  -6.224815e-01  -7.814424e-01   4.317957e-02
              9             97   4.995306e-03   5.456948e-03   1.456676e-03   4.995306e-03   5.456948e-03   1.456676e-03   9.996207e-04   8.682053e-04   2.392010e-11   7.442389e-07   1.054246e-07   4.646450e-04   2.400000e+10   8.069657e-08   4.034829e-08  -7.060481e-09   4.995306e-03   5.456948e-03   1.456676e-03  -5.530658e-08  -3.722117e-08  -4.547200e-08  -1.291682e-08  -2.041817e-08   3.231467e-08   5.699989e-05   4.566566e+01  -6.853647e-01  -4.612485e-01  -5.634936e-01
             25             33   1.295941e-03   4.211787e-03   1.945738e-03   1.295939e-03   4.211787e-03   1.945740e-03   6.502161e-04   8.687018e-04   1.902449e-09   1.311524e-08   8.411116e-07   3.718726e-04   2.400000e+10   5.120551e-05   2.560275e-05  -1.020801e-05   1.295940e-03   4.211787e-03   1.945739e-03  -3.624053e-05  -1.151600e-05   3.429299e-05  -1.005162e-05   2.338363e-05  -2.769790e-06   2.017987e-05   2.504161e-01  -7.077468e-01  -2.248977e-01   6.697130e-01
             33             57   3.264033e-03   3.788734e-03   1.154681e-03   3.264030e-03   3.788737e-03   1.154682e-03   1.031572e-03   9.961630e-04   4.306352e-09   5.758606e-08   1.477284e-06   5.067791e-04   2.400000e+10   2.035746e-04   1.017873e-04  -1.228426e-05   3.264031e-03   3.788735e-03   1.154681e-03  -1.286494e-04   1.503718e-04   4.775220e-05  -7.069442e-05  -6.860934e-05   2.560686e-05   1.522695e-05   1.209293e-01  -6.319522e-01   7.386569e-01   2.345686e-01
             57             63   4.279513e-03   3.632225e-03   8.421080e-04   4.279509e-03   3.632224e-03   8.421085e-04   9.191486e-04   8.259036e-04   4.536060e-09   1.024755e-09   1.404730e-06   4.350174e-04   2.400000e+10   2.039020e-04   7.001623e-05  -1.384918e-05   4.279511e-03   3.632225e-03   8.421083e-04  -1.929891e-04  -6.137221e-05   2.376328e-05  -1.099847e-05   5.216759e-05   4.538556e-05   1.257146e-05   1.399038e-01  -9.464796e-01  -3.009887e-01   1.165426e-01
             63            129   5.577299e-03   3.786306e-03   9.943135e-04   5.577296e-03   3.786305e-03   9.943120e-04   1.197613e-03   1.389182e-03   2.790005e-09   1.283162e-08   1.339551e-06   6.431522e-04   2.400000e+10   1.195954e-04   3.650834e-05   4.071228e-05   5.577297e-03   3.786306e-03   9.943128e-04  -9.865318e-05  -2.235451e-05  -6.380342e-05  -2.056951e-05   7.132708e-06   2.930663e-05   1.716490e-05   5.191487e-01  -8.248914e-01  -1.869179e-01  -5.334941e-01
             79             97   6.392280e-03   6.437686e-03   1.211948e-03   6.392280e-03   6.437686e-03   1.211948e-03   1.225424e-03   1.553600e-03   2.409289e-11   4.183397e-07   1.284728e-07   6.850672e-04   2.400000e+10   9.904894e-08   4.952447e-08   7.095359e-09   6.392280e-03   6.437686e-03   1.211948e-03   1.690240e-08   4.637616e-08  -8.587347e-08   2.845549e-08   3.301287e-08   2.351827e-08   5.163445e-05   7.300130e+01   1.706470e-01   4.682146e-01  -8.669802e-01
            119            133   8.410311e-03   7.011920e-03   1.264845e-03   8.410311e-03   7.011920e-03   1.264845e-03   1.034389e-03   1.628540e-03   4.021497e-10   1.541791e-09   5.043769e-07   6.325905e-04   2.400000e+10   6.490722e-06   3.245361e-06   8.789282e-08   8.410311e-03   7.011920e-03   1.264845e-03   2.306920e-07  -6.429230e-06  -8.609582e-07   1.424714e-07  -3.950483e-07   3.218075e-06   4.571153e-05   3.339088e+00   3.554181e-02  -9.905262e-01  -1.326444e-01
            125            207   6.799327e-03   2.247582e-03   5.207488e-03   6.799327e-03   2.247582e-03   5.207488e-03   1.898023e-03   2.632005e-03   4.262312e-11   3.779103e-07   2.168035e-07   1.102776e-03   2.400000e+10   2.957069e-07   1.478107e-07  -1.827423e-07   6.799327e-03   2.247582e-03   5.207488e-03  -2.193412e-07   2.406457e-08  -1.968576e-07   6.599728e-08  -1.007538e-07  -8.567982e-08   9.942147e-05   5.854675e+01  -7.417520e-01   8.137979e-02  -6.657186e-01
            129            169   7.856911e-03   3.585845e-03   3.166913e-03   7.856910e-03   3.585846e-03   3.166913e-03   1.342904e-03   1.831844e-03   1.073984e-09   9.565522e-10   9.122440e-07   7.748618e-04   2.400000e+10   3.135154e-05   1.352166e-05   9.915109e-06   7.856911e-03   3.585846e-03   3.166913e-03  -2.525163e-05   1.086983e-05  -1.507052e-05   5.999330e-06  -2.507367e-06  -1.185565e-05   3.398974e-05   3.168110e+00  -8.054353e-01   3.467080e-01  -4.806948e-01
            133            184   9.411499e-03   9.554883e-03   2.706650e-03   9.411499e-03   9.554883e-03   2.706650e-03   1.381759e-03   1.465250e-03   1.114397e-10   7.709709e-09   2.815124e-07   7.111401e-04   2.400000e+10   1.003893e-06   5.017468e-07  -7.407308e-07   9.411499e-03   9.554883e-03   2.706650e-03  -6.702561e-07  -3.792456e-07  -6.439956e-07   3.055979e-08   4.169962e-07  -2.773628e-07   6.118637e-05   8.997177e+00  -6.676570e-01  -3.777750e-01  -6.414984e-01
            133             39   9.707168e-03   9.850257e-03   1.629797e-03   9.707168e-03   9.850257e-03   1.629797e-03   1.298121e-03   1.623465e-03   1.829470e-10   5.017548e-09   3.632724e-07   7.213390e-04   2.400000e+10   2.126707e-06   1.062003e-06   4.323960e-09   9.707168e-03   9.850257e-03   1.629797e-03  -1.577095e-06  -1.426689e-06   1.457873e-08   4.178074e-07  -4.533658e-07   8.647241e-07   7.680635e-05   1.071823e+01  -7.415666e-01  -6.708443e-01   6.855071e-03
            158            240   7.890372e-03   1.040502e-02   3.522513e-03   7.890372e-03   1.040502e-02   3.522513e-03   2.201039e-03   4.622842e-04   7.132556e-11   1.433666e-11   1.650741e-07   3.820436e-04   2.400000e+10   3.767682e-07   2.642280e-08  -2.302912e-07   7.890372e-03   1.040502e-02   3.522513e-03  -2.889868e-07  -2.011086e-07   1.341501e-07  -1.695160e-08   1.663584e-08  -1.157827e-08   4.889691e-05   1.127631e+01  -7.670149e-01  -5.337726e-01   3.560547e-01
            221            285   3.189307e-03   6.552419e-03   7.551170e-03   3.189307e-03   6.552419e-03   7.551170e-03   1.782239e-03   1.095209e-03   1.154328e-11   4.837135e-10   8.848960e-08   6.783524e-04   2.400000e+10   3.268672e-08   1.634336e-08   6.674436e-09   3.189307e-03   6.552419e-03   7.551170e-03   1.569388e-09  -3.004444e-08  -1.277851e-08  -1.854596e-09   5.952922e-09  -1.510724e-08   1.180107e-04   5.977087e+02   4.801303e-02  -9.191635e-01  -3.909389e-01
            253            273   7.681069e-03   9.084945e-03   7.110614e-03   7.681069e-03   9.084945e-03   7.110614e-03   1.947125e-03   1.942649e-03   9.873283e-12   5.345608e-07   9.798569e-08   9.724420e-04   2.400000e+10   3.056580e-19   1.528290e-19   1.516223e-19   7.681069e-03   9.084945e-03   7.110614e-03  -1.210522e-20   2.651244e-19  -1.516223e-19   1.261174e-19   4.712297e-20   7.232251e-20   5.970273e-03   4.906327e+13  -3.910197e-13   8.563978e-12  -4.897664e-12
            277            287   5.282307e-03   9.733562e-04   7.106200e-03   5.282307e-03   9.733562e-04   7.106200e-03   5.148799e-04   9.848024e-04   1.409504e-11   1.178389e-07   6.903367e-08   3.381082e-04   2.400000e+10   3.113703e-08   1.491275e-08   2.764786e-08   5.282307e-03   9.733562e-04   7.106200e-03   7.646716e-09  -2.731884e-09  -3.005959e-08  -1.384181e-08  -4.574971e-09  -3.140721e-09   5.670897e-05   6.583935e+02   2.455827e-01  -8.773746e-02  -9.653969e-01
            295            263   1.031980e-02   1.951496e-03   7.742924e-03   1.031980e-02   1.951496e-03   7.742924e-03   1.455915e-03   9.991821e-04   1.429852e-10   3.481317e-07   2.910728e-07   5.925323e-04   2.400000e+10   1.331811e-06   6.659056e-07   3.880663e-09   1.031980e-02   1.951496e-03   7.742924e-03  -1.108404e-06   4.741667e-08   7.368262e-07  -9.869442e-08   6.308007e-07  -1.891565e-07   3.430396e-05   6.080744e+00  -8.322532e-01   3.560315e-02   5.532513e-01
            325            293   3.301283e-03   2.378034e-03   1.044612e-02   3.301283e-03   2.378034e-03   1.044612e-02   1.273528e-03   1.493289e-03   8.030450e-12   1.031377e-07   7.429437e-08   6.873405e-04   2.400000e+10   1.533153e-19   7.665767e-20   4.939370e-20   3.301283e-03   2.378034e-03   1.044612e-02  -6.619399e-20   1.291674e-19  -4.939370e-20  -6.912041e-20  -3.026011e-20   1.353119e-20   8.416577e-03   6.222982e+13  -3.467151e-12   6.765612e-12  -2.587175e-12
            321            367   7.801358e-03   6.370540e-03   1.089836e-02   7.801358e-03   6.370540e-03   1.089836e-02   1.637000e-03   1.212356e-03   1.001734e-11   2.043608e-08   8.352997e-08   6.965176e-04   2.400000e+10   2.677595e-08   4.341482e-09   4.600112e-09   7.801358e-03   6.370540e-03   1.089836e-02  -2.335769e-08   1.219974e-08  -4.747211e-09  -1.950596e-09  -2.622646e-09   2.857511e-09   6.873846e-05   6.846129e+03  -8.723385e-01   4.556232e-01  -1.772939e-01
            445            472   2.684562e-03   8.263456e-03   1.700730e-02   2.684562e-03   8.263456e-03   1.700730e-02   2.370553e-03   7.267021e-04   3.908137e-11   7.062908e-08   1.474346e-07   5.561976e-04   2.400000e+10   1.843823e-07   9.212363e-08  -7.237733e-08   2.684562e-03   8.263456e-03   1.700730e-02  -8.738528e-08   9.632000e-08   1.307024e-07  -5.338252e-08   4.713677e-08  -5.843967e-08   5.173938e-05   5.497642e+01  -4.739352e-01   5.223928e-01   7.088661e-01
            475            472   3.724258e-03   7.836909e-03   1.645917e-02   3.724258e-03   7.836909e-03   1.645917e-02   9.713365e-04   9.003740e-04   5.995551e-11   1.150896e-08   1.673754e-07   4.672550e-04   2.400000e+10   3.211224e-07   1.605612e-07  -2.359148e-08   3.724258e-03   7.836909e-03   1.645917e-02   3.123852e-07   6.231301e-08   4.064682e-08   2.016175e-08  -8.551800e-09  -1.590606e-07   3.641971e-05   3.323813e+01   9.727917e-01   1.940475e-01   1.265773e-01
            416            449   4.946045e-03   6.265850e-03   1.736709e-02   4.946045e-03   6.265850e-03   1.736709e-02   9.911683e-04   8.130508e-04   9.989796e-11   5.247379e-08   2.112352e-07   4.466587e-04   2.400000e+10   6.752628e-07   3.374377e-07   6.193162e-07   4.946045e-03   6.265850e-03   1.736709e-02   5.001034e-08  -8.587962e-08  -6.679098e-07  -4.139636e-08   3.321169e-07  -4.299862e-08   3.241896e-05   9.247816e+01   7.406055e-02  -1.271796e-01  -9.891109e-01
            429            421   2.952803e-03   1.450021e-03   1.784496e-02   2.952803e-03   1.450021e-03   1.784496e-02   1.001251e-03   1.040577e-03   7.711833e-11   1.583289e-07   1.983708e-07   5.102676e-04   2.400000e+10   4.895369e-07   2.447684e-07   5.344369e-09   2.952803e-03   1.450021e-03   1.784496e-02   6.978690e-08   4.837264e-07  -2.801629e-08  -1.232486e-07   4.191858e-09  -2.114327e-07   4.460485e-05   1.824862e+01   1.425570e-01   9.881307e-01  -5.723020e-02
            423            422   1.074571e-03   7.517499e-03   1.525808e-02   1.074571e-03   7.517498e-03   1.525808e-02   1.280455e-03   1.377481e-03   5.474900e-10   4.894106e-07   6.027550e-07   6.635986e-04   2.400000e+10   1.056007e-05   5.280037e-06  -6.132063e-07   1.074571e-03   7.517498e-03   1.525808e-02  -4.155851e-07  -1.052104e-05   8.062943e-07   1.054584e-06   3.486415e-07   5.161889e-06   4.181509e-05   1.041357e+01  -3.935437e-02  -9.963039e-01   7.635308e-02
            422            425   1.211289e-03   8.726781e-03   1.424130e-02   1.211289e-03   8.726781e-03   1.424130e-02   1.469996e-03   9.252807e-04   7.226009e-10   6.403735e-07   6.405694e-07   5.678504e-04   2.400000e+10   1.481203e-05   7.406016e-06  -3.959452e-06   1.211289e-03   8.726781e-03   1.424130e-02   6.189898e-06  -8.965204e-07   1.342675e-05  -2.038570e-06  -7.103674e-06   4.807528e-07   2.312395e-05   1.070834e+00   4.178966e-01  -6.052649e-02   9.064761e-01
            425            350   1.270492e-03   9.606490e-03   1.373148e-02   1.270491e-03   9.606489e-03   1.373148e-02   7.549129e-04   2.401918e-03   6.168399e-10   3.234610e-07   5.952345e-07   5.743858e-04   2.400000e+10   1.174926e-05   5.874630e-06   3.648650e-07   1.270492e-03   9.606490e-03   1.373148e-02  -5.874677e-06  -1.015043e-05  -7.086011e-07   3.005498e-06  -2.062139e-06   4.607151e-06   2.625437e-05   1.689051e+00  -5.000040e-01  -8.639205e-01  -6.031028e-02
            374            353   5.690516e-03   9.243781e-03   1.345107e-02   5.690516e-03   9.243781e-03   1.345107e-02   2.481916e-03   9.177994e-04   1.203943e-11   2.002204e-08   8.981506e-08   6.700269e-04   2.400000e+10   3.460231e-08   1.729910e-08   2.406589e-08   5.690516e-03   9.243781e-03   1.345107e-02  -1.558027e-08   2.469160e-08   1.857149e-08   1.512495e-08   8.205516e-09   1.778855e-09   1.083250e-04   9.172061e+01  -4.502666e-01   7.135824e-01   5.367123e-01
            369            377   8.853122e-03   5.849209e-03   1.424141e-02   8.853122e-03   5.849209e-03   1.424141e-02   1.171999e-03   1.546097e-03   1.400843e-11   2.636341e-08   9.663720e-08   6.666521e-04   2.400000e+10   4.331953e-08   2.165977e-08  -2.754730e-08   8.853122e-03   5.849209e-03   1.424141e-02  -1.717461e-08  -2.981510e-08  -2.631872e-08  -8.115723e-09   1.571199e-08  -1.250655e-08   1.355673e-04   1.413133e+02  -3.964633e-01  -6.882598e-01  -6.075486e-01
            371            319   1.037750e-02   5.509066e-03   1.136048e-02   1.037750e-02   5.509066e-03   1.136048e-02   1.104814e-03   2.544382e-03   1.900276e-11   1.256158e-08   1.209889e-07   7.703257e-04   2.400000e+10   7.357192e-08   3.678596e-08   1.641299e-08   1.037750e-02   5.509066e-03   1.136048e-02  -6.002158e-08  -4.167026e-08   8.592231e-09  -1.691464e-08   2.785497e-08   1.706465e-08   9.333202e-05   4.754652e+01  -8.158219e-01  -5.663881e-01   1.167868e-01
            467            391   1.040251e-02   1.787113e-03   1.714300e-02   1.040251e-02   1.787113e-03   1.714300e-02   8.956729e-04   2.813559e-03   4.003420e-10   2.078083e-07   5.215264e-07   6.793937e-04   2.400000e+10   6.681246e-06   3.340623e-06   2.606525e-07   1.040251e-02   1.787113e-03   1.714300e-02  -3.451766e-06   5.070215e-07   5.698007e-06   2.671773e-06  -1.109891e-06   1.670191e-06   2.804836e-05   1.530172e+00  -5.166351e-01   7.588726e-02   8.528360e-01
              2             26   1.579001e-03   1.881516e-02   1.748539e-03   1.579001e-03   1.881516e-02   1.748541e-03   1.435424e-03   1.621036e-03   2.280423e-09   2.833071e-08   1.317604e-06   7.612972e-04   2.400000e+10   9.615021e-05   4.409435e-05  -6.865083e-05   1.579001e-03   1.881516e-02   1.748540e-03   2.442193e-05   3.278456e-05   8.702646e-05  -1.963903e-05  -3.480969e-05   1.862542e-05   2.384661e-05   1.812762e+00   2.539976e-01   3.409724e-01   9.051094e-01
              2             50   2.986929e-03   1.902749e-02   3.257150e-03   2.986928e-03   1.902749e-02   3.257149e-03   8.663751e-04   8.111122e-04   1.193703e-09   6.567824e-08   7.071508e-07   4.189167e-04   2.400000e+10   2.701211e-05   1.350605e-05   2.261539e-05   2.986929e-03   1.902749e-02   3.257149e-03  -2.270244e-05  -4.067829e-08  -1.463734e-05  -6.306175e-06  -6.827479e-06   9.799550e-06   3.255091e-05   1.034792e+00  -8.404542e-01  -1.505928e-03  -5.418805e-01
              2              6   1.290976e-03   1.878052e-02   3.942600e-03   1.290976e-03   1.878052e-02   3.942597e-03   1.110903e-03   1.197194e-03   2.432328e-09   1.105986e-07   1.183871e-06   5.762176e-04   2.400000e+10   9.214601e-05   2.961967e-05   6.750406e-05   1.290976e-03   1.878052e-02   3.942599e-03   1.330117e-05   1.443673e-05  -9.003080e-05   2.353116e-05  -1.797949e-05   5.896677e-07   2.515747e-05   1.170991e+00   1.443489e-01   1.566724e-01  -9.770451e-01
              2             46   1.068604e-03   1.803762e-02   3.171028e-03   1.068604e-03   1.803762e-02   3.171028e-03   1.396179e-03   1.365965e-03   1.186729e-10   1.466097e-08   2.862483e-07   6.904534e-04   2.400000e+10   1.087037e-06   5.435185e-07   2.096594e-06   1.068604e-03   1.803762e-02   3.171028e-03   1.739870e-07   1.049923e-06  -2.214483e-07  -5.319008e-07   7.118732e-08  -8.617551e-08   5.116202e-05   1.773427e+00   1.600562e-01   9.658578e-01  -2.037173e-01
             26             24   2.412685e-03   1.800287e-02   1.264976e-03   2.412683e-03   1.800287e-02   1.264976e-03   1.005366e-03   1.243214e-03   2.761645e-09   5.522982e-07   1.238982e-06   5.558554e-04   2.400000e+10   1.094921e-04   5.474605e-05   2.953674e-05   2.412684e-03   1.800287e-02   1.264976e-03  -1.068264e-04  -9.660781e-06  -2.198427e-05  -8.892357e-06  -1.774982e-05   5.101960e-05   2.916560e-05   7.881165e-01  -9.756540e-01  -8.823268e-02  -2.007841e-01
             50             24   4.097329e-03   1.874553e-02   2.922259e-03   4.097329e-03   1.874553e-02   2.922263e-03   8.670573e-04   2.057469e-03   3.787086e-09   1.975707e-06   1.519901e-06   6.099940e-04   2.400000e+10   1.841919e-04   9.209595e-05  -1.475690e-04   4.097329e-03   1.874553e-02   2.922261e-03  -1.668325e-05   4.017939e-05   1.789803e-04  -4.058995e-05   7.977301e-05  -2.168839e-05   2.633272e-05   8.759893e-01  -9.057536e-02   2.181388e-01   9.717055e-01
             66            176   9.250600e-03   1.635150e-02   1.994791e-03   9.250600e-03   1.635150e-02   1.994791e-03   2.521550e-03   1.226925e-03   9.998876e-12   5.727631e-09   9.084293e-08   8.253365e-04   2.400000e+10   2.906321e-19   1.453160e-19   2.115123e-20   9.250600e-03   1.635150e-02   1.994791e-03  -2.216701e-19   1.867672e-19  -2.115123e-20  -8.645086e-20  -9.565674e-20   6.702824e-20   4.617664e-03   1.416181e+14  -7.626316e-12   6.425520e-12  -7.276848e-13
            210            270   3.695871e-03   1.268925e-02   8.126479e-03   3.695871e-03   1.268925e-02   8.126479e-03   1.050745e-03   1.254972e-03   4.529277e-11   1.986544e-09   1.609449e-07   5.719068e-04   2.400000e+10   2.332684e-07   1.165183e-07  -3.591422e-08   3.695871e-03   1.268925e-02   8.126479e-03   4.925005e-08   1.198610e-08  -2.276948e-07   1.249477e-08   1.155562e-07   8.194265e-09   4.613245e-05   2.357263e+01   2.111304e-01   5.138328e-02  -9.761064e-01
             24             96   4.491670e-03   1.722886e-02   1.258166e-03   4.491668e-03   1.722887e-02   1.258168e-03   2.528470e-03   1.014856e-03   4.782819e-09   7.074817e-06   1.861091e-06   7.241878e-04   2.400000e+10   2.848404e-04   1.424202e-04  -6.297942e-05   4.491669e-03   1.722886e-02   1.258167e-03  -1.179973e-04   2.486392e-04   7.341147e-05   6.151917e-06  -3.757367e-05   1.372366e-04   2.379686e-05   9.060968e-01  -4.142576e-01   8.729070e-01   2.577285e-01
             46             86   1.597326e-03   1.588687e-02   2.897506e-03   1.597325e-03   1.588687e-02   2.897506e-03   1.013031e-03   1.973512e-03   5.301840e-10   4.561462e-09   5.957446e-07   6.694122e-04   2.400000e+10   1.010734e-05   1.422798e-06  -5.591433e-06   1.597326e-03   1.588687e-02   2.897506e-03  -2.982026e-06   8.790643e-06   3.998794e-06   1.246612e-06   1.252824e-07   6.742516e-07   4.437541e-05   5.428628e+00  -2.950358e-01   8.697290e-01   3.956328e-01
             46            105   1.159663e-03   1.627620e-02   4.260777e-03   1.159664e-03   1.627620e-02   4.260777e-03   1.314191e-03   1.191679e-03   7.272713e-10   7.184010e-09   6.741831e-07   6.249702e-04   2.400000e+10   1.569005e-05   7.845024e-06   4.571115e-06   1.159664e-03   1.627620e-02   4.260777e-03   4.174199e-06   1.125549e-05  -1.010286e-05   7.484313e-06  -7.865273e-07   2.216040e-06   2.254012e-05   1.720052e+00   2.660412e-01   7.173646e-01  -6.439022e-01
            282            262   7.416962e-03   1.190772e-02   7.041369e-03   7.416962e-03   1.190772e-02   7.041369e-03   1.322955e-03   9.034521e-04   2.789413e-10   2.190152e-08   3.869717e-07   5.368409e-04   2.400000e+10   3.454157e-06   1.727079e-06  -2.167566e-06   7.416962e-03   1.190772e-02   7.041369e-03  -3.024511e-07   1.191298e-06   3.228085e-06  -4.530564e-07  -1.576826e-06   5.395939e-07   2.975127e-05   7.479359e+00  -8.756146e-02   3.448882e-01   9.345508e-01
            282            217   6.698579e-03   1.115802e-02   8.123613e-03   6.698579e-03   1.115803e-02   8.123613e-03   1.083138e-03   1.343810e-03   4.350826e-10   1.329834e-08   5.108183e-07   5.997374e-04   2.400000e+10   7.111942e-06   3.555439e-06   6.091615e-09   6.698579e-03   1.115803e-02   8.123613e-03   5.329345e-06   4.695892e-06   3.555207e-07   1.342807e-07   1.214751e-07  -3.550825e-06   4.792247e-05   2.990976e+00   7.493516e-01   6.602827e-01   4.998926e-02
            290            338   8.050613e-03   1.846024e-02   1.021438e-02   8.050613e-03   1.846024e-02   1.021438e-02   1.131188e-03   1.479319e-03   3.973516e-11   1.519029e-08   1.595965e-07   6.410204e-04   2.400000e+10   2.029310e-07   1.014655e-07   1.616276e-06   8.050613e-03   1.846024e-02   1.021438e-02   1.813796e-08   1.174201e-07  -1.645130e-07  -9.338687e-08  -2.658811e-08  -2.944848e-08   8.787303e-05   7.228701e+00   8.937995e-02   5.786208e-01  -8.106844e-01
             86            101   1.743487e-03   1.343692e-02   3.652364e-03   1.743487e-03   1.343692e-02   3.652363e-03   2.222958e-03   3.240744e-03   9.095163e-10   3.566969e-08   1.095090e-06   1.318527e-03   2.400000e+10   3.187207e-05   1.593603e-05   3.407717e-05   1.743487e-03   1.343692e-02   3.652363e-03  -3.387780e-06   1.809109e-05  -2.602045e-05   3.608268e-07   1.310567e-05   9.059153e-06   5.266405e-05   1.060064e+01  -1.062931e-01   5.676158e-01  -8.164031e-01
            322            217   3.322052e-03   1.095733e-02   7.840888e-03   3.322052e-03   1.095733e-02   7.840888e-03   1.255690e-03   1.522397e-03   8.737018e-11   5.814571e-09   2.451963e-07   6.881206e-04   2.400000e+10   6.855311e-07   3.427655e-07   7.194898e-09   3.322052e-03   1.095733e-02   7.840888e-03  -5.791095e-07   3.663832e-07   1.866568e-08  -6.800849e-08  -9.067012e-08  -3.234841e-07   4.090615e-05   1.082065e+01  -8.447604e-01   5.344516e-01   2.722805e-02
            101            222   2.975960e-03   1.132509e-02   5.333346e-03   2.975959e-03   1.132509e-02   5.333345e-03   3.147231e-03   1.281439e-03   1.525623e-09   9.313513e-09   1.178692e-06   9.106539e-04   2.400000e+10   5.754367e-05   2.877184e-05   2.863082e-05   2.975960e-03   1.132509e-02   5.333346e-03  -3.086629e-05   3.996650e-05  -2.759030e-05  -2.699050e-06   1.483261e-05   2.450566e-05   1.881596e-05   1.068619e+01  -5.363977e-01   6.945421e-01  -4.794672e-01
            216            262   7.642997e-03   1.228091e-02   6.026332e-03   7.642997e-03   1.228091e-02   6.026332e-03   2.514049e-03   1.089523e-03   2.348613e-10   2.418551e-08   4.225171e-07   7.601109e-04   2.400000e+10   3.175453e-06   1.587727e-06   8.833341e-07   7.642997e-03   1.228091e-02   6.026332e-03  -7.247578e-07   2.550357e-06  -1.747544e-06   8.135113e-07  -6.060165e-07  -1.221401e-06   3.116187e-05   7.454140e+00  -2.282376e-01   8.031474e-01  -5.503288e-01
            240            158   7.890372e-03   1.040502e-02   3.522513e-03   7.890372e-03   1.040502e-02   3.522513e-03   4.622842e-04   2.201039e-03   7.132556e-11   1.433666e-11   1.650741e-07   3.820436e-04   2.400000e+10   3.767682e-07   2.642280e-08   2.302912e-07   7.890372e-03   1.040502e-02   3.522513e-03   2.889868e-07   2.011086e-07  -1.341501e-07   1.695160e-08  -1.663584e-08   1.157827e-08   4.889691e-05   1.127631e+01   7.670149e-01   5.337726e-01  -3.560547e-01
            270            313   3.888021e-03   1.215473e-02   9.258747e-03   3.888021e-03   1.215473e-02   9.258747e-03   1.158209e-03   1.911129e-03   3.076487e-11   2.263695e-09   1.489511e-07   7.211611e-04   2.400000e+10   1.466388e-07   5.142071e-08   1.078863e-08   3.888021e-03   1.215473e-02   9.258747e-03  -2.091269e-08   6.189606e-08  -1.312801e-07   2.329029e-08  -3.992255e-08  -2.253535e-08   4.795382e-05   5.015773e+01  -1.426136e-01   4.220988e-01  -8.952619e-01
            313            366   3.906554e-03   1.225142e-02   1.115562e-02   3.906554e-03   1.225142e-02   1.115562e-02   1.770608e-03   2.261699e-03   2.751472e-11   1.478569e-11   1.653044e-07   9.931242e-04   2.400000e+10   1.455457e-07   4.082932e-08   1.083302e-08   3.906554e-03   1.225142e-02   1.115562e-02  -2.760145e-08  -2.395686e-08  -1.408821e-07   2.302822e-08   3.220410e-08  -9.981492e-09   7.984749e-05   1.419408e+02  -1.896412e-01  -1.646003e-01  -9.679581e-01
            313            270   3.888021e-03   1.215473e-02   9.258747e-03   3.888021e-03   1.215473e-02   9.258747e-03   1.911129e-03   1.158209e-03   3.076487e-11   2.263695e-09   1.489511e-07   7.211611e-04   2.400000e+10   1.466388e-07   5.142071e-08  -1.078863e-08   3.888021e-03   1.215473e-02   9.258747e-03   2.091269e-08  -6.189606e-08   1.312801e-07  -2.329029e-08   3.992255e-08   2.253535e-08   4.795382e-05   5.015773e+01   1.426136e-01  -4.220988e-01   8.952619e-01
            446            466   1.488938e-03   1.211750e-02   1.691794e-02   1.488938e-03   1.211750e-02   1.691794e-02   1.695141e-03   6.397480e-04   5.389703e-11   4.177564e-10   1.582183e-07   4.644602e-04   2.400000e+10   2.728799e-07   1.364399e-07   6.694898e-06   1.488938e-03   1.211750e-02   1.691794e-02  -1.309820e-07   4.822337e-09   2.393405e-07  -9.019414e-08   8.537103e-08  -5.650365e-08   4.652825e-05   4.860921e-01  -4.799986e-01   1.767201e-02   8.770912e-01
            454            392   6.798453e-03   1.867297e-02   1.691684e-02   6.798453e-03   1.867297e-02   1.691684e-02   2.545737e-03   6.751143e-04   9.982452e-12   1.801011e-09   7.298418e-08   5.336054e-04   2.400000e+10   2.327304e-19   1.163652e-19  -1.137302e-19   6.798453e-03   1.867297e-02   1.691684e-02  -1.306566e-19  -1.554277e-19   1.137302e-19   4.753695e-20   3.527435e-20   1.001839e-19   5.011492e-03   1.793725e+13  -5.604222e-12  -6.666723e-12   4.878202e-12
            418            426   7.494646e-03   1.274242e-02   1.598533e-02   7.494646e-03   1.274242e-02   1.598533e-02   2.331617e-03   9.254953e-04   6.338449e-10   4.993229e-08   6.480237e-07   6.625196e-04   2.400000e+10   1.314389e-05   6.571944e-06  -1.647041e-06   7.494646e-03   1.274242e-02   1.598533e-02   7.252185e-06   5.054313e-06   9.727360e-06  -2.182219e-06  -4.677791e-06   4.067756e-06   4.254779e-05   1.907106e+00   5.517534e-01   3.845371e-01   7.400671e-01
            418            450   9.741949e-03   1.298676e-02   1.709675e-02   9.741948e-03   1.298676e-02   1.709675e-02   2.368146e-03   1.478781e-03   9.729124e-10   1.053074e-06   9.411006e-07   9.103289e-04   2.400000e+10   2.929947e-05   1.464973e-05   2.964421e-08   9.741949e-03   1.298676e-02   1.709675e-02  -2.252477e-05   1.740715e-05  -6.934317e-06   2.413638e-07  -5.239987e-06  -1.367841e-05   3.530648e-05   1.374311e+00  -7.687773e-01   5.941116e-01  -2.366704e-01
            402            438   7.541381e-04   1.100121e-02   1.562486e-02   7.541381e-04   1.100121e-02   1.562486e-02   7.167465e-04   5.769603e-04   9.988867e-12   1.966935e-10   5.650618e-08   3.196507e-04   2.400000e+10   1.804174e-19   9.020869e-20  -8.466498e-20   7.541381e-04   1.100121e-02   1.562486e-02   1.049769e-22   1.593181e-19   8.466498e-20  -2.388417e-21   4.536881e-20  -7.793315e-20   4.271183e-03   1.495199e+14   5.812083e-15   8.820699e-12   4.687504e-12
            410            378   4.690004e-03   1.595426e-02   1.473727e-02   4.690003e-03   1.595426e-02   1.473727e-02   1.805276e-03   1.398833e-03   7.379487e-10   2.115009e-09   7.626305e-07   7.881378e-04   2.400000e+10   1.800903e-05   9.004515e-06   3.287224e-08   4.690003e-03   1.595426e-02   1.473727e-02  -1.677807e-05   6.536924e-06   3.004160e-07   3.270140e-06   8.389254e-06   8.880603e-08   4.019854e-05   1.751432e+00  -9.316475e-01   3.629804e-01   1.668141e-02
            378            426   7.192578e-03   1.359689e-02   1.468726e-02   7.192578e-03   1.359689e-02   1.468726e-02   2.699020e-03   9.331606e-04   7.079077e-10   9.676734e-08   7.006254e-07   6.934179e-04   2.400000e+10   1.587130e-05   7.935650e-06   7.085719e-07   7.192578e-03   1.359689e-02   1.468726e-02   4.069012e-06   1.511158e-05  -2.642229e-06  -3.021322e-06  -4.692715e-07  -7.322973e-06   4.193961e-05   1.926351e+00   2.563755e-01   9.521326e-01  -1.664784e-01
            378            338   7.690654e-03   1.551149e-02   1.321444e-02   7.690654e-03   1.551149e-02   1.321444e-02   2.684780e-03   1.661598e-03   7.154486e-10   3.118125e-07   8.569249e-07   1.026377e-03   2.400000e+10   1.961874e-05   9.809372e-06  -3.320925e-06   7.690654e-03   1.551149e-02   1.321444e-02  -3.252161e-06  -6.419325e-06   1.825132e-05   5.830717e-06  -7.708977e-06  -1.672778e-06   6.362399e-05   4.606080e+00  -1.657680e-01  -3.272037e-01   9.303003e-01
            350            254   1.547061e-03   1.297884e-02   1.298324e-02   1.547061e-03   1.297884e-02   1.298324e-02   1.646460e-03   1.716660e-03   2.579932e-10   5.895424e-09   4.656404e-07   8.404137e-04   2.400000e+10   3.844226e-06   9.910229e-07  -6.687271e-07   1.547061e-03   1.297884e-02   1.298324e-02   1.748381e-07  -3.774051e-06   7.099593e-07  -7.799522e-07  -1.643609e-07  -5.888858e-07   6.784034e-05   1.900938e+02   4.548071e-02  -9.817454e-01   1.846820e-01
            350            425   1.270491e-03   9.606489e-03   1.373148e-02   1.270492e-03   9.606490e-03   1.373148e-02   2.401918e-03   7.549129e-04   6.168399e-10   3.234610e-07   5.952345e-07   5.743858e-04   2.400000e+10   1.174926e-05   5.874630e-06  -3.648650e-07   1.270492e-03   9.606490e-03   1.373148e-02   5.874677e-06   1.015043e-05   7.086011e-07  -3.005498e-06   2.062139e-06  -4.607151e-06   2.625437e-05   1.689051e+00   5.000040e-01   8.639205e-01   6.031028e-02
            346            348   9.619648e-03   1.248218e-02   1.132002e-02   9.619648e-03   1.248218e-02   1.132002e-02   1.913288e-03   1.098757e-03   1.525855e-10   4.149576e-07   3.263374e-07   6.979441e-04   2.400000e+10   1.593419e-06   7.967096e-07   2.191510e-07   9.619648e-03   1.248218e-02   1.132002e-02  -1.482688e-06  -4.956916e-07   3.080781e-07  -3.602649e-08   4.948899e-07   6.233236e-07   3.545783e-05   3.804541e+00  -9.305069e-01  -3.110867e-01   1.933440e-01
            338            290   8.050613e-03   1.846024e-02   1.021438e-02   8.050613e-03   1.846024e-02   1.021438e-02   1.479319e-03   1.131188e-03   3.973516e-11   1.519029e-08   1.595965e-07   6.410204e-04   2.400000e+10   2.029310e-07   1.014655e-07  -1.616276e-06   8.050613e-03   1.846024e-02   1.021438e-02  -1.813796e-08  -1.174201e-07   1.645130e-07   9.338687e-08   2.658811e-08   2.944848e-08   8.787303e-05   7.228701e+00  -8.937995e-02  -5.786208e-01   8.106844e-01
            400            312   1.003881e-02   1.436369e-02   1.261783e-02   1.003881e-02   1.436369e-02   1.261783e-02   1.010213e-03   1.474600e-03   1.040409e-10   7.820671e-09   2.497461e-07   5.995058e-04   2.400000e+10   8.314820e-07   4.157410e-07   3.487747e-06   1.003881e-02   1.436369e-02   1.261783e-02  -1.636940e-07  -2.926026e-07   7.608879e-07  -2.810910e-07   3.012638e-07   5.539440e-08   6.496120e-05   2.880541e+00  -1.968701e-01  -3.519049e-01   9.150984e-01
              3             51   1.863298e-02   3.964948e-03   4.423935e-03   1.863298e-02   3.964947e-03   4.423934e-03   1.565252e-03   1.436824e-03   1.212552e-09   8.412463e-09   9.530888e-07   7.491456e-04   2.400000e+10   3.698144e-05   1.645807e-05   3.360651e-05   1.863298e-02   3.964947e-03   4.423934e-03   2.638896e-06  -2.882656e-05  -2.301505e-05  -1.031474e-05  -8.565661e-06   9.544814e-06   4.316786e-05   2.834393e+00   7.135732e-02  -7.794872e-01  -6.223406e-01
              3             83   1.793462e-02   1.859962e-03   3.830991e-03   1.793462e-02   1.859964e-03   3.830990e-03   1.538651e-03   1.714637e-03   2.867196e-09   9.040847e-08   1.524838e-06   8.109419e-04   2.400000e+10   1.399043e-04   6.995214e-05  -4.312890e-06   1.793462e-02   1.859963e-03   3.830990e-03   8.555251e-05   8.233851e-05  -7.398884e-05  -2.067411e-05   5.525526e-05   3.758643e-05   3.412836e-05   4.412991e-01   6.115074e-01   5.885346e-01  -5.288532e-01
             19             36   1.907246e-02   7.954850e-03   2.643079e-03   1.907246e-02   7.954850e-03   2.643079e-03   1.490182e-03   5.568304e-04   3.541669e-11   3.413530e-08   1.198188e-07   4.053609e-04   2.400000e+10   1.357947e-07   6.616768e-08   3.044127e-08   1.907246e-02   7.954850e-03   2.643079e-03  -3.312873e-08  -1.261101e-07  -3.793338e-08   6.251239e-08  -1.936159e-08   9.771974e-09   5.851714e-05   1.187835e+02  -2.439618e-01  -9.286817e-01  -2.793436e-01
             83            159   1.607916e-02   1.537564e-03   6.445404e-03   1.607916e-02   1.537564e-03   6.445403e-03   1.201106e-03   1.282622e-03   3.689596e-10   1.127799e-07   4.783848e-07   6.202631e-04   2.400000e+10   5.648149e-06   2.824075e-06  -2.534866e-05   1.607916e-02   1.537564e-03   6.445404e-03  -5.829241e-07   9.003686e-07  -5.545370e-06   2.019678e-06  -1.903808e-06  -5.213560e-07   4.693694e-05   6.993800e-01  -1.032062e-01   1.594095e-01  -9.818030e-01
            219            159   1.554938e-02   2.176300e-03   7.010819e-03   1.554938e-02   2.176301e-03   7.010819e-03   9.218526e-04   7.801500e-04   1.055696e-09   2.455951e-08   6.678963e-07   4.225512e-04   2.400000e+10   2.256305e-05   9.624262e-06   2.981480e-06   1.554938e-02   2.176301e-03   7.010819e-03  -1.332782e-05   1.626218e-05  -8.185460e-06  -3.032064e-06   2.001326e-06   8.912222e-06   3.349381e-05   9.927768e-01  -5.906924e-01   7.207440e-01  -3.627817e-01
            235            308   1.598581e-02   8.127327e-03   8.529043e-03   1.598581e-02   8.127327e-03   8.529043e-03   1.273613e-03   1.338592e-03   9.840701e-12   6.727228e-07   8.014054e-08   6.526472e-04   2.400000e+10   2.483444e-19   1.241722e-19   2.379852e-19   1.598581e-02   8.127327e-03   8.529043e-03  -2.157288e-20  -6.762087e-20  -2.379852e-19  -5.290222e-20  -1.070016e-19   3.421631e-20   4.793917e-03   4.156542e+11  -8.548301e-13  -2.679492e-12  -9.430217e-12
             36             11   1.895106e-02   8.991897e-03   2.371221e-03   1.895106e-02   8.991897e-03   2.371221e-03   1.278889e-03   2.544399e-03   4.281518e-11   2.365633e-07   1.908927e-07   8.511008e-04   2.400000e+10   2.615394e-07   1.307697e-07  -5.591222e-08   1.895106e-02   8.991897e-03   2.371221e-03   1.055741e-07  -9.196697e-08   2.209050e-07  -9.728487e-09  -1.219654e-07  -4.615737e-08   4.547014e-05   4.637053e+01   4.036643e-01  -3.516372e-01   8.446339e-01
             55            135   1.410695e-02   1.507953e-03   3.821632e-03   1.410695e-02   1.507953e-03   3.821631e-03   9.842405e-04   2.626884e-03   5.434608e-10   4.050464e-08   6.237836e-07   7.159780e-04   2.400000e+10   1.084806e-05   5.424030e-06  -1.723510e-06   1.410695e-02   1.507953e-03   3.821631e-03   6.371897e-06  -4.573432e-06  -7.494202e-06  -3.422045e-06   1.606143e-06  -3.889732e-06   4.336661e-05   1.628287e+00   5.873766e-01  -4.215898e-01  -6.908333e-01
            192            168   1.322441e-02   8.691766e-03   4.994543e-03   1.322441e-02   8.691766e-03   4.994543e-03   1.254094e-03   1.417769e-03   9.985221e-12   2.379256e-10   8.151537e-08   6.654590e-04   2.400000e+10   2.600787e-19   1.300394e-19   4.247467e-20   1.322441e-02   8.691766e-03   4.994543e-03   1.259786e-20  -2.562775e-19  -4.247467e-20  -1.292660e-19   5.394769e-21   1.309347e-20   4.834663e-03   1.049552e+14   4.836704e-13  -9.839279e-12  -1.630733e-12
            184            133   9.411499e-03   9.554883e-03   2.706650e-03   9.411499e-03   9.554883e-03   2.706650e-03   1.465250e-03   1.381759e-03   1.114397e-10   7.709709e-09   2.815124e-07   7.111401e-04   2.400000e+10   1.003893e-06   5.017468e-07   7.407308e-07   9.411499e-03   9.554883e-03   2.706650e-03   6.702561e-07   3.792456e-07   6.439956e-07  -3.055979e-08  -4.169962e-07   2.773628e-07   6.118637e-05   8.997177e+00   6.676570e-01   3.777750e-01   6.414984e-01
            263            295   1.031980e-02   1.951496e-03   7.742924e-03   1.031980e-02   1.951496e-03   7.742924e-03   9.991821e-04   1.455915e-03   1.429852e-10   3.481317e-07   2.910728e-07   5.925323e-04   2.400000e+10   1.331811e-06   6.659056e-07  -3.880663e-09   1.031980e-02   1.951496e-03   7.742924e-03   1.108404e-06  -4.741667e-08  -7.368262e-07   9.869442e-08  -6.308007e-07   1.891565e-07   3.430396e-05   6.080744e+00   8.322532e-01  -3.560315e-02  -5.532513e-01
            251            331   1.677291e-02   4.036910e-03   1.070603e-02   1.677291e-02   4.036910e-03   1.070603e-02   1.439022e-03   1.014752e-03   6.786908e-11   5.186373e-08   2.009705e-07   5.951037e-04   2.400000e+10   4.364699e-07   2.182349e-07  -5.082382e-09   1.677291e-02   4.036910e-03   1.070603e-02   2.684157e-07  -2.601286e-07  -2.253709e-07  -1.653690e-07  -5.814700e-08  -1.299943e-07   7.241645e-05   2.700102e+01   6.149696e-01  -5.959830e-01  -5.163493e-01
            335            271   1.312738e-02   2.062609e-03   1.068991e-02   1.312738e-02   2.062608e-03   1.068991e-02   5.536588e-04   1.444371e-03   5.818590e-10   8.242593e-08   4.825790e-07   4.002387e-04   2.400000e+10   8.985373e-06   4.492687e-06  -4.162555e-07   1.312738e-02   2.062608e-03   1.068991e-02  -2.082409e-06  -8.635316e-06   1.353449e-06  -4.338911e-06   1.106353e-06   3.661505e-07   2.859807e-05   1.002107e+00  -2.317554e-01  -9.610414e-01   1.506280e-01
            335            303   1.217070e-02   1.621428e-03   1.083341e-02   1.217070e-02   1.621428e-03   1.083341e-02   6.669926e-04   1.997086e-03   5.989598e-10   1.427444e-07   5.472480e-07   5.000008e-04   2.400000e+10   1.048895e-05   5.244473e-06   5.297057e-08   1.217070e-02   1.621428e-03   1.083341e-02   9.032175e-06  -5.327416e-06  -2.375638e-07   2.609841e-06   4.464536e-06  -8.724366e-07   2.738126e-05   1.000648e+00   8.611137e-01  -5.079077e-01  -2.264897e-02
            271            319   1.240058e-02   4.938721e-03   1.034137e-02   1.240058e-02   4.938721e-03   1.034137e-02   1.744342e-03   1.366088e-03   1.097839e-10   6.819489e-08   2.900109e-07   7.661078e-04   2.400000e+10   1.018833e-06   5.094163e-07  -1.379931e-07   1.240058e-02   4.938721e-03   1.034137e-02   6.149559e-07  -7.764558e-07  -2.386743e-07   3.456861e-07   3.285363e-07  -1.790809e-07   7.825644e-05   1.573432e+01   6.035888e-01  -7.621034e-01  -2.342625e-01
            319            371   1.037750e-02   5.509066e-03   1.136048e-02   1.037750e-02   5.509066e-03   1.136048e-02   2.544382e-03   1.104814e-03   1.900276e-11   1.256158e-08   1.209889e-07   7.703257e-04   2.400000e+10   7.357192e-08   3.678596e-08  -1.641299e-08   1.037750e-02   5.509066e-03   1.136048e-02   6.002158e-08   4.167026e-08  -8.592231e-09   1.691464e-08  -2.785497e-08  -1.706465e-08   9.333202e-05   4.754652e+01   8.158219e-01   5.663881e-01  -1.167868e-01
            440            427   1.572677e-02   7.106275e-03   1.657106e-02   1.572677e-02   7.106275e-03   1.657106e-02   2.528604e-03   6.594016e-04   1.346250e-09   3.541616e-06   8.391098e-07   5.230121e-04   2.400000e+10   3.614886e-05   1.807443e-05  -6.061731e-06   1.572677e-02   7.106275e-03   1.657106e-02   5.111319e-06   1.494194e-06   3.575447e-05  -1.767644e-05   2.882604e-06   2.432966e-06   2.168760e-05   3.261790e-01   1.413964e-01   4.133448e-02   9.890897e-01
            440            428   1.608313e-02   8.723419e-03   1.721606e-02   1.608313e-02   8.723419e-03   1.721606e-02   1.141170e-03   8.862370e-04   3.030801e-10   2.707344e-09   3.888288e-07   4.988377e-04   2.400000e+10   3.771081e-06   1.885540e-06  -7.316358e-07   1.608313e-02   8.723419e-03   1.721606e-02  -1.658989e-06  -3.278777e-06   8.475986e-07   1.688266e-06  -8.321998e-07   1.116335e-07   3.185971e-05   1.736385e+01  -4.399240e-01  -8.694530e-01   2.247628e-01
            407            427   1.586913e-02   6.474416e-03   1.553942e-02   1.586913e-02   6.474416e-03   1.553942e-02   2.002311e-03   1.155666e-03   8.534613e-10   3.063810e-06   7.908050e-07   7.327485e-04   2.400000e+10   2.159749e-05   1.079874e-05   4.291720e-06   1.586913e-02   6.474416e-03   1.553942e-02   1.367339e-05  -1.538934e-05  -6.531317e-06   2.704190e-07   4.383006e-06  -9.865546e-06   2.277775e-05   2.293668e+00   6.331009e-01  -7.125523e-01  -3.024110e-01
            407            351   1.652550e-02   4.788299e-03   1.448638e-02   1.652550e-02   4.788300e-03   1.448638e-02   2.391125e-03   2.882432e-03   9.394385e-10   1.531167e-08   1.108059e-06   1.306946e-03   2.400000e+10   3.331052e-05   1.664575e-05   3.818279e-06   1.652550e-02   4.788300e-03   1.448638e-02   1.441185e-05   2.420536e-05   1.777610e-05  -1.366742e-05   1.214551e-06   9.423774e-06   4.937334e-05   2.637924e+00   4.326517e-01   7.266582e-01   5.336482e-01
            391            467   1.040251e-02   1.787113e-03   1.714300e-02   1.040251e-02   1.787113e-03   1.714300e-02   2.813559e-03   8.956729e-04   4.003420e-10   2.078083e-07   5.215264e-07   6.793937e-04   2.400000e+10   6.681246e-06   3.340623e-06  -2.606525e-07   1.040251e-02   1.787113e-03   1.714300e-02   3.451766e-06  -5.070215e-07  -5.698007e-06  -2.671773e-06   1.109891e-06  -1.670191e-06   2.804836e-05   1.530172e+00   5.166351e-01  -7.588726e-02  -8.528360e-01
            427            435   1.498834e-02   6.421939e-03   1.559304e-02   1.498834e-02   6.421940e-03   1.559304e-02   6.153739e-04   9.481316e-04   7.759726e-10   2.897558e-07   5.381178e-07   3.731713e-04   2.400000e+10   1.336207e-05   6.681034e-06   2.787845e-06   1.498834e-02   6.421940e-03   1.559304e-02   8.986700e-06   9.160544e-06   3.724044e-06   3.898196e-06  -1.729993e-06  -5.142704e-06   2.522937e-05   2.917744e-01   6.725531e-01   6.855634e-01   2.787027e-01
            351            363   1.825095e-02   3.122916e-03   1.275741e-02   1.825095e-02   3.122916e-03   1.275741e-02   1.214110e-03   8.880971e-04   3.344517e-10   1.652493e-07   4.141791e-07   5.129121e-04   2.400000e+10   4.432732e-06   2.216366e-06  -5.776373e-07   1.825095e-02   3.122916e-03   1.275741e-02  -3.241357e-06   6.305212e-07   2.957223e-06  -1.540708e-06  -3.957775e-07  -1.543327e-06   3.147397e-05   2.648509e+00  -7.312322e-01   1.422421e-01   6.671332e-01
            264            255   1.639625e-02   1.045053e-02   1.407226e-02   1.639625e-02   1.045053e-02   1.407226e-02   1.539512e-03   6.972154e-04   2.077366e-10   6.932743e-06   3.157367e-07   4.798848e-04   2.400000e+10   2.098882e-06   1.049441e-06   1.219810e-06   1.639625e-02   1.045053e-02   1.407226e-02  -1.191814e-06  -1.537179e-06   7.886503e-07   6.899723e-07  -7.156741e-07  -3.362674e-07   4.871432e-05   1.637088e+00  -5.678326e-01  -7.323795e-01   3.757477e-01
            331            251   1.677291e-02   4.036910e-03   1.070603e-02   1.677291e-02   4.036910e-03   1.070603e-02   1.014752e-03   1.439022e-03   6.786908e-11   5.186373e-08   2.009705e-07   5.951037e-04   2.400000e+10   4.364699e-07   2.182349e-07   5.082382e-09   1.677291e-02   4.036910e-03   1.070603e-02  -2.684157e-07   2.601286e-07   2.253709e-07   1.653690e-07   5.814700e-08   1.299943e-07   7.241645e-05   2.700102e+01  -6.149696e-01   5.959830e-01   5.163493e-01
            308            235   1.598581e-02   8.127327e-03   8.529043e-03   1.598581e-02   8.127327e-03   8.529043e-03   1.338592e-03   1.273613e-03   9.840701e-12   6.727228e-07   8.014054e-08   6.526472e-04   2.400000e+10   2.483444e-19   1.241722e-19  -2.379852e-19   1.598581e-02   8.127327e-03   8.529043e-03   2.157288e-20   6.762087e-20   2.379852e-19   5.290222e-20   1.070016e-19  -3.421631e-20   4.793917e-03   4.156542e+11   8.548301e-13   2.679492e-12   9.430217e-12
            428            356   1.635157e-02   9.871769e-03   1.686124e-02   1.635157e-02   9.871769e-03   1.686124e-02   1.300163e-03   1.257243e-03   3.328838e-10   2.433848e-06   4.612698e-07   6.391715e-04   2.400000e+10   4.913577e-06   2.456788e-06  -2.092688e-06   1.635157e-02   9.871769e-03   1.686124e-02   1.815868e-06  -3.686142e-06   2.694108e-06  -2.004315e-06  -1.298120e-06  -5.774220e-07   2.193839e-05   9.464737e+00   3.695613e-01  -7.501953e-01   5.482987e-01
             20            122   1.669445e-02   1.902700e-02   5.777447e-03   1.669445e-02   1.902700e-02   5.777447e-03   1.412378e-03   1.176305e-03   7.207497e-11   2.568492e-08   2.150742e-07   6.417886e-04   2.400000e+10   4.960469e-07   2.480234e-07   2.702959e-07   1.669445e-02   1.902700e-02   5.777447e-03   3.279686e-07  -1.635496e-07  -3.342913e-07  -5.719291e-08  -2.343922e-07   5.748808e-08   3.990717e-05   8.675674e+01   6.611645e-01  -3.297059e-01  -6.739106e-01
             68              8   1.877986e-02   1.791412e-02   3.732715e-03   1.877986e-02   1.791412e-02   3.732715e-03   1.295640e-03   2.121981e-03   7.554743e-11   1.086187e-07   2.465249e-07   8.044552e-04   2.400000e+10   5.959783e-07   2.898139e-07  -4.908974e-07   1.877986e-02   1.791412e-02   3.732715e-03   2.469598e-07  -5.119643e-08   5.399814e-07  -1.280070e-07  -2.571970e-07   3.815731e-08   4.001203e-05   1.925015e+02   4.143772e-01  -8.590317e-02   9.060420e-01
            132            144   1.584681e-02   1.597647e-02   6.074520e-03   1.584681e-02   1.597647e-02   6.074520e-03   2.123363e-03   1.595785e-03   2.236546e-11   3.752075e-08   1.427469e-07   9.110772e-04   2.400000e+10   1.021632e-07   5.108160e-08  -1.251468e-07   1.584681e-02   1.597647e-02   6.074520e-03  -3.244246e-09   7.534256e-08   6.892236e-08   5.094177e-08   3.521896e-09  -1.364665e-09   1.225265e-04   2.732762e+02  -3.175552e-02   7.374726e-01   6.746301e-01
            156             82   1.284437e-02   1.853041e-02   7.767727e-03   1.284437e-02   1.853041e-02   7.767727e-03   1.215672e-03   1.897577e-03   3.173537e-11   9.751056e-08   1.533461e-07   7.409722e-04   2.400000e+10   1.557278e-07   6.812886e-08   2.093893e-09   1.284437e-02   1.853041e-02   7.767727e-03   1.198415e-07   8.425576e-08  -5.282190e-08   9.300598e-09  -4.474693e-08  -5.052478e-08   5.172604e-05   5.261243e+01   7.695570e-01   5.410450e-01  -3.391937e-01
            168            192   1.322441e-02   8.691766e-03   4.994543e-03   1.322441e-02   8.691766e-03   4.994543e-03   1.417769e-03   1.254094e-03   9.985221e-12   2.379256e-10   8.151537e-08   6.654590e-04   2.400000e+10   2.600787e-19   1.300394e-19  -4.247467e-20   1.322441e-02   8.691766e-03   4.994543e-03  -1.259786e-20   2.562775e-19   4.247467e-20   1.292660e-19  -5.394769e-21  -1.309347e-20   4.834663e-03   1.049552e+14  -4.836704e-13   9.839279e-12   1.630733e-12
             39            133   9.707168e-03   9.850257e-03   1.629797e-03   9.707168e-03   9.850257e-03   1.629797e-03   1.623465e-03   1.298121e-03   1.829470e-10   5.017548e-09   3.632724e-07   7.213390e-04   2.400000e+10   2.126707e-06   1.062003e-06  -4.323960e-09   9.707168e-03   9.850257e-03   1.629797e-03   1.577095e-06   1.426689e-06  -1.457873e-08  -4.178074e-07   4.533658e-07  -8.647241e-07   7.680635e-05   1.071823e+01   7.415666e-01   6.708443e-01  -6.855071e-03
             82            288   1.039485e-02   1.728514e-02   9.298728e-03   1.039485e-02   1.728514e-02   9.298728e-03   2.617563e-03   1.282962e-03   1.611902e-10   5.223217e-06   3.725317e-07   8.609699e-04   2.400000e+10   1.921550e-06   9.607752e-07  -8.735962e-07   1.039485e-02   1.728514e-02   9.298728e-03   7.608297e-07   8.580572e-07  -1.541827e-06   4.876864e-07   5.970989e-07   5.733445e-07   3.318669e-05   4.299540e+00   3.959457e-01   4.465442e-01  -8.023872e-01
            208            203   1.573992e-02   1.087614e-02   8.700910e-03   1.573992e-02   1.087614e-02   8.700910e-03   1.660110e-03   7.849082e-04   6.606963e-11   1.612894e-10   1.876453e-07   5.329343e-04   2.400000e+10   3.967251e-07   1.734201e-07   4.138618e-08   1.573992e-02   1.087614e-02   8.700910e-03  -3.885912e-07  -6.589014e-08  -4.523443e-08  -5.590356e-09  -9.220717e-08   1.467690e-07   4.676024e-05   1.665098e+02  -9.794975e-01  -1.660851e-01  -1.140196e-01
            208            330   1.237360e-02   1.096487e-02   1.013179e-02   1.237360e-02   1.096487e-02   1.013179e-02   1.899959e-03   8.550736e-04   5.203162e-11   2.347964e-08   1.751637e-07   5.896862e-04   2.400000e+10   2.916497e-07   1.456790e-07  -2.288434e-07   1.237360e-02   1.096487e-02   1.013179e-02   2.139200e-07  -4.185644e-09  -1.981925e-07  -5.023847e-09  -1.455746e-07  -2.268373e-09   8.183712e-05   1.591657e+01   7.334827e-01  -1.435161e-02  -6.795566e-01
            330            208   1.237360e-02   1.096487e-02   1.013179e-02   1.237360e-02   1.096487e-02   1.013179e-02   8.550736e-04   1.899959e-03   5.203162e-11   2.347964e-08   1.751637e-07   5.896862e-04   2.400000e+10   2.916497e-07   1.456790e-07   2.288434e-07   1.237360e-02   1.096487e-02   1.013179e-02  -2.139200e-07   4.185644e-09   1.981925e-07   5.023847e-09   1.455746e-07   2.268373e-09   8.183712e-05   1.591657e+01  -7.334827e-01   1.435161e-02   6.795566e-01
            348            346   9.619648e-03   1.248218e-02   1.132002e-02   9.619648e-03   1.248218e-02   1.132002e-02   1.098757e-03   1.913288e-03   1.525855e-10   4.149576e-07   3.263374e-07   6.979441e-04   2.400000e+10   1.593419e-06   7.967096e-07  -2.191510e-07   9.619648e-03   1.248218e-02   1.132002e-02   1.482688e-06   4.956916e-07  -3.080781e-07   3.602649e-08  -4.948899e-07  -6.233236e-07   3.545783e-05   3.804541e+00   9.305069e-01   3.110867e-01  -1.933440e-01
            456            450   1.060815e-02   1.359024e-02   1.798176e-02   1.060815e-02   1.359025e-02   1.798176e-02   1.119444e-03   9.224230e-04   1.490751e-09   7.706118e-06   8.682705e-07   5.057142e-04   2.400000e+10   4.141999e-05   2.071000e-05  -1.144438e-06   1.060815e-02   1.359024e-02   1.798176e-02   3.576308e-06   4.112700e-05   3.375820e-06   2.475223e-07  -1.704000e-06   2.063829e-05   2.937593e-05   7.012329e-01   8.634255e-02   9.929262e-01   8.150218e-02
            344            364   1.222661e-02   1.852758e-02   1.796642e-02   1.222661e-02   1.852758e-02   1.796642e-02   1.347922e-03   1.463781e-03   2.308609e-10   1.332710e-05   4.024953e-07   7.017321e-04   2.400000e+10   2.973453e-06   1.486727e-06  -3.094899e-08   1.222661e-02   1.852758e-02   1.796642e-02   2.943925e-06  -3.358946e-07  -2.488017e-07   1.275076e-07   1.465686e-06  -2.141534e-07   5.117089e-05   6.775788e+00   9.900695e-01  -1.129645e-01  -8.367433e-02
            344            211   1.325218e-02   1.804897e-02   1.617398e-02   1.325218e-02   1.804897e-02   1.617398e-02   2.152405e-03   9.381651e-04   1.276870e-10   1.220163e-07   2.888389e-07   6.533782e-04   2.400000e+10   1.180192e-06   5.900612e-07  -3.799426e-07   1.325218e-02   1.804897e-02   1.617398e-02   5.116611e-07  -4.907530e-07   9.435130e-07  -3.694163e-07  -4.587726e-07  -3.509376e-08   6.040537e-05   1.894732e+01   4.335407e-01  -4.158248e-01   7.994574e-01
            450            418   9.741948e-03   1.298676e-02   1.709675e-02   9.741949e-03   1.298676e-02   1.709675e-02   1.478781e-03   2.368146e-03   9.729124e-10   1.053074e-06   9.411006e-07   9.103289e-04   2.400000e+10   2.929947e-05   1.464973e-05  -2.964421e-08   9.741949e-03   1.298676e-02   1.709675e-02   2.252477e-05  -1.740715e-05   6.934317e-06  -2.413638e-07   5.239987e-06   1.367841e-05   3.530648e-05   1.374311e+00   7.687773e-01  -5.941116e-01   2.366704e-01
            376            275   1.906041e-02   1.533481e-02   1.586957e-02   1.906041e-02   1.533481e-02   1.586957e-02   1.834160e-03   8.083259e-04   5.076869e-10   3.357147e-06   5.337078e-07   5.610623e-04   2.400000e+10   8.670607e-06   3.197276e-06  -2.917239e-06   1.906041e-02   1.533481e-02   1.586957e-02  -3.035392e-06   7.274403e-06   3.612324e-06  -1.614357e-06  -1.948257e-06   1.954667e-06   2.772642e-05   5.850235e+00  -3.500783e-01   8.389727e-01   4.166172e-01
            411            388   1.615237e-02   1.205871e-02   1.644245e-02   1.615237e-02   1.205871e-02   1.644245e-02   1.344900e-03   1.094555e-03   2.112462e-10   6.385958e-09   3.570358e-07   6.034409e-04   2.400000e+10   2.413518e-06   1.206759e-06   3.511140e-07   1.615237e-02   1.205871e-02   1.644245e-02   1.893925e-06  -5.922147e-07  -1.373827e-06   1.789058e-07  -9.883241e-07   6.689362e-07   4.581031e-05   8.130747e+00   7.847154e-01  -2.453740e-01  -5.692217e-01
            411            356   1.665112e-02   1.095349e-02   1.651426e-02   1.665112e-02   1.095349e-02   1.651426e-02   1.112611e-03   8.624747e-04   3.171028e-10   1.485149e-08   3.925111e-07   4.858517e-04   2.400000e+10   3.982924e-06   1.991462e-06   3.305715e-07   1.665112e-02   1.095349e-02   1.651426e-02   2.299476e-06   3.206237e-06  -5.441839e-07  -1.482628e-06   8.932565e-07  -9.847974e-07   2.954059e-05   5.219451e+00   5.773336e-01   8.049959e-01  -1.366293e-01
            211            250   1.401866e-02   1.845813e-02   1.512428e-02   1.401866e-02   1.845813e-02   1.512428e-02   8.477883e-04   1.619559e-03   1.465667e-10   3.064692e-07   2.855911e-07   5.564855e-04   2.400000e+10   1.339461e-06   6.697305e-07  -5.554869e-08   1.401866e-02   1.845813e-02   1.512428e-02  -1.312727e-06   1.586979e-07   2.138185e-07  -8.995425e-09  -5.634000e-07   3.619925e-07   6.568936e-05   1.308984e+01  -9.800413e-01   1.184789e-01   1.596302e-01
            255            264   1.639625e-02   1.045053e-02   1.407226e-02   1.639625e-02   1.045053e-02   1.407226e-02   6.972154e-04   1.539512e-03   2.077366e-10   6.932743e-06   3.157367e-07   4.798848e-04   2.400000e+10   2.098882e-06   1.049441e-06  -1.219810e-06   1.639625e-02   1.045053e-02   1.407226e-02   1.191814e-06   1.537179e-06  -7.886503e-07  -6.899723e-07   7.156741e-07   3.362674e-07   4.871432e-05   1.637088e+00   5.678326e-01   7.323795e-01  -3.757477e-01
            256            250   1.730535e-02   1.747773e-02   1.357695e-02   1.730535e-02   1.747773e-02   1.357695e-02   1.187519e-03   2.530305e-03   5.154184e-11   2.986452e-05   2.040997e-07   8.082107e-04   2.400000e+10   3.366295e-07   3.538615e-08  -4.657770e-09   1.730535e-02   1.747773e-02   1.357695e-02   2.121624e-07  -2.613134e-07   4.679913e-09  -6.212398e-09   7.135215e-09  -3.409801e-08   4.521737e-05   5.614801e+03   6.302547e-01  -7.762639e-01   1.390226e-02
            356            428   1.635157e-02   9.871769e-03   1.686124e-02   1.635157e-02   9.871769e-03   1.686124e-02   1.257243e-03   1.300163e-03   3.328838e-10   2.433848e-06   4.612698e-07   6.391715e-04   2.400000e+10   4.913577e-06   2.456788e-06   2.092688e-06   1.635157e-02   9.871769e-03   1.686124e-02  -1.815868e-06   3.686142e-06  -2.694108e-06   2.004315e-06   1.298120e-06   5.774220e-07   2.193839e-05   9.464737e+00  -3.695613e-01   7.501953e-01  -5.482987e-01
            312            288   1.041311e-02   1.631751e-02   1.002028e-02   1.041311e-02   1.631751e-02   1.002029e-02   1.281796e-03   9.546644e-04   7.130508e-11   7.323351e-08   1.975215e-07   5.471525e-04   2.400000e+10   4.506972e-07   4.216636e-08   4.046493e-07   1.041311e-02   1.631751e-02   1.002029e-02   3.971500e-08  -4.080185e-07   1.872742e-07   3.598614e-08  -5.468182e-09  -2.128611e-08   4.470064e-05   4.828326e+00   8.811903e-02  -9.053050e-01   4.155212e-01
            312            400   1.003881e-02   1.436369e-02   1.261783e-02   1.003881e-02   1.436369e-02   1.261783e-02   1.474600e-03   1.010213e-03   1.040409e-10   7.820671e-09   2.497461e-07   5.995058e-04   2.400000e+10   8.314820e-07   4.157410e-07  -3.487747e-06   1.003881e-02   1.436369e-02   1.261783e-02   1.636940e-07   2.926026e-07  -7.608879e-07   2.810910e-07  -3.012638e-07  -5.539440e-08   6.496120e-05   2.880541e+00   1.968701e-01   3.519049e-01  -9.150984e-01
            288             82   1.039485e-02   1.728514e-02   9.298728e-03   1.039485e-02   1.728514e-02   9.298728e-03   1.282962e-03   2.617563e-03   1.611902e-10   5.223217e-06   3.725317e-07   8.609699e-04   2.400000e+10   1.921550e-06   9.607752e-07   8.735962e-07   1.039485e-02   1.728514e-02   9.298728e-03  -7.608297e-07  -8.580572e-07   1.541827e-06  -4.876864e-07  -5.970989e-07  -5.733445e-07   3.318669e-05   4.299540e+00  -3.959457e-01  -4.465442e-01   8.023872e-01
