              6

              1
             32
          pos_x          pos_y          pos_z       normal_x       normal_y       normal_z        tangt_x        tangt_y        tangt_z          pentr
   2.682594e-04   3.378542e-03   1.330613e-03  -5.001181e-03   0.000000e+00   0.000000e+00  -0.000000e+00   7.408546e-04   2.094448e-03   2.182063e-08
   2.682594e-04   9.072099e-03   1.504642e-03  -5.393661e-03   0.000000e+00   0.000000e+00  -0.000000e+00  -1.250276e-03  -1.162225e-03   1.519019e-08
   2.682594e-04   6.858084e-03   7.383832e-04  -1.048772e-08   0.000000e+00   0.000000e+00   0.000000e+00  -2.081176e-09   4.813186e-09   3.444105e-12
   2.682594e-04   6.002740e-03   3.022654e-03  -1.386450e-02   0.000000e+00   0.000000e+00  -0.000000e+00  -3.780027e-03   8.811019e-05   3.464114e-08
   2.682594e-04   1.547631e-03   6.447586e-03  -3.840327e-03   0.000000e+00   0.000000e+00  -0.000000e+00  -9.020227e-04   1.644787e-03   1.675220e-08
   2.682594e-04   6.149715e-03   5.646807e-03  -1.348457e-02   0.000000e+00   0.000000e+00  -0.000000e+00   5.194463e-03   3.969751e-03   2.908467e-08
   2.682594e-04   1.369728e-03   9.251904e-03  -9.421966e-04   0.000000e+00   0.000000e+00  -0.000000e+00   1.431698e-04   2.541111e-04   6.060589e-09
   2.682594e-04   1.311019e-03   4.360223e-03  -9.120292e-05   0.000000e+00   0.000000e+00  -0.000000e+00   1.817831e-05   4.206107e-06   1.247033e-09
   2.682594e-04   8.518966e-03   8.875548e-03  -1.615007e-02   0.000000e+00   0.000000e+00  -0.000000e+00   6.274428e-04  -5.865249e-03   3.819367e-08
   2.682594e-04   4.957891e-03   7.674206e-03  -2.640342e-02   0.000000e+00   0.000000e+00  -0.000000e+00  -7.933319e-03   7.748124e-03   5.082005e-08
   2.682594e-04   6.790947e-03   1.089595e-02  -1.598993e-02   0.000000e+00   0.000000e+00  -0.000000e+00   2.325538e-03   6.207060e-03   3.703311e-08
   2.682594e-04   1.344114e-03   1.656586e-02  -1.010602e-04   0.000000e+00   0.000000e+00  -0.000000e+00   2.848305e-05  -8.532506e-06   1.486288e-09
   2.682594e-04   5.672107e-03   1.579911e-02  -2.507040e-03   0.000000e+00   0.000000e+00  -0.000000e+00   3.455074e-04   1.894068e-04   8.465470e-09
   2.682594e-04   2.921056e-03   1.502595e-02  -2.040208e-09   0.000000e+00   0.000000e+00  -0.000000e+00  -5.569658e-10  -2.035927e-10   9.809340e-13
   2.682594e-04   1.328710e-03   1.413735e-02  -2.427993e-03   0.000000e+00   0.000000e+00  -0.000000e+00  -1.136674e-04   5.784953e-04   1.244204e-08
   2.682594e-04   1.290114e-03   1.233027e-02  -1.270931e-03   0.000000e+00   0.000000e+00  -0.000000e+00   1.033643e-04  -5.329673e-04   8.307911e-09
   2.682594e-04   1.781674e-02   1.078275e-03  -9.566838e-02   0.000000e+00   0.000000e+00  -0.000000e+00  -2.267411e-02   1.356453e-02   1.307697e-07
   2.682594e-04   1.422179e-02   5.170386e-03  -8.350521e-03   0.000000e+00   0.000000e+00  -0.000000e+00  -8.335508e-04  -1.528040e-03   2.968341e-08
   2.682594e-04   1.786269e-02   5.302402e-03  -2.779578e-02   0.000000e+00   0.000000e+00  -0.000000e+00  -1.237073e-02   5.153972e-03   5.514439e-08
   2.682594e-04   1.700662e-02   3.132269e-03  -7.509540e-07   0.000000e+00   0.000000e+00  -0.000000e+00  -4.742630e-08  -5.870423e-10   4.669419e-11
   2.682594e-04   1.180619e-02   4.960785e-03  -1.197621e-02   0.000000e+00   0.000000e+00  -0.000000e+00   5.679982e-03  -5.055711e-05   2.938537e-08
   2.682594e-04   1.161152e-02   7.588884e-03  -2.449187e-03   0.000000e+00   0.000000e+00  -0.000000e+00  -2.735218e-04  -8.024971e-04   1.213892e-08
   2.682594e-04   1.344310e-02   7.056058e-03  -1.848908e-09   0.000000e+00   0.000000e+00   0.000000e+00  -7.992105e-10   4.646262e-10   9.049795e-13
   2.682594e-04   1.160551e-02   9.310922e-03  -4.470888e-03   0.000000e+00   0.000000e+00  -0.000000e+00  -1.545768e-03   5.456372e-04   2.178479e-08
   2.682594e-04   1.160226e-02   1.610998e-02  -1.853808e-08   0.000000e+00   0.000000e+00  -0.000000e+00  -2.845892e-09   2.573412e-09   4.321401e-12
   2.682594e-04   1.719632e-02   1.481457e-02  -2.332372e-02   0.000000e+00   0.000000e+00  -0.000000e+00  -9.641622e-03  -3.820578e-03   3.927694e-08
   2.682594e-04   1.138644e-02   1.325182e-02  -2.643849e-02   0.000000e+00   0.000000e+00  -0.000000e+00   8.632587e-03  -7.359982e-03   4.877256e-08
   2.682594e-04   1.425346e-02   1.241929e-02  -5.106873e-03   0.000000e+00   0.000000e+00  -0.000000e+00  -5.420253e-04   2.156957e-03   1.734904e-08
   2.682594e-04   1.634602e-02   1.231250e-02  -9.291255e-03   0.000000e+00   0.000000e+00  -0.000000e+00  -4.243328e-03  -1.863673e-03   2.601363e-08
   2.682594e-04   1.814897e-02   1.221370e-02  -6.318489e-03   0.000000e+00   0.000000e+00  -0.000000e+00  -2.239287e-03   1.436308e-03   2.117273e-08
   2.682594e-04   1.362015e-02   9.534472e-03  -7.044801e-03   0.000000e+00   0.000000e+00  -0.000000e+00  -1.298365e-03  -2.334808e-03   2.083968e-08
   2.682594e-04   1.023600e-02   9.995820e-03  -2.232087e-08   0.000000e+00   0.000000e+00   0.000000e+00   2.355768e-09   1.090897e-08   4.552219e-12
                                               -3.357035e-01   0.000000e+00   0.000000e+00   0.000000e+00  -4.580210e-02   2.030681e-02   2.293553e-08

              2
             29
          pos_x          pos_y          pos_z       normal_x       normal_y       normal_z        tangt_x        tangt_y        tangt_z          pentr
   1.973008e-02   3.555220e-03   3.566613e-03   1.017524e-01   0.000000e+00   0.000000e+00  -0.000000e+00   9.891404e-03   4.616993e-02   1.022196e-07
   1.973008e-02   7.041175e-03   2.417393e-03   8.656213e-03   0.000000e+00   0.000000e+00  -0.000000e+00   3.665110e-03   1.488354e-03   2.279766e-08
   1.973008e-02   2.442604e-03   6.579370e-03   1.295101e-03   0.000000e+00   0.000000e+00  -0.000000e+00   4.167311e-04   3.102100e-04   5.528997e-09
   1.973008e-02   9.643863e-03   5.867719e-03   2.243635e-03   0.000000e+00   0.000000e+00  -0.000000e+00   8.501679e-04   4.672356e-04   9.580935e-09
   1.973008e-02   5.086669e-03   8.800825e-03   9.151210e-04   0.000000e+00   0.000000e+00  -0.000000e+00   2.227906e-04  -3.569762e-04   5.631035e-09
   1.973008e-02   7.307123e-03   8.115426e-03   3.970160e-03   0.000000e+00   0.000000e+00  -0.000000e+00   6.190677e-04   4.050717e-04   1.485206e-08
   1.973008e-02   9.797337e-03   1.400977e-03   2.618276e-02   0.000000e+00   0.000000e+00  -0.000000e+00   9.146248e-03   5.975981e-03   4.674500e-08
   1.973008e-02   9.895172e-03   7.982291e-03   2.539262e-03   0.000000e+00   0.000000e+00  -0.000000e+00  -5.957470e-04   9.689062e-05   1.122544e-08
   1.973008e-02   7.983637e-03   1.616393e-02   3.457286e-08   0.000000e+00   0.000000e+00  -0.000000e+00  -2.061150e-09   1.387064e-08   5.360323e-12
   1.973008e-02   3.278222e-03   1.222431e-02   1.775398e-10   0.000000e+00   0.000000e+00  -0.000000e+00  -9.249549e-12  -2.095341e-11   2.310617e-13
   1.973008e-02   2.429932e-03   1.538251e-02   6.828305e-03   0.000000e+00   0.000000e+00  -0.000000e+00   1.649887e-03   1.166775e-03   2.128122e-08
   1.973008e-02   4.920331e-03   1.572870e-02   9.247787e-03   0.000000e+00   0.000000e+00  -0.000000e+00  -1.249075e-03   1.987805e-03   2.501265e-08
   1.973008e-02   1.320505e-03   1.189695e-02   7.739096e-05   0.000000e+00   0.000000e+00  -0.000000e+00   1.846015e-05   7.871964e-07   1.055748e-09
   1.973008e-02   6.849126e-03   1.130141e-02   1.487614e-02   0.000000e+00   0.000000e+00  -0.000000e+00   4.117814e-03  -4.550074e-03   3.315366e-08
   1.973008e-02   9.202578e-03   1.180945e-02   8.986959e-05   0.000000e+00   0.000000e+00  -0.000000e+00   2.389329e-05  -3.033924e-05   1.133526e-09
   1.973008e-02   1.397611e-03   9.665662e-03   1.524843e-02   0.000000e+00   0.000000e+00  -0.000000e+00   6.919011e-03   3.123522e-03   3.769232e-08
   1.973008e-02   1.908690e-02   1.379451e-03   7.715125e-05   0.000000e+00   0.000000e+00  -0.000000e+00  -1.627788e-05   1.173296e-05   1.362845e-09
   1.973008e-02   1.463714e-02   4.367372e-03   4.664962e-05   0.000000e+00   0.000000e+00  -0.000000e+00  -1.536824e-06  -8.154609e-06   7.452993e-10
   1.973008e-02   1.841881e-02   4.592975e-03   9.862792e-03   0.000000e+00   0.000000e+00  -0.000000e+00  -9.323613e-04  -1.133069e-03   3.345847e-08
   1.973008e-02   1.207967e-02   7.889150e-03   1.105539e-02   0.000000e+00   0.000000e+00  -0.000000e+00   8.506262e-04  -1.167044e-03   2.792330e-08
   1.973008e-02   1.397654e-02   1.032264e-03   1.344724e-02   0.000000e+00   0.000000e+00  -0.000000e+00  -4.766438e-03  -2.107566e-03   4.108972e-08
   1.973008e-02   1.249853e-02   5.018964e-03   1.228183e-02   0.000000e+00   0.000000e+00  -0.000000e+00  -1.932989e-03   4.900873e-03   2.535798e-08
   1.973008e-02   1.211887e-02   8.526430e-04   5.977543e-04   0.000000e+00   0.000000e+00  -0.000000e+00   1.876996e-04   1.936175e-04   5.313410e-09
   1.973008e-02   1.835276e-02   9.706141e-03   4.309670e-03   0.000000e+00   0.000000e+00  -0.000000e+00  -8.335770e-05   1.642246e-03   1.356035e-08
   1.973008e-02   1.198179e-02   1.694941e-02   2.343526e-03   0.000000e+00   0.000000e+00  -0.000000e+00   5.983715e-04  -6.404973e-04   8.961605e-09
   1.973008e-02   1.475161e-02   1.684935e-02   8.980520e-03   0.000000e+00   0.000000e+00  -0.000000e+00  -1.336427e-03  -3.243056e-03   2.066821e-08
   1.973008e-02   1.752276e-02   1.475762e-02   3.969540e-02   0.000000e+00   0.000000e+00  -0.000000e+00  -2.579669e-03   9.396961e-03   5.880759e-08
   1.973008e-02   1.624695e-02   1.190342e-02   2.277759e-09   0.000000e+00   0.000000e+00  -0.000000e+00  -4.924902e-10   2.517569e-10   1.068846e-12
   1.973008e-02   1.180382e-02   1.240709e-02   9.379548e-03   0.000000e+00   0.000000e+00  -0.000000e+00  -3.724825e-03  -2.835964e-05   2.235420e-08
                                                3.060001e-01   0.000000e+00   0.000000e+00   0.000000e+00   2.195858e-02   6.407287e-02   2.060412e-08

              3
             32
          pos_x          pos_y          pos_z       normal_x       normal_y       normal_z        tangt_x        tangt_y        tangt_z          pentr
   2.456126e-03   2.666870e-04   1.190863e-03   0.000000e+00  -3.091348e-03   0.000000e+00  -1.251299e-03  -0.000000e+00  -2.725370e-04   1.496395e-08
   6.210977e-03   2.666870e-04   1.143482e-03   0.000000e+00  -1.407067e-02   0.000000e+00  -3.785647e-03  -0.000000e+00   1.286186e-03   4.021281e-08
   2.535916e-03   2.666870e-04   3.713024e-03   0.000000e+00  -2.035264e-02   0.000000e+00  -1.393165e-03  -0.000000e+00  -1.244858e-03   4.560341e-08
   1.893741e-03   2.666870e-04   6.559742e-03   0.000000e+00  -2.793562e-03   0.000000e+00   4.094888e-04  -0.000000e+00   1.022441e-04   1.180726e-08
   1.654085e-03   2.666870e-04   8.714500e-03   0.000000e+00  -1.091059e-03   0.000000e+00   1.288697e-04  -0.000000e+00   3.411214e-04   5.549924e-09
   1.115592e-03   2.666870e-04   4.111619e-03   0.000000e+00  -1.120467e-04   0.000000e+00   2.487081e-05  -0.000000e+00  -7.259913e-06   1.658600e-09
   7.993050e-03   2.666870e-04   7.100127e-03   0.000000e+00  -1.097879e-02   0.000000e+00   2.963370e-03  -0.000000e+00  -3.951825e-03   2.657437e-08
   4.101441e-03   2.666870e-04   8.269726e-03   0.000000e+00  -1.789674e-02   0.000000e+00   4.149954e-03  -0.000000e+00  -1.754151e-03   4.056826e-08
   9.509462e-03   2.666870e-04   1.694948e-03   0.000000e+00  -2.031121e-02   0.000000e+00  -6.830558e-03  -0.000000e+00   6.489899e-03   4.706474e-08
   1.365359e-03   2.666870e-04   1.689104e-02   0.000000e+00  -9.941179e-05   0.000000e+00   8.854009e-06  -0.000000e+00   2.478135e-06   1.451046e-09
   4.238059e-03   2.666870e-04   1.548856e-02   0.000000e+00  -6.921953e-03   0.000000e+00   1.451307e-03  -0.000000e+00   3.096371e-03   2.468410e-08
   1.766537e-03   2.666870e-04   1.472840e-02   0.000000e+00  -3.639328e-03   0.000000e+00   6.734247e-05   0.000000e+00   1.818418e-03   1.294017e-08
   2.695549e-03   2.666870e-04   1.297867e-02   0.000000e+00  -7.075119e-03   0.000000e+00  -8.746766e-04  -0.000000e+00   1.024968e-03   2.615104e-08
   1.330499e-03   2.666870e-04   1.102286e-02   0.000000e+00  -3.638195e-05   0.000000e+00  -1.042207e-07  -0.000000e+00   1.761414e-05   6.372651e-10
   3.109083e-03   2.666870e-04   1.099729e-02   0.000000e+00  -3.146369e-03   0.000000e+00  -4.256463e-04  -0.000000e+00   4.911354e-04   1.319492e-08
   5.705658e-03   2.666870e-04   1.118204e-02   0.000000e+00  -6.507423e-03   0.000000e+00   1.901656e-03  -0.000000e+00  -1.286389e-03   2.417700e-08
   8.378063e-03   2.666870e-04   1.761430e-02   0.000000e+00  -1.010859e-04   0.000000e+00   7.961946e-06   0.000000e+00  -4.991187e-05   1.510017e-09
   8.316328e-03   2.666870e-04   9.861479e-03   0.000000e+00  -8.310764e-10   0.000000e+00   1.828863e-10  -0.000000e+00  -7.733568e-13   5.479746e-13
   1.833995e-02   2.666870e-04   6.467552e-03   0.000000e+00  -2.440806e-03   0.000000e+00  -1.001048e-03  -0.000000e+00  -4.407954e-04   1.142655e-08
   1.736666e-02   2.666870e-04   2.087102e-03   0.000000e+00  -3.331112e-02   0.000000e+00   1.707348e-03  -0.000000e+00   1.089993e-02   5.735029e-08
   1.693570e-02   2.666870e-04   4.972961e-03   0.000000e+00  -5.970236e-02   0.000000e+00  -1.689364e-02  -0.000000e+00   2.363805e-02   8.045280e-08
   1.495206e-02   2.666870e-04   3.293865e-03   0.000000e+00  -5.389322e-03   0.000000e+00  -1.584644e-03  -0.000000e+00   1.927325e-03   1.665065e-08
   1.519987e-02   2.666870e-04   1.078805e-03   0.000000e+00  -2.073250e-03   0.000000e+00  -5.611926e-04  -0.000000e+00   1.030240e-04   1.230274e-08
   1.101663e-02   2.666870e-04   6.474166e-03   0.000000e+00  -4.858257e-03   0.000000e+00   1.314226e-03  -0.000000e+00   1.093905e-03   1.789716e-08
   1.441764e-02   2.666870e-04   9.604307e-03   0.000000e+00  -4.166631e-03   0.000000e+00  -9.538640e-04  -0.000000e+00   1.460929e-03   1.389334e-08
   1.425825e-02   2.666870e-04   1.140332e-02   0.000000e+00  -1.676316e-11   0.000000e+00  -5.172533e-25   0.000000e+00   1.693657e-25   4.304646e-14
   1.025924e-02   2.666870e-04   1.096792e-02   0.000000e+00  -1.938395e-02   0.000000e+00  -4.073704e-03  -0.000000e+00  -1.282491e-03   4.280399e-08
   1.715722e-02   2.666870e-04   1.535571e-02   0.000000e+00  -6.408115e-03   0.000000e+00  -1.955724e-03  -0.000000e+00   7.518989e-04   1.808724e-08
   1.367521e-02   2.666870e-04   1.515758e-02   0.000000e+00  -9.636450e-03   0.000000e+00  -3.159526e-03  -0.000000e+00  -9.801609e-04   2.531283e-08
   1.906945e-02   2.666870e-04   1.185292e-02   0.000000e+00  -1.253721e-04   0.000000e+00  -2.619426e-05  -0.000000e+00  -1.975156e-06   1.998930e-09
   1.666310e-02   2.666870e-04   9.857801e-03   0.000000e+00  -5.292330e-10   0.000000e+00   1.941509e-10   0.000000e+00   1.797980e-10   4.808672e-13
   1.833125e-02   2.666870e-04   9.581803e-03   0.000000e+00  -1.230557e-02   0.000000e+00  -4.959579e-03  -0.000000e+00   3.143173e-03   2.768706e-08
                                                0.000000e+00  -2.780263e-01   0.000000e+00  -3.559497e-02   0.000000e+00   4.641632e-02   2.076917e-08

              4
             27
          pos_x          pos_y          pos_z       normal_x       normal_y       normal_z        tangt_x        tangt_y        tangt_z          pentr
   2.250892e-03   1.973008e-02   2.741551e-03   0.000000e+00   4.426436e-02   0.000000e+00   1.932796e-02  -0.000000e+00   8.712890e-03   6.807671e-08
   4.288194e-03   1.973008e-02   4.706915e-03   0.000000e+00   4.682487e-02   0.000000e+00   9.840800e-03  -0.000000e+00   2.022431e-02   6.525483e-08
   7.768440e-03   1.973008e-02   2.894964e-03   0.000000e+00   2.514790e-02   0.000000e+00   9.526045e-03  -0.000000e+00  -1.642495e-04   5.050701e-08
   9.986283e-03   1.973008e-02   7.764045e-03   0.000000e+00   1.147419e-03   0.000000e+00   4.128569e-04  -0.000000e+00   3.449403e-04   6.567437e-09
   1.791285e-03   1.973008e-02   7.405010e-03   0.000000e+00   9.674872e-03   0.000000e+00  -6.005101e-04  -0.000000e+00   1.547671e-03   3.124819e-08
   5.101015e-03   1.973008e-02   1.545166e-03   0.000000e+00   2.460453e-02   0.000000e+00   9.829607e-03  -0.000000e+00   4.704653e-03   4.496762e-08
   8.425135e-03   1.973008e-02   9.194528e-03   0.000000e+00   1.306882e-03   0.000000e+00   8.998693e-06  -0.000000e+00  -6.388464e-04   5.997242e-09
   7.703630e-03   1.973008e-02   1.643759e-02   0.000000e+00   1.874562e-10   0.000000e+00  -1.689338e-11  -0.000000e+00  -8.412584e-11   2.318146e-13
   2.548569e-03   1.973008e-02   1.544724e-02   0.000000e+00   1.959829e-02   0.000000e+00  -4.255901e-03  -0.000000e+00  -1.251468e-03   3.712774e-08
   1.013969e-02   1.973008e-02   1.506913e-02   0.000000e+00   1.068323e-02   0.000000e+00   2.106434e-03  -0.000000e+00  -1.093684e-04   2.169855e-08
   6.256320e-03   1.973008e-02   1.264987e-02   0.000000e+00   2.203312e-02   0.000000e+00   5.927118e-03  -0.000000e+00  -5.772441e-04   4.089890e-08
   2.002425e-03   1.973008e-02   1.179548e-02   0.000000e+00   9.461842e-03   0.000000e+00   3.986756e-03  -0.000000e+00   1.698412e-03   2.625528e-08
   1.888595e-02   1.973008e-02   9.138864e-04   0.000000e+00   5.849691e-05   0.000000e+00  -3.584558e-06  -0.000000e+00  -1.913026e-06   9.398149e-10
   1.754313e-02   1.973008e-02   4.645404e-03   0.000000e+00   5.421047e-03   0.000000e+00  -6.413989e-04  -0.000000e+00  -3.248489e-04   1.876907e-08
   1.760833e-02   1.973008e-02   2.722946e-03   0.000000e+00   1.329891e-02   0.000000e+00   3.444662e-04  -0.000000e+00   2.341448e-03   3.196085e-08
   1.393542e-02   1.973008e-02   4.226486e-03   0.000000e+00   4.694080e-03   0.000000e+00  -5.085292e-04  -0.000000e+00   1.409541e-03   1.685419e-08
   1.582754e-02   1.973008e-02   1.125382e-03   0.000000e+00   5.704133e-07   0.000000e+00   4.268615e-08  -0.000000e+00   7.694798e-08   3.960901e-11
   1.405685e-02   1.973008e-02   2.091833e-03   0.000000e+00   2.325828e-05   0.000000e+00  -2.705828e-07  -0.000000e+00  -2.784642e-06   4.878890e-10
   1.512635e-02   1.973008e-02   7.637385e-03   0.000000e+00   7.813306e-09   0.000000e+00   2.325149e-09  -0.000000e+00  -1.892281e-09   2.283489e-12
   1.196855e-02   1.973008e-02   2.417801e-03   0.000000e+00   4.019421e-02   0.000000e+00  -4.961502e-03  -0.000000e+00   6.797941e-03   5.875256e-08
   1.150553e-02   1.973008e-02   5.769750e-03   0.000000e+00   3.993866e-03   0.000000e+00  -1.323124e-03  -0.000000e+00   6.899399e-04   1.362447e-08
   1.611009e-02   1.973008e-02   5.956993e-03   0.000000e+00   1.135826e-04   0.000000e+00  -2.519952e-05  -0.000000e+00   2.651081e-05   1.584414e-09
   1.145023e-02   1.973008e-02   9.566488e-03   0.000000e+00   9.512981e-04   0.000000e+00   1.710900e-04  -0.000000e+00   1.776162e-04   5.034830e-09
   1.679406e-02   1.973008e-02   8.663217e-03   0.000000e+00   4.270238e-03   0.000000e+00  -6.758172e-04  -0.000000e+00  -4.879092e-05   1.496104e-08
   1.663221e-02   1.973008e-02   1.074719e-02   0.000000e+00   1.640425e-09   0.000000e+00   6.969641e-12  -0.000000e+00  -2.049485e-10   1.016538e-12
   1.389321e-02   1.973008e-02   1.501250e-02   0.000000e+00   1.069077e-03   0.000000e+00   3.308223e-04  -0.000000e+00  -5.526885e-05   6.553932e-09
   1.686616e-02   1.973008e-02   1.340085e-02   0.000000e+00   2.591547e-02   0.000000e+00  -5.385847e-03  -0.000000e+00  -8.889079e-03   4.168501e-08
                                                0.000000e+00   3.147514e-01   0.000000e+00   4.343132e-02   0.000000e+00   3.661209e-02   2.258706e-08

              5
             22
          pos_x          pos_y          pos_z       normal_x       normal_y       normal_z        tangt_x        tangt_y        tangt_z          pentr
   2.621407e-03   1.718404e-03   2.649626e-04   0.000000e+00   0.000000e+00  -3.298882e-04   6.315502e-05   1.394494e-04  -0.000000e+00   2.490811e-09
   6.258324e-03   1.638143e-03   2.649626e-04   0.000000e+00   0.000000e+00  -8.240534e-03   4.990911e-04   2.401544e-03  -0.000000e+00   2.072909e-08
   1.550058e-03   3.442764e-03   2.649626e-04   0.000000e+00   0.000000e+00  -4.468643e-03   1.198960e-03   1.215592e-03  -0.000000e+00   1.783903e-08
   6.221247e-03   8.875062e-03   2.649626e-04   0.000000e+00   0.000000e+00  -4.264408e-03   2.936949e-04   2.560808e-04  -0.000000e+00   1.814502e-08
   4.059831e-03   8.994123e-03   2.649626e-04   0.000000e+00   0.000000e+00  -8.582166e-03  -2.815729e-03  -2.853846e-03  -0.000000e+00   2.039536e-08
   8.456221e-03   4.982331e-03   2.649626e-04   0.000000e+00   0.000000e+00  -1.642213e-02   4.202569e-04  -8.000952e-03  -0.000000e+00   3.800829e-08
   9.206261e-03   2.537984e-03   2.649626e-04   0.000000e+00   0.000000e+00  -2.358718e-02  -9.699987e-03   4.996506e-03  -0.000000e+00   3.789557e-08
   1.326666e-03   1.810458e-02   2.649626e-04   0.000000e+00   0.000000e+00  -7.882137e-02   2.752141e-02  -4.232308e-03  -0.000000e+00   9.382559e-08
   4.330461e-03   1.847072e-02   2.649626e-04   0.000000e+00   0.000000e+00  -1.413549e-02  -6.766588e-04  -6.258919e-03  -0.000000e+00   3.248325e-08
   5.225568e-03   1.586715e-02   2.649626e-04   0.000000e+00   0.000000e+00  -2.786211e-02   7.210259e-03  -1.121638e-02  -0.000000e+00   4.669262e-08
   9.179926e-03   1.332687e-02   2.649626e-04   0.000000e+00   0.000000e+00  -3.051878e-02   7.995833e-03  -1.226529e-02  -0.000000e+00   5.747417e-08
   1.763804e-02   5.865330e-03   2.649626e-04   0.000000e+00   0.000000e+00  -4.326399e-02  -7.094534e-03   1.616055e-02  -0.000000e+00   6.871582e-08
   1.680303e-02   2.222678e-03   2.649626e-04   0.000000e+00   0.000000e+00  -4.322280e-02  -5.316867e-03   1.129278e-02  -0.000000e+00   6.680187e-08
   1.495144e-02   1.403715e-03   2.649626e-04   0.000000e+00   0.000000e+00  -9.905714e-04  -1.402488e-04   2.056172e-05  -0.000000e+00   5.956529e-09
   1.861458e-02   9.144850e-03   2.649626e-04   0.000000e+00   0.000000e+00  -1.856560e-02  -5.655403e-04  -2.435848e-05  -0.000000e+00   3.703832e-08
   1.117817e-02   6.356076e-03   2.649626e-04   0.000000e+00   0.000000e+00  -5.131342e-03   2.114427e-03  -1.154068e-03  -0.000000e+00   1.522791e-08
   1.427146e-02   1.621033e-02   2.649626e-04   0.000000e+00   0.000000e+00  -1.807217e-02   9.061209e-04   1.021882e-03  -0.000000e+00   4.038506e-08
   1.897135e-02   1.390844e-02   2.649626e-04   0.000000e+00   0.000000e+00  -2.344726e-03  -9.296086e-04  -6.254166e-04  -0.000000e+00   1.279113e-08
   1.888764e-02   1.183660e-02   2.649626e-04   0.000000e+00   0.000000e+00  -1.317770e-03  -1.182256e-04   4.968785e-04  -0.000000e+00   6.938450e-09
   1.159420e-02   1.672370e-02   2.649626e-04   0.000000e+00   0.000000e+00  -6.712764e-03  -8.251571e-06  -2.406223e-06  -0.000000e+00   2.146011e-08
   1.377645e-02   1.275550e-02   2.649626e-04   0.000000e+00   0.000000e+00  -1.058799e-03  -9.288396e-05   1.109506e-05  -0.000000e+00   6.172963e-09
   1.084995e-02   1.084445e-02   2.649626e-04   0.000000e+00   0.000000e+00  -1.333440e-02  -2.552045e-03   5.106749e-03  -0.000000e+00   2.492588e-08
                                                0.000000e+00   0.000000e+00  -3.712476e-01   1.821262e-02  -3.514271e-03   0.000000e+00   3.147240e-08

              6
             24
          pos_x          pos_y          pos_z       normal_x       normal_y       normal_z        tangt_x        tangt_y        tangt_z          pentr
   2.133162e-03   8.482788e-03   1.881160e-02   0.000000e+00   0.000000e+00   2.541196e-04   1.935272e-05   6.448425e-05  -0.000000e+00   1.903590e-09
   2.634253e-03   3.242026e-03   1.881160e-02   0.000000e+00   0.000000e+00   5.431875e-03  -7.805912e-05  -4.794256e-05  -0.000000e+00   1.412636e-08
   3.640730e-03   6.948232e-03   1.881160e-02   0.000000e+00   0.000000e+00   1.069749e-09  -1.875258e-10  -5.009238e-10   0.000000e+00   8.071842e-13
   8.457283e-03   4.762431e-03   1.881160e-02   0.000000e+00   0.000000e+00   1.350776e-03   4.250488e-04  -1.029401e-04  -0.000000e+00   7.156108e-09
   5.857494e-03   4.628856e-03   1.881160e-02   0.000000e+00   0.000000e+00   1.947648e-03  -9.303382e-05  -4.466132e-04  -0.000000e+00   8.067759e-09
   8.152520e-03   6.634065e-03   1.881160e-02   0.000000e+00   0.000000e+00   2.830119e-03  -1.124317e-03  -1.496226e-04  -0.000000e+00   1.265736e-08
   8.188689e-03   1.378974e-03   1.881160e-02   0.000000e+00   0.000000e+00   1.079866e-04  -6.311052e-06   3.754593e-05  -0.000000e+00   1.674478e-09
   2.908554e-03   1.553075e-02   1.881160e-02   0.000000e+00   0.000000e+00   1.901779e-02  -4.497267e-03   3.930580e-03  -0.000000e+00   3.057037e-08
   9.179420e-03   1.784068e-02   1.881160e-02   0.000000e+00   0.000000e+00   6.838026e-08  -6.703736e-09  -1.477937e-08  -0.000000e+00   8.753956e-12
   6.277920e-03   1.816993e-02   1.881160e-02   0.000000e+00   0.000000e+00   3.957855e-02   1.919630e-02  -4.654844e-04  -0.000000e+00   6.035940e-08
   5.251764e-03   1.367055e-02   1.881160e-02   0.000000e+00   0.000000e+00   9.807818e-10  -3.101538e-10  -3.798524e-10   0.000000e+00   6.844109e-13
   7.714848e-03   1.379576e-02   1.881160e-02   0.000000e+00   0.000000e+00   1.092143e-02  -2.291628e-03   7.767318e-04  -0.000000e+00   2.355536e-08
   6.127062e-03   1.204183e-02   1.881160e-02   0.000000e+00   0.000000e+00   1.287133e-10  -4.848966e-11  -4.231469e-11   0.000000e+00   2.008047e-13
   4.448045e-03   1.074522e-02   1.881160e-02   0.000000e+00   0.000000e+00   6.173029e-02   8.608680e-03  -1.497760e-02  -0.000000e+00   8.881497e-08
   1.518535e-02   7.916984e-03   1.881160e-02   0.000000e+00   0.000000e+00   1.634063e-03  -3.473317e-04   3.980237e-04  -0.000000e+00   6.514240e-09
   1.379499e-02   3.951971e-03   1.881160e-02   0.000000e+00   0.000000e+00   9.496974e-03  -4.543656e-04  -3.589785e-03  -0.000000e+00   2.032516e-08
   1.105157e-02   7.364143e-03   1.881160e-02   0.000000e+00   0.000000e+00   7.363909e-03  -2.830928e-03   2.250261e-03  -0.000000e+00   1.700775e-08
   1.086496e-02   1.442193e-02   1.881160e-02   0.000000e+00   0.000000e+00   3.064201e-09   4.730497e-12  -8.938634e-12  -0.000000e+00   1.283366e-12
   1.799668e-02   1.145812e-02   1.881160e-02   0.000000e+00   0.000000e+00   4.171078e-03  -1.820284e-03  -6.696720e-04  -0.000000e+00   1.492835e-08
   1.260490e-02   1.331529e-02   1.881160e-02   0.000000e+00   0.000000e+00   1.617387e-09  -5.825994e-11  -2.295633e-10  -0.000000e+00   8.354394e-13
   1.226416e-02   1.064771e-02   1.881160e-02   0.000000e+00   0.000000e+00   5.564945e-03   3.503197e-04  -6.676006e-04  -0.000000e+00   1.864964e-08
   1.836523e-02   1.514342e-02   1.881160e-02   0.000000e+00   0.000000e+00   2.866458e-02  -4.948776e-03  -5.788878e-04  -0.000000e+00   5.697189e-08
   1.424383e-02   1.202103e-02   1.881160e-02   0.000000e+00   0.000000e+00   8.112787e-03   3.649685e-03  -1.188853e-03  -0.000000e+00   2.408635e-08
   1.627913e-02   1.107057e-02   1.881160e-02   0.000000e+00   0.000000e+00   5.091990e-04   1.744524e-04  -1.290390e-04  -0.000000e+00   4.133814e-09
                                                0.000000e+00   0.000000e+00   2.086882e-01   1.393153e-02  -1.555643e-02   0.000000e+00   1.714648e-08

