              6

              1
             35
          pos_x          pos_y          pos_z       normal_x       normal_y       normal_z        tangt_x        tangt_y        tangt_z          pentr
   1.898926e-04   3.264891e-03   1.248878e-03  -1.174589e-04   0.000000e+00   0.000000e+00  -0.000000e+00  -5.746581e-07   3.255853e-05   1.802332e-09
   1.898926e-04   9.014326e-03   1.429872e-03  -9.347895e-03   0.000000e+00   0.000000e+00  -0.000000e+00  -2.206189e-03   3.055104e-03   2.208290e-08
   1.898926e-04   1.111908e-03   2.325035e-03  -5.997657e-04   0.000000e+00   0.000000e+00  -0.000000e+00   1.099165e-04   2.175187e-04   4.172791e-09
   1.898926e-04   6.504233e-03   6.753266e-04  -9.606405e-05   0.000000e+00   0.000000e+00  -0.000000e+00   1.852346e-05   4.375318e-05   1.461490e-09
   1.898926e-04   1.485751e-03   6.397372e-03  -1.193340e-02   0.000000e+00   0.000000e+00  -0.000000e+00   1.652231e-03   7.995038e-04   3.594824e-08
   1.898926e-04   6.037263e-03   5.429896e-03  -2.100265e-03   0.000000e+00   0.000000e+00  -0.000000e+00   1.815546e-05  -1.054280e-04   8.498677e-09
   1.898926e-04   1.289772e-03   9.141361e-03  -9.421712e-04   0.000000e+00   0.000000e+00  -0.000000e+00   1.589614e-04   2.713291e-04   6.068318e-09
   1.898926e-04   3.622008e-03   9.961015e-03  -5.145388e-04   0.000000e+00   0.000000e+00  -0.000000e+00   1.358267e-04  -4.794342e-05   4.084179e-09
   1.898926e-04   6.696292e-03   1.079024e-02  -8.082786e-03   0.000000e+00   0.000000e+00  -0.000000e+00   2.456503e-03   2.210735e-03   2.349735e-08
   1.898926e-04   8.442662e-03   1.745459e-02  -1.829850e-03   0.000000e+00   0.000000e+00  -0.000000e+00  -1.453601e-04  -6.529753e-04   8.534265e-09
   1.898926e-04   5.892308e-03   1.538946e-02  -2.454292e-03   0.000000e+00   0.000000e+00  -0.000000e+00   6.557847e-06   7.899182e-04   8.430557e-09
   1.898926e-04   2.968780e-03   1.440230e-02  -1.550761e-08   0.000000e+00   0.000000e+00  -0.000000e+00  -1.472115e-09  -5.216421e-09   3.827508e-12
   1.898926e-04   1.230437e-03   1.404163e-02  -3.799158e-04   0.000000e+00   0.000000e+00  -0.000000e+00   1.508609e-04   9.063139e-06   3.646146e-09
   1.898926e-04   1.281059e-03   1.221502e-02  -3.066522e-04   0.000000e+00   0.000000e+00  -0.000000e+00   5.379817e-05  -4.025826e-05   3.262091e-09
   1.898926e-04   2.739738e-03   1.128950e-02  -9.465301e-10   0.000000e+00   0.000000e+00   0.000000e+00   2.156703e-10  -4.212673e-10   6.739597e-13
   1.898926e-04   1.788157e-02   1.007408e-03  -7.216125e-03   0.000000e+00   0.000000e+00  -0.000000e+00  -8.816729e-04   2.803947e-03   2.327470e-08
   1.898926e-04   1.425354e-02   5.089450e-03  -8.135373e-04   0.000000e+00   0.000000e+00  -0.000000e+00  -1.677091e-04  -1.318959e-04   6.299602e-09
   1.898926e-04   1.795460e-02   5.181961e-03  -7.687025e-03   0.000000e+00   0.000000e+00  -0.000000e+00  -3.529339e-03   1.268369e-03   2.354717e-08
   1.898926e-04   1.810429e-02   7.405965e-03  -1.967828e-03   0.000000e+00   0.000000e+00  -0.000000e+00  -3.935198e-05   4.290917e-05   1.016722e-08
   1.898926e-04   1.709940e-02   3.003468e-03  -2.133522e-04   0.000000e+00   0.000000e+00  -0.000000e+00  -2.748351e-05  -9.687623e-05   2.023107e-09
   1.898926e-04   1.548100e-02   1.318270e-03  -9.188271e-05   0.000000e+00   0.000000e+00  -0.000000e+00  -1.253865e-05   3.956266e-05   1.337637e-09
   1.898926e-04   1.140495e-02   1.893882e-03  -1.312729e-10   0.000000e+00   0.000000e+00   0.000000e+00   9.034296e-24   1.963790e-24   1.808100e-13
   1.898926e-04   1.575325e-02   4.613393e-03  -5.100935e-05   0.000000e+00   0.000000e+00  -0.000000e+00  -1.947504e-05   1.039062e-05   9.715078e-10
   1.898926e-04   1.575708e-02   8.999279e-03  -3.624458e-03   0.000000e+00   0.000000e+00  -0.000000e+00  -1.354828e-04   1.519943e-03   1.406555e-08
   1.898926e-04   1.256925e-02   7.827933e-04  -1.157820e-04   0.000000e+00   0.000000e+00  -0.000000e+00   6.913560e-06   2.062249e-05   1.830650e-09
   1.898926e-04   1.164081e-02   7.536662e-03  -2.380753e-03   0.000000e+00   0.000000e+00  -0.000000e+00  -4.447153e-04   8.979461e-04   1.187287e-08
   1.898926e-04   1.345797e-02   6.636432e-03  -2.054896e-03   0.000000e+00   0.000000e+00  -0.000000e+00  -3.129718e-04  -7.021579e-05   9.989042e-09
   1.898926e-04   1.889009e-02   9.394490e-03  -1.008635e-04   0.000000e+00   0.000000e+00  -0.000000e+00  -4.667569e-05  -3.386936e-07   1.279731e-09
   1.898926e-04   1.168672e-02   1.755652e-02  -2.321445e-04   0.000000e+00   0.000000e+00  -0.000000e+00  -1.336395e-05  -3.250652e-05   2.491571e-09
   1.898926e-04   1.406314e-02   1.555222e-02  -1.020504e-02   0.000000e+00   0.000000e+00  -0.000000e+00   7.729589e-05   2.542378e-04   2.408496e-08
   1.898926e-04   1.727516e-02   1.490522e-02  -4.296289e-03   0.000000e+00   0.000000e+00  -0.000000e+00  -1.927689e-03  -8.885836e-04   1.281104e-08
   1.898926e-04   1.025421e-02   1.528355e-02  -6.664255e-04   0.000000e+00   0.000000e+00  -0.000000e+00  -6.103498e-05   2.284902e-04   4.389123e-09
   1.898926e-04   1.636572e-02   1.241083e-02  -2.823104e-04   0.000000e+00   0.000000e+00  -0.000000e+00  -3.694654e-05  -4.485227e-05   2.560423e-09
   1.898926e-04   1.818276e-02   1.189477e-02  -2.329302e-04   0.000000e+00   0.000000e+00  -0.000000e+00  -7.046585e-05   2.010413e-05   2.325602e-09
   1.898926e-04   1.008939e-02   9.910956e-03  -1.504760e-03   0.000000e+00   0.000000e+00  -0.000000e+00  -1.668414e-04   2.421545e-04   7.576801e-09
                                               -8.244248e-02   0.000000e+00   0.000000e+00   0.000000e+00  -5.400338e-03   1.266628e-02   8.411209e-09

              2
             20
          pos_x          pos_y          pos_z       normal_x       normal_y       normal_z        tangt_x        tangt_y        tangt_z          pentr
   1.981007e-02   3.440097e-03   3.515366e-03   2.644164e-02   0.000000e+00   0.000000e+00  -0.000000e+00   7.210740e-03   1.062529e-02   4.164763e-08
   1.981007e-02   6.975177e-03   2.270087e-03   1.002232e-02   0.000000e+00   0.000000e+00  -0.000000e+00   3.761964e-03   1.385085e-03   2.527375e-08
   1.981007e-02   5.469977e-03   5.672217e-03   1.483390e-03   0.000000e+00   0.000000e+00  -0.000000e+00   4.450869e-04   4.308436e-04   7.269345e-09
   1.981007e-02   9.708798e-03   5.613465e-03   2.594796e-04   0.000000e+00   0.000000e+00  -0.000000e+00   1.269320e-04   8.995644e-06   2.305614e-09
   1.981007e-02   5.357685e-03   9.028784e-03   1.519922e-09   0.000000e+00   0.000000e+00  -0.000000e+00  -4.348519e-10   1.220861e-10   7.720699e-13
   1.981007e-02   7.259269e-03   8.101834e-03   3.282736e-03   0.000000e+00   0.000000e+00  -0.000000e+00   1.191453e-03   5.887217e-05   1.304653e-08
   1.981007e-02   1.308933e-03   9.613773e-03   8.040593e-03   0.000000e+00   0.000000e+00  -0.000000e+00   3.458510e-03   2.007271e-03   2.467235e-08
   1.981007e-02   9.012688e-03   3.085214e-03   3.549826e-04   0.000000e+00   0.000000e+00  -0.000000e+00   3.773208e-05   2.891147e-05   3.255841e-09
   1.981007e-02   9.770337e-03   1.373982e-03   1.552730e-02   0.000000e+00   0.000000e+00  -0.000000e+00   6.622532e-03  -3.166676e-03   3.307831e-08
   1.981007e-02   7.949810e-03   1.610569e-02   4.249812e-06   0.000000e+00   0.000000e+00  -0.000000e+00  -2.976880e-07  -4.990026e-07   1.330538e-10
   1.981007e-02   2.361081e-03   1.563733e-02   4.724793e-04   0.000000e+00   0.000000e+00  -0.000000e+00   1.332613e-04  -4.890005e-06   3.582144e-09
   1.981007e-02   4.961190e-03   1.558565e-02   1.017253e-03   0.000000e+00   0.000000e+00  -0.000000e+00   2.015276e-04   2.176542e-04   6.006615e-09
   1.981007e-02   4.166879e-03   1.170192e-02   2.725488e-09   0.000000e+00   0.000000e+00  -0.000000e+00  -5.394826e-10   1.000177e-09   1.199679e-12
   1.981007e-02   1.914413e-02   1.309308e-03   2.202491e-04   0.000000e+00   0.000000e+00  -0.000000e+00  -4.048089e-06   3.058042e-06   2.722064e-09
   1.981007e-02   1.619662e-02   5.357377e-03   4.039786e-07   0.000000e+00   0.000000e+00   0.000000e+00   7.579726e-08  -1.872283e-07   3.209299e-11
   1.981007e-02   1.397176e-02   9.392671e-04   1.087857e-04   0.000000e+00   0.000000e+00  -0.000000e+00   8.882609e-07   2.810326e-05   1.671604e-09
   1.981007e-02   1.205484e-02   7.940931e-04   9.490809e-05   0.000000e+00   0.000000e+00  -0.000000e+00   2.137129e-05   3.700030e-05   1.554971e-09
   1.981007e-02   1.908857e-02   1.662907e-02   2.184974e-04   0.000000e+00   0.000000e+00  -0.000000e+00  -8.481398e-05  -1.638624e-05   2.149373e-09
   1.981007e-02   1.249656e-02   1.507243e-02   2.157213e-08   0.000000e+00   0.000000e+00   0.000000e+00   6.866394e-09  -8.318162e-09   4.666479e-12
   1.981007e-02   1.677252e-02   1.200190e-02   2.092220e-07   0.000000e+00   0.000000e+00  -0.000000e+00   7.560432e-10   7.255989e-10   2.038303e-11
                                                6.754950e-02   0.000000e+00   0.000000e+00   0.000000e+00   2.312292e-02   1.164244e-02   8.421415e-09

              3
             33
          pos_x          pos_y          pos_z       normal_x       normal_y       normal_z        tangt_x        tangt_y        tangt_z          pentr
   6.223816e-03   1.898949e-04   1.087525e-03   0.000000e+00  -8.314890e-04   0.000000e+00  -1.954995e-04  -0.000000e+00   1.583719e-04   6.090152e-09
   7.984192e-04   1.898949e-04   2.003836e-03   0.000000e+00  -4.114443e-04   0.000000e+00   1.121325e-04  -0.000000e+00  -5.293648e-05   4.319622e-09
   7.396902e-03   1.898949e-04   2.813491e-03   0.000000e+00  -3.509175e-03   0.000000e+00  -1.147485e-03  -0.000000e+00   9.744941e-04   1.196024e-08
   4.033740e-03   1.898949e-04   2.301815e-03   0.000000e+00  -5.097538e-04   0.000000e+00   2.307993e-04  -0.000000e+00  -8.845505e-06   4.025461e-09
   1.821969e-03   1.898949e-04   6.487289e-03   0.000000e+00  -8.457249e-03   0.000000e+00   3.009364e-03  -0.000000e+00   1.097594e-03   2.506142e-08
   1.581247e-03   1.898949e-04   8.606471e-03   0.000000e+00  -1.153422e-03   0.000000e+00   3.284074e-05  -0.000000e+00   1.016963e-04   5.743906e-09
   1.063028e-03   1.898949e-04   4.188211e-03   0.000000e+00  -3.977414e-10   0.000000e+00  -4.869849e-11  -0.000000e+00   6.592180e-11   3.822200e-13
   5.677100e-03   1.898949e-04   6.668457e-03   0.000000e+00  -4.931770e-03   0.000000e+00   1.221321e-05  -0.000000e+00   2.216430e-03   2.109680e-08
   9.558257e-03   1.898949e-04   1.612132e-03   0.000000e+00  -9.406467e-03   0.000000e+00  -3.877675e-03  -0.000000e+00   2.069905e-03   2.814011e-08
   8.211951e-03   1.898949e-04   9.475222e-03   0.000000e+00  -5.567470e-09   0.000000e+00   8.047922e-10  -0.000000e+00   1.569416e-09   1.948626e-12
   1.202018e-03   1.898949e-04   1.744137e-02   0.000000e+00  -3.626224e-09   0.000000e+00   1.159694e-10   0.000000e+00  -1.809400e-09   1.744278e-12
   1.807439e-03   1.898949e-04   1.444396e-02   0.000000e+00  -1.680179e-04   0.000000e+00   8.014815e-05  -0.000000e+00   9.563750e-06   1.564835e-09
   5.597465e-03   1.898949e-04   1.382041e-02   0.000000e+00  -4.578127e-03   0.000000e+00   4.623171e-04  -0.000000e+00   9.371894e-04   1.827490e-08
   8.428177e-03   1.898949e-04   1.278371e-02   0.000000e+00  -2.100079e-03   0.000000e+00   5.715386e-04  -0.000000e+00  -4.639883e-04   8.222244e-09
   2.690618e-03   1.898949e-04   1.287069e-02   0.000000e+00  -9.906041e-04   0.000000e+00   5.158604e-05  -0.000000e+00   1.140720e-04   7.053015e-09
   1.389804e-03   1.898949e-04   1.091003e-02   0.000000e+00  -5.653841e-05   0.000000e+00   2.467852e-06  -0.000000e+00   1.240621e-05   8.638779e-10
   3.046525e-03   1.898949e-04   1.087935e-02   0.000000e+00  -3.866679e-04   0.000000e+00  -4.657376e-05  -0.000000e+00  -1.233160e-04   3.326344e-09
   5.708049e-03   1.898949e-04   1.106428e-02   0.000000e+00  -9.923305e-04   0.000000e+00   3.640201e-04  -0.000000e+00  -1.837872e-04   6.944594e-09
   7.934133e-03   1.898949e-04   1.764095e-02   0.000000e+00  -1.036561e-04   0.000000e+00   3.243750e-06  -0.000000e+00  -3.949998e-05   1.496463e-09
   1.743333e-02   1.898949e-04   2.009375e-03   0.000000e+00  -3.265040e-02   0.000000e+00   2.541624e-03  -0.000000e+00   1.314989e-02   5.677543e-08
   1.705510e-02   1.898949e-04   4.891608e-03   0.000000e+00  -1.369666e-03   0.000000e+00  -6.006275e-04  -0.000000e+00   1.218245e-04   6.506214e-09
   1.841347e-02   1.898949e-04   9.486772e-03   0.000000e+00  -5.517371e-03   0.000000e+00  -1.921366e-03  -0.000000e+00   1.561085e-03   1.614809e-08
   1.501542e-02   1.898949e-04   3.210102e-03   0.000000e+00  -8.435504e-03   0.000000e+00  -1.289231e-05  -0.000000e+00   1.389968e-05   2.247630e-08
   1.525317e-02   1.898949e-04   1.050869e-03   0.000000e+00  -1.165600e-04   0.000000e+00   9.857279e-06  -0.000000e+00   3.767631e-05   1.806192e-09
   1.098969e-02   1.898949e-04   6.427847e-03   0.000000e+00  -1.512044e-03   0.000000e+00  -2.517586e-04  -0.000000e+00   2.077310e-04   8.187954e-09
   1.432340e-02   1.898949e-04   9.326801e-03   0.000000e+00  -4.481859e-03   0.000000e+00   1.200195e-03  -0.000000e+00   1.463427e-03   1.456469e-08
   1.004602e-02   1.898949e-04   3.951346e-03   0.000000e+00  -2.155085e-03   0.000000e+00  -2.263908e-05  -0.000000e+00   1.867287e-05   8.508515e-09
   1.034291e-02   1.898949e-04   1.079174e-02   0.000000e+00  -2.514513e-03   0.000000e+00  -7.748043e-04  -0.000000e+00   9.507885e-04   1.107000e-08
   1.724093e-02   1.898949e-04   1.571855e-02   0.000000e+00  -3.996167e-04   0.000000e+00  -9.891080e-05  -0.000000e+00   3.261471e-06   2.849246e-09
   1.337996e-02   1.898949e-04   1.514308e-02   0.000000e+00  -7.272991e-04   0.000000e+00   1.145886e-04  -0.000000e+00   2.833146e-04   4.400452e-09
   1.589225e-02   1.898949e-04   1.269863e-02   0.000000e+00  -1.496167e-03   0.000000e+00   5.237527e-04  -0.000000e+00   1.830778e-04   7.061128e-09
   1.251011e-02   1.898949e-04   1.056296e-02   0.000000e+00  -5.796003e-11   0.000000e+00   2.438491e-11   0.000000e+00  -1.565943e-11   1.003718e-13
   1.662993e-02   1.898949e-04   9.756025e-03   0.000000e+00  -1.861413e-10   0.000000e+00   2.424208e-11  -0.000000e+00   2.747541e-11   2.447808e-13
                                                0.000000e+00  -9.996288e-02   0.000000e+00   3.724588e-04   0.000000e+00   2.481400e-02   9.531594e-09

              4
             29
          pos_x          pos_y          pos_z       normal_x       normal_y       normal_z        tangt_x        tangt_y        tangt_z          pentr
   2.087373e-03   1.981007e-02   2.646663e-03   0.000000e+00   2.053411e-03   0.000000e+00   1.268863e-04  -0.000000e+00   2.779126e-04   8.756016e-09
   6.313956e-03   1.981007e-02   6.379103e-03   0.000000e+00   2.386111e-03   0.000000e+00   4.566455e-04  -0.000000e+00   1.979132e-04   1.068548e-08
   4.062963e-03   1.981007e-02   4.611779e-03   0.000000e+00   6.382584e-04   0.000000e+00  -5.221695e-06  -0.000000e+00   5.052383e-05   3.724943e-09
   7.791068e-03   1.981007e-02   2.847492e-03   0.000000e+00   2.013189e-02   0.000000e+00   4.067712e-04  -0.000000e+00   4.781624e-03   4.341705e-08
   1.930282e-03   1.981007e-02   5.130345e-03   0.000000e+00   1.140723e-02   0.000000e+00   1.395016e-03  -0.000000e+00   1.586894e-03   3.197090e-08
   1.719487e-03   1.981007e-02   7.327092e-03   0.000000e+00   2.851522e-03   0.000000e+00   4.379324e-04  -0.000000e+00   3.992739e-04   1.382487e-08
   5.005133e-03   1.981007e-02   1.411870e-03   0.000000e+00   2.164405e-03   0.000000e+00   1.082202e-03   0.000000e+00  -1.219653e-06   8.953770e-09
   8.258724e-03   1.981007e-02   9.276690e-03   0.000000e+00   1.149854e-02   0.000000e+00   1.870490e-03  -0.000000e+00  -5.412232e-03   2.551010e-08
   8.197189e-03   1.981007e-02   6.961458e-03   0.000000e+00   2.700110e-09   0.000000e+00  -5.254668e-10   0.000000e+00  -1.243597e-09   1.147922e-12
   9.255284e-04   1.981007e-02   9.400659e-03   0.000000e+00   1.258741e-04   0.000000e+00   6.051656e-05  -0.000000e+00   4.857700e-07   1.767589e-09
   5.095784e-03   1.981007e-02   1.548035e-02   0.000000e+00   1.850779e-03   0.000000e+00   9.146532e-04  -0.000000e+00  -1.234750e-04   9.372294e-09
   2.472798e-03   1.981007e-02   1.554398e-02   0.000000e+00   1.850707e-03   0.000000e+00   6.886638e-04  -0.000000e+00   2.695396e-04   7.729939e-09
   1.007904e-02   1.981007e-02   1.531366e-02   0.000000e+00   1.928952e-03   0.000000e+00   5.062000e-04  -0.000000e+00   4.848166e-04   6.988473e-09
   5.951956e-03   1.981007e-02   1.259166e-02   0.000000e+00   2.115746e-03   0.000000e+00   2.689480e-04  -0.000000e+00   8.537572e-04   8.498820e-09
   1.911802e-03   1.981007e-02   1.143305e-02   0.000000e+00   2.195801e-04   0.000000e+00   5.039946e-05  -0.000000e+00  -1.348523e-05   2.135921e-09
   4.331638e-03   1.981007e-02   9.668771e-03   0.000000e+00   3.835210e-03   0.000000e+00   7.678857e-04  -0.000000e+00   2.970748e-04   1.066066e-08
   1.897633e-02   1.981007e-02   8.166778e-04   0.000000e+00   3.843815e-04   0.000000e+00  -9.919374e-05  -0.000000e+00   1.202383e-04   3.396307e-09
   1.565194e-02   1.981007e-02   3.493070e-03   0.000000e+00   2.084964e-09   0.000000e+00   7.532343e-10   0.000000e+00  -7.206991e-10   1.074519e-12
   1.541259e-02   1.981007e-02   1.114757e-03   0.000000e+00   8.685164e-05   0.000000e+00  -8.866286e-06  -0.000000e+00   2.827601e-05   1.191910e-09
   1.394040e-02   1.981007e-02   2.070063e-03   0.000000e+00   7.469287e-05   0.000000e+00  -4.377671e-06  -0.000000e+00  -1.569869e-05   1.056502e-09
   1.520373e-02   1.981007e-02   7.622567e-03   0.000000e+00   2.984018e-09   0.000000e+00  -1.098946e-09   0.000000e+00  -1.009162e-09   1.212020e-12
   1.371459e-02   1.981007e-02   6.403502e-03   0.000000e+00   4.194806e-10   0.000000e+00   2.095959e-10   0.000000e+00  -7.780988e-12   3.810355e-13
   1.370022e-02   1.981007e-02   8.256811e-03   0.000000e+00   1.308364e-04   0.000000e+00  -6.260859e-06  -0.000000e+00  -3.734334e-05   1.986932e-09
   1.701633e-02   1.981007e-02   8.437481e-03   0.000000e+00   3.226718e-05   0.000000e+00   3.456748e-06  -0.000000e+00   1.254860e-06   5.672733e-10
   1.028680e-02   1.981007e-02   1.309058e-03   0.000000e+00   9.158387e-05   0.000000e+00   1.003369e-06  -0.000000e+00   3.983710e-06   1.468141e-09
   1.493717e-02   1.981007e-02   1.082730e-02   0.000000e+00   7.823071e-06   0.000000e+00   9.790437e-07  -0.000000e+00  -2.640818e-07   2.359410e-10
   1.915143e-02   1.981007e-02   1.677134e-02   0.000000e+00   2.420952e-04   0.000000e+00  -7.983015e-05  -0.000000e+00   1.712714e-05   2.463301e-09
   1.381354e-02   1.981007e-02   1.493826e-02   0.000000e+00   2.538268e-10   0.000000e+00  -2.389748e-11  -0.000000e+00  -3.595339e-11   2.517361e-13
   1.672002e-02   1.981007e-02   1.319794e-02   0.000000e+00   2.709184e-05   0.000000e+00   3.460060e-06  -0.000000e+00   3.688037e-06   4.235554e-10
                                                0.000000e+00   6.613585e-02   0.000000e+00   8.838358e-03   0.000000e+00   3.770662e-03   7.130716e-09

              5
             37
          pos_x          pos_y          pos_z       normal_x       normal_y       normal_z        tangt_x        tangt_y        tangt_z          pentr
   2.575993e-03   1.673849e-03   1.899098e-04   0.000000e+00   0.000000e+00  -1.930561e-03   3.282271e-04  -3.482982e-06  -0.000000e+00   8.077598e-09
   6.296221e-03   1.591437e-03   1.899098e-04   0.000000e+00   0.000000e+00  -1.677965e-03  -2.265268e-04   4.784782e-04  -0.000000e+00   7.160922e-09
   1.455927e-03   3.284115e-03   1.899098e-04   0.000000e+00   0.000000e+00  -9.936606e-05   4.967852e-05   6.690478e-07   0.000000e+00   1.430680e-09
   6.155166e-03   8.845035e-03   1.899098e-04   0.000000e+00   0.000000e+00  -2.807402e-04   1.115790e-04   4.358483e-05  -0.000000e+00   2.940299e-09
   1.297906e-03   9.625633e-03   1.899098e-04   0.000000e+00   0.000000e+00  -7.940486e-03   2.956070e-03   1.615991e-03  -0.000000e+00   2.192045e-08
   7.413460e-04   6.298430e-03   1.899098e-04   0.000000e+00   0.000000e+00  -8.648597e-05   2.079714e-05  -8.007662e-06  -0.000000e+00   1.255330e-09
   4.031541e-03   9.008491e-03   1.899098e-04   0.000000e+00   0.000000e+00  -3.795295e-03   5.982728e-05  -3.906813e-04  -0.000000e+00   1.189240e-08
   4.291567e-03   1.620057e-03   1.899098e-04   0.000000e+00   0.000000e+00  -2.624305e-09   7.874198e-11   1.309788e-09   0.000000e+00   1.098340e-12
   6.776111e-03   6.966360e-03   1.899098e-04   0.000000e+00   0.000000e+00  -4.812212e-10  -3.930940e-11  -9.073815e-13  -0.000000e+00   3.634394e-13
   8.514824e-03   5.044259e-03   1.899098e-04   0.000000e+00   0.000000e+00  -1.441746e-03   3.116033e-04   1.008103e-04  -0.000000e+00   7.297828e-09
   9.219105e-03   2.444800e-03   1.899098e-04   0.000000e+00   0.000000e+00  -1.254460e-02  -1.507325e-03   2.311332e-03  -0.000000e+00   2.486822e-08
   1.239685e-03   1.821081e-02   1.899098e-04   0.000000e+00   0.000000e+00  -7.974042e-03   2.926394e-03  -3.028278e-04  -0.000000e+00   2.048960e-08
   2.493098e-03   1.669064e-02   1.899098e-04   0.000000e+00   0.000000e+00  -1.873512e-10   1.870062e-11   6.846732e-13  -0.000000e+00   2.059691e-13
   6.469795e-03   1.808977e-02   1.899098e-04   0.000000e+00   0.000000e+00  -3.435855e-10  -2.960121e-23  -2.327247e-23   0.000000e+00   2.811132e-13
   1.206447e-03   1.583558e-02   1.899098e-04   0.000000e+00   0.000000e+00  -1.011360e-04   1.411186e-05   4.620298e-06  -0.000000e+00   1.557012e-09
   6.973027e-03   1.470659e-02   1.899098e-04   0.000000e+00   0.000000e+00  -9.667125e-03   1.906253e-03  -3.027556e-03  -0.000000e+00   2.701198e-08
   3.149146e-03   1.248092e-02   1.899098e-04   0.000000e+00   0.000000e+00  -4.300472e-09   1.836590e-09  -1.118236e-09   0.000000e+00   1.534473e-12
   4.982974e-03   1.164671e-02   1.899098e-04   0.000000e+00   0.000000e+00  -1.350340e-10   1.545166e-11   5.141920e-11  -0.000000e+00   1.877878e-13
   8.985069e-03   1.333387e-02   1.899098e-04   0.000000e+00   0.000000e+00  -3.039735e-03  -7.393105e-04   9.645344e-04  -0.000000e+00   1.223267e-08
   1.095429e-03   1.237075e-02   1.899098e-04   0.000000e+00   0.000000e+00  -7.456635e-05   2.470206e-05  -5.264852e-06  -0.000000e+00   1.014456e-09
   7.169005e-03   1.087470e-02   1.899098e-04   0.000000e+00   0.000000e+00  -2.143590e-03   6.671909e-05  -1.447010e-04  -0.000000e+00   8.532807e-09
   1.009570e-02   1.557730e-02   1.899098e-04   0.000000e+00   0.000000e+00  -1.126377e-09  -1.045660e-10   2.608891e-10  -0.000000e+00   6.557617e-13
   1.773999e-02   5.768773e-03   1.899098e-04   0.000000e+00   0.000000e+00  -6.244274e-04  -8.526254e-06   8.917650e-06  -0.000000e+00   4.026411e-09
   1.686465e-02   2.145856e-03   1.899098e-04   0.000000e+00   0.000000e+00  -3.342912e-02  -5.359460e-03   1.349969e-02  -0.000000e+00   5.647360e-08
   1.519721e-02   5.061287e-03   1.899098e-04   0.000000e+00   0.000000e+00  -1.263897e-03   3.536894e-04   4.674797e-04  -0.000000e+00   7.786283e-09
   1.500197e-02   1.369694e-03   1.899098e-04   0.000000e+00   0.000000e+00  -8.640844e-05  -5.744308e-06   1.865182e-05  -0.000000e+00   1.188315e-09
   1.390161e-02   6.962486e-03   1.899098e-04   0.000000e+00   0.000000e+00  -2.206716e-09   3.864880e-10   2.523351e-10  -0.000000e+00   1.008636e-12
   1.120920e-02   8.393395e-03   1.899098e-04   0.000000e+00   0.000000e+00  -6.842791e-06   4.626068e-07   2.258014e-06  -0.000000e+00   2.585900e-10
   1.866661e-02   1.929868e-02   1.899098e-04   0.000000e+00   0.000000e+00  -2.495883e-04  -4.421249e-05  -7.351677e-05  -0.000000e+00   2.891805e-09
   1.671388e-02   1.508094e-02   1.899098e-04   0.000000e+00   0.000000e+00  -5.100893e-08  -2.544377e-08   1.758461e-09   0.000000e+00   7.416344e-12
   1.903200e-02   1.393710e-02   1.899098e-04   0.000000e+00   0.000000e+00  -1.046441e-04  -2.713930e-05  -1.583218e-06  -0.000000e+00   1.583237e-09
   1.571114e-02   1.904012e-02   1.899098e-04   0.000000e+00   0.000000e+00  -1.042360e-04   1.722824e-05  -4.427185e-05  -0.000000e+00   1.571758e-09
   1.896190e-02   1.170657e-02   1.899098e-04   0.000000e+00   0.000000e+00  -6.814073e-05  -1.700843e-05  -6.994785e-06  -0.000000e+00   9.749752e-10
   1.156836e-02   1.666377e-02   1.899098e-04   0.000000e+00   0.000000e+00  -9.435435e-06  -4.274782e-07   3.388622e-06  -0.000000e+00   2.701273e-10
   1.496105e-02   1.408943e-02   1.899098e-04   0.000000e+00   0.000000e+00  -4.898969e-09  -1.446300e-09  -7.311748e-11  -0.000000e+00   1.796183e-12
   1.096550e-02   1.076972e-02   1.899098e-04   0.000000e+00   0.000000e+00  -7.361880e-03  -3.346004e-03  -1.361391e-03  -0.000000e+00   1.680262e-08
   1.003310e-02   1.883113e-02   1.899098e-04   0.000000e+00   0.000000e+00  -1.046524e-04  -1.834878e-06  -7.160350e-06  -0.000000e+00   1.741283e-09
                                                0.000000e+00   0.000000e+00  -9.621078e-02  -2.136203e-03   1.414297e-02   0.000000e+00   6.845022e-09

              6
             18
          pos_x          pos_y          pos_z       normal_x       normal_y       normal_z        tangt_x        tangt_y        tangt_z          pentr
   2.049874e-03   8.582125e-03   1.889159e-02   0.000000e+00   0.000000e+00   2.676189e-03   9.059502e-04  -8.362460e-04  -0.000000e+00   9.064437e-09
   5.849658e-03   8.730439e-03   1.889159e-02   0.000000e+00   0.000000e+00   4.009305e-10  -3.840714e-11  -1.046277e-11  -0.000000e+00   3.579845e-13
   7.830874e-03   1.316524e-03   1.889159e-02   0.000000e+00   0.000000e+00   1.159018e-04  -1.618924e-07   1.995547e-06  -0.000000e+00   1.728660e-09
   1.907970e-03   1.226383e-02   1.889159e-02   0.000000e+00   0.000000e+00   1.816280e-04   3.214965e-06   1.101140e-06  -0.000000e+00   1.752410e-09
   2.883313e-03   1.566821e-02   1.889159e-02   0.000000e+00   0.000000e+00   6.917250e-03   2.387972e-03   2.501934e-03   0.000000e+00   1.583568e-08
   6.271172e-03   1.820588e-02   1.889159e-02   0.000000e+00   0.000000e+00   3.437129e-03   1.381598e-03  -3.723672e-05  -0.000000e+00   1.189030e-08
   4.023119e-03   1.266381e-02   1.889159e-02   0.000000e+00   0.000000e+00   5.577456e-10   2.246948e-10   8.528764e-11  -0.000000e+00   4.815245e-13
   7.603950e-03   1.366416e-02   1.889159e-02   0.000000e+00   0.000000e+00   3.248625e-03  -6.717172e-04  -8.694768e-04  -0.000000e+00   1.062432e-08
   1.566787e-02   8.046688e-03   1.889159e-02   0.000000e+00   0.000000e+00   6.689171e-04  -1.022108e-04   2.954327e-04  -0.000000e+00   3.569995e-09
   1.385944e-02   4.051270e-03   1.889159e-02   0.000000e+00   0.000000e+00   9.365670e-04   9.727911e-05   4.423791e-04  -0.000000e+00   4.233204e-09
   1.190263e-02   7.556990e-03   1.889159e-02   0.000000e+00   0.000000e+00   6.400560e-03   2.682956e-04   1.618472e-05  -0.000000e+00   1.532200e-08
   1.046949e-02   1.467705e-02   1.889159e-02   0.000000e+00   0.000000e+00   4.755062e-04   2.172123e-04  -4.713368e-06  -0.000000e+00   3.635181e-09
   1.775589e-02   1.141210e-02   1.889159e-02   0.000000e+00   0.000000e+00   1.694085e-08  -1.410896e-09  -5.277621e-09  -0.000000e+00   3.814622e-12
   1.372407e-02   1.471686e-02   1.889159e-02   0.000000e+00   0.000000e+00   1.996731e-04   1.469889e-05   1.592716e-06  -0.000000e+00   1.660071e-09
   1.493768e-02   1.816368e-02   1.889159e-02   0.000000e+00   0.000000e+00   3.631913e-05   1.496519e-07   7.913649e-06  -0.000000e+00   6.098148e-10
   1.073518e-02   1.853272e-02   1.889159e-02   0.000000e+00   0.000000e+00   1.403646e-09  -4.259763e-10   4.690159e-10  -0.000000e+00   7.342182e-13
   1.139383e-02   1.074850e-02   1.889159e-02   0.000000e+00   0.000000e+00   2.436497e-04  -6.289032e-05   6.786284e-07  -0.000000e+00   2.440121e-09
   1.531318e-02   1.040895e-02   1.889159e-02   0.000000e+00   0.000000e+00   8.649238e-09   9.036075e-10  -3.641658e-09  -0.000000e+00   3.063411e-12
                                                0.000000e+00   0.000000e+00   2.553794e-02   4.439390e-03   1.521531e-03   0.000000e+00   4.576369e-09

