     iteration=        5699999       process=              0       (i,j,k)=              0              0              0       (x,y,z)=   5.134804e-03   5.138597e-03   4.900695e-03     particles=             68
fabric=[ ...   
   3.393673e-01  -1.162160e-02  -4.357876e-02;
  -1.162160e-02   3.124517e-01   2.218463e-02;
  -4.357876e-02   2.218463e-02   3.216323e-01]
sigma=[ ...    
  -2.123283e+03  -5.141312e+01   5.015363e+02;
  -4.958345e+01  -1.487933e+03  -1.582922e+02;
   4.980347e+02  -1.610955e+02  -1.208556e+03]
sigmaDot=[ ... 
   8.307523e+05   9.606260e+04  -1.558614e+05;
   1.589838e+05  -6.936267e+05  -2.410344e+05;
  -4.584529e+04  -1.353767e+05  -2.846048e+05]
intgraE=[ ...  
   6.445652e-03  -1.312345e-02   2.598690e-02;
  -1.312345e-02  -1.238945e-02  -6.409164e-03;
   2.598690e-02  -6.409164e-03   3.562594e-02]
E=[ ...        
   3.687225e-02   1.689003e-02   1.409942e-02;
   1.689003e-02  -9.554560e-03  -2.649107e-03;
   1.409942e-02  -2.649107e-03   2.308228e-02]
e=[ ...        
   3.391262e-02   1.570507e-02   1.262973e-02;
   1.570507e-02  -1.053271e-02  -3.374529e-03;
   1.262973e-02  -3.374529e-03   2.151468e-02]
intgraF=[ ...  
   1.006110e+00  -1.443089e-02   2.866691e-02;
  -1.166776e-02   9.873837e-01  -2.834561e-03;
   2.232593e-02  -9.284485e-03   1.034612e+00]
F=[ ...        
   1.036157e+00   2.448546e-02   2.022670e-02;
   8.479891e-03   9.900949e-01  -7.786007e-03;
   7.145400e-03   1.873095e-03   1.022592e+00]
R=[ ...        
   9.999485e-01   7.890901e-03   6.384430e-03;
  -7.860179e-03   9.999575e-01  -4.822906e-03;
  -6.422216e-03   4.772475e-03   9.999680e-01]
U=[ ...        
   1.035991e+00   1.668984e-02   1.371955e-02;
   1.668984e-02   9.902549e-01  -2.745774e-03;
   1.371955e-02  -2.745774e-03   1.022726e+00]
l=[ ...        
  -4.045820e-03   1.015046e-02  -9.124275e-03;
   2.467961e-02  -1.054266e-02  -3.764702e-03;
  -2.165873e-03  -9.886213e-03  -1.702321e-03]
d=[ ...        
  -4.045820e-03   1.741504e-02  -5.645074e-03;
   1.741504e-02  -1.054266e-02  -6.825458e-03;
  -5.645074e-03  -6.825458e-03  -1.702321e-03]
     iteration=        5699999       process=              1       (i,j,k)=              0              0              1       (x,y,z)=   5.134804e-03   5.138597e-03   1.416463e-02     particles=             57
fabric=[ ...   
   2.855140e-01  -4.422799e-03  -4.889003e-02;
  -4.422799e-03   3.523824e-01  -7.224301e-03;
  -4.889003e-02  -7.224301e-03   3.621036e-01]
sigma=[ ...    
  -6.750395e+02   1.123456e+02   1.416739e+02;
   1.146899e+02  -1.037734e+03   6.089028e+01;
   1.399835e+02   5.895926e+01  -1.238333e+03]
sigmaDot=[ ... 
   5.102337e+05   1.571376e+05  -4.791846e+03;
   1.743849e+05  -5.684017e+05  -8.767558e+04;
   4.715632e+03   7.294824e+04   2.810479e+05]
intgraE=[ ...  
  -9.616493e-02   9.354617e-03  -2.807278e-01;
   9.354617e-03   5.099656e-02  -2.712437e-02;
  -2.807278e-01  -2.712437e-02   5.596462e-01]
E=[ ...        
   1.055804e-01   9.977417e-02  -1.847173e-01;
   9.977417e-02  -2.196658e-01  -1.728196e-01;
  -1.847173e-01  -1.728196e-01   2.748181e-01]
e=[ ...        
  -1.049042e-03   2.363675e-01  -8.121819e-03;
   2.363675e-01  -3.943385e-01  -3.066422e-01;
  -8.121819e-03  -3.066422e-01  -1.174611e-02]
intgraF=[ ...  
   8.974279e-01   2.342138e-02  -6.939079e-01;
  -4.034892e-03   1.048724e+00  -8.526595e-02;
   4.771860e-02   4.027205e-02   1.276916e+00]
F=[ ...        
   1.063083e+00  -1.190783e-02  -2.509105e-01;
   2.838224e-01   7.485862e-01  -4.474556e-01;
   2.142624e-02  -1.205040e-02   1.134224e+00]
R=[ ...        
   9.794045e-01  -1.715393e-01  -1.064949e-01;
   1.460168e-01   9.660374e-01  -2.131921e-01;
   1.394488e-01   1.932512e-01   9.711890e-01]
U=[ ...        
   1.085619e+00   9.596315e-02  -1.529127e-01;
   9.596315e-02   7.228762e-01  -1.700277e-01;
  -1.529127e-01  -1.700277e-01   1.223660e+00]
l=[ ...        
   1.098317e-02  -3.838495e-02  -3.803013e-02;
  -6.676025e-03   9.921227e-03  -5.140007e-02;
   1.762173e-03  -1.321499e-02  -2.484412e-02]
d=[ ...        
   1.098317e-02  -2.253049e-02  -1.813398e-02;
  -2.253049e-02   9.921227e-03  -3.230753e-02;
  -1.813398e-02  -3.230753e-02  -2.484412e-02]
     iteration=        5699999       process=              2       (i,j,k)=              0              1              0       (x,y,z)=   5.134804e-03   1.485810e-02   4.900695e-03     particles=             74
fabric=[ ...   
   3.345128e-01  -1.575854e-02  -2.631448e-02;
  -1.575854e-02   3.248034e-01   4.499450e-03;
  -2.631448e-02   4.499450e-03   3.406838e-01]
sigma=[ ...    
  -1.635433e+03   8.924796e+01  -4.031248e+01;
   9.272943e+01  -1.835403e+03   1.814551e+02;
  -3.969605e+01   1.794989e+02  -2.307215e+03]
sigmaDot=[ ... 
   5.423146e+05   2.428865e+05   2.055382e+06;
  -3.986890e+05   5.320177e+05  -1.005096e+05;
  -1.315807e+05   3.616754e+06  -4.122906e+05]
intgraE=[ ...  
   2.044045e-02   1.263329e-02   1.591839e-02;
   1.263329e-02  -4.829353e-02  -9.331862e-03;
   1.591839e-02  -9.331862e-03  -8.261155e-04]
E=[ ...        
   4.442336e-03   7.182184e-02   2.497769e-02;
   7.182184e-02   1.379926e-01   3.762817e-02;
   2.497769e-02   3.762817e-02   3.690441e-02]
e=[ ...        
   1.908906e-03   6.104913e-02   2.081631e-02;
   6.104913e-02   9.277522e-02   2.585153e-02;
   2.081631e-02   2.585153e-02   3.288759e-02]
intgraF=[ ...  
   1.019747e+00   6.149227e-03   7.660918e-03;
   2.032286e-02   9.503692e-01  -5.839859e-03;
   2.416436e-02  -1.317231e-02   9.991271e-01]
F=[ ...        
   1.003395e+00   1.362400e-01   2.760313e-03;
   4.426106e-03   1.120501e+00   2.650529e-02;
   4.543698e-02   4.361510e-02   1.035905e+00]
R=[ ...        
   9.978265e-01   6.214036e-02  -2.192726e-02;
  -6.228205e-02   9.980415e-01  -5.838435e-03;
   2.152151e-02   7.191420e-03   9.997425e-01]
U=[ ...        
   1.001916e+00   6.709549e-02   2.339775e-02;
   6.709549e-02   1.127086e+00   3.407453e-02;
   2.339775e-02   3.407453e-02   1.035423e+00]
l=[ ...        
  -7.200723e-03  -1.198570e-02   1.172063e-02;
   6.727915e-03   3.057245e-02   7.414017e-03;
  -2.038322e-02  -4.945516e-03   3.655069e-03]
d=[ ...        
  -7.200723e-03  -2.628892e-03  -4.331297e-03;
  -2.628892e-03   3.057245e-02   1.234251e-03;
  -4.331297e-03   1.234251e-03   3.655069e-03]
     iteration=        5699999       process=              3       (i,j,k)=              0              1              1       (x,y,z)=   5.134804e-03   1.485810e-02   1.416463e-02     particles=             46
fabric=[ ...   
   3.108668e-01   3.443719e-02  -1.463434e-02;
   3.443719e-02   3.201714e-01   2.118976e-02;
  -1.463434e-02   2.118976e-02   3.589618e-01]
sigma=[ ...    
  -2.319547e+03  -1.255279e+02  -2.270915e+02;
  -1.196135e+02  -1.829732e+03  -3.720862e+02;
  -2.235581e+02  -3.760204e+02  -4.037804e+03]
sigmaDot=[ ... 
   8.846178e+05   1.687578e+05  -3.506490e+04;
   3.450877e+05   7.492426e+05  -2.666666e+05;
  -2.794651e+05  -2.588477e+04  -2.283784e+04]
intgraE=[ ...  
   6.204544e-03   8.241032e-02  -8.526325e-02;
   8.241032e-02  -2.802383e-02  -3.087198e-02;
  -8.526325e-02  -3.087198e-02   1.484626e-01]
E=[ ...        
   1.202079e-02   8.565929e-02   1.213941e-01;
   8.565929e-02  -3.059224e-02   4.738924e-02;
   1.213941e-01   4.738924e-02   1.821945e-01]
e=[ ...        
  -5.699481e-02   8.189092e-02   4.122040e-02;
   8.189092e-02  -4.244821e-02   5.472033e-02;
   4.122040e-02   5.472033e-02   1.417513e-01]
intgraF=[ ...  
   1.002407e+00   8.080392e-02  -1.548716e-01;
   8.632656e-02   9.679437e-01  -2.459378e-02;
  -1.166593e-02  -2.253974e-02   1.127978e+00]
F=[ ...        
   9.492548e-01   6.062350e-02  -1.585642e-01;
   1.185460e-01   9.670230e-01   1.110746e-01;
   3.300058e-01  -2.622147e-03   1.151915e+00]
R=[ ...        
   9.734246e-01  -1.326613e-02  -2.286233e-01;
   2.733809e-02   9.979134e-01   5.849413e-02;
   2.273703e-01  -6.318974e-02   9.717560e-01]
U=[ ...        
   1.002302e+00   8.485277e-02   1.105976e-01;
   8.485277e-02   9.643666e-01   4.015713e-02;
   1.105976e-01   4.015713e-02   1.162129e+00]
l=[ ...        
   3.575908e-03   3.430955e-03  -3.825102e-03;
  -1.106305e-02   6.788386e-03   4.596318e-02;
  -1.216078e-02   3.990484e-03   3.798010e-04]
d=[ ...        
   3.575908e-03  -3.816048e-03  -7.992941e-03;
  -3.816048e-03   6.788386e-03   2.497683e-02;
  -7.992941e-03   2.497683e-02   3.798010e-04]
     iteration=        5699999       process=              4       (i,j,k)=              1              0              0       (x,y,z)=   1.485667e-02   5.138597e-03   4.900695e-03     particles=             66
fabric=[ ...   
   3.749471e-01  -4.708438e-02   1.180709e-02;
  -4.708438e-02   3.399967e-01   1.286967e-02;
   1.180709e-02   1.286967e-02   2.850562e-01]
sigma=[ ...    
  -2.956324e+03   1.453879e+02   1.529980e+02;
   1.471793e+02  -2.576642e+03   1.928956e+02;
   1.572993e+02   1.979972e+02  -1.360987e+03]
sigmaDot=[ ... 
  -3.345721e+04  -2.069103e+05  -5.663799e+06;
   5.028014e+04  -1.134851e+06   2.294137e+05;
  -4.091585e+05   8.502145e+06  -7.120134e+05]
intgraE=[ ...  
  -2.147939e-02   3.726585e-02  -2.422539e-02;
   3.726585e-02   9.557550e-03  -9.781978e-03;
  -2.422539e-02  -9.781978e-03   6.704906e-02]
E=[ ...        
   2.113403e-01  -6.079098e-01   2.899102e-01;
  -6.079098e-01   1.622866e+00  -5.967351e-01;
   2.899102e-01  -5.967351e-01   9.785392e-02]
e=[ ...        
   6.592464e-02  -1.640376e-01   1.104932e-01;
  -1.640376e-01   3.047294e-01  -4.478958e-02;
   1.104932e-01  -4.478958e-02  -1.708376e-01]
intgraF=[ ...  
   9.762627e-01   3.722698e-02   5.875101e-03;
   3.726025e-02   1.008756e+00  -7.062758e-03;
  -5.063688e-02  -1.188662e-02   1.064901e+00]
F=[ ...        
   1.167340e+00  -6.341106e-01   3.686626e-01;
  -2.414195e-01   1.959577e+00  -4.612049e-01;
   4.142027e-02  -6.076965e-02   9.203726e-01]
R=[ ...        
   9.862325e-01  -1.147862e-01   1.190363e-01;
   1.291479e-01   9.842245e-01  -1.209254e-01;
  -1.032779e-01   1.346338e-01   9.854986e-01]
U=[ ...        
   1.115812e+00  -3.660289e-01   2.089692e-01;
  -3.660289e-01   1.993269e+00  -3.723332e-01;
   2.089692e-01  -3.723332e-01   1.006682e+00]
l=[ ...        
  -4.160881e-04   1.272841e-02   7.722812e-03;
   2.331206e-02   1.687478e-02  -7.764349e-03;
   1.500333e-02  -1.338509e-02  -1.374160e-02]
d=[ ...        
  -4.160881e-04   1.802024e-02   1.136307e-02;
   1.802024e-02   1.687478e-02  -1.057472e-02;
   1.136307e-02  -1.057472e-02  -1.374160e-02]
     iteration=        5699999       process=              5       (i,j,k)=              1              0              1       (x,y,z)=   1.485667e-02   5.138597e-03   1.416463e-02     particles=             42
fabric=[ ...   
   3.281545e-01  -1.470004e-02  -5.293652e-02;
  -1.470004e-02   3.528083e-01   1.851476e-04;
  -5.293652e-02   1.851476e-04   3.020880e-01]
sigma=[ ...    
  -9.526949e+02  -9.645949e+01   1.436635e+02;
  -9.513777e+01  -1.080202e+03   1.101125e+02;
   1.434769e+02   1.089556e+02  -8.935744e+02]
sigmaDot=[ ... 
   4.870787e+04  -5.142616e+04   9.314246e+03;
  -5.492692e+04  -4.209494e+05  -1.699872e+04;
   1.314289e+04   5.859080e+04   1.294988e+04]
intgraE=[ ...  
   2.584999e-02   1.782084e-02  -1.036239e-01;
   1.782084e-02   1.574227e-02  -3.218335e-02;
  -1.036239e-01  -3.218335e-02  -4.723833e-03]
E=[ ...        
   4.482609e-01  -3.043524e-01  -6.892726e-01;
  -3.043524e-01   1.955444e-01   3.351438e-01;
  -6.892726e-01   3.351438e-01   4.156448e-01]
e=[ ...        
  -1.303191e-01  -1.631446e-01  -4.135427e-01;
  -1.631446e-01   5.200704e-02   2.403138e-02;
  -4.135427e-01   2.403138e-02  -8.790894e-02]
intgraF=[ ...  
   1.022092e+00   4.672928e-02  -1.234075e-01;
  -2.803761e-02   9.947148e-01   1.373403e-01;
  -7.900211e-02  -1.996082e-01   9.779880e-01]
F=[ ...        
   1.224240e+00  -3.780804e-01  -4.812511e-01;
  -1.129516e-01   1.116752e+00   4.031919e-01;
  -6.204847e-01   3.175724e-02   1.198801e+00]
R=[ ...        
   9.819623e-01  -1.742543e-01   7.338615e-02;
   1.555102e-01   9.650910e-01   2.107508e-01;
  -1.075486e-01  -1.955371e-01   9.747813e-01]
U=[ ...        
   1.251324e+00  -2.010098e-01  -5.387993e-01;
  -2.010098e-01   1.137440e+00   2.385670e-01;
  -5.387993e-01   2.385670e-01   1.218224e+00]
l=[ ...        
  -2.337024e-02  -6.671144e-02  -4.230998e-02;
   3.853881e-02   3.858985e-02   8.079817e-02;
  -7.751681e-03   1.826637e-02  -8.997092e-02]
d=[ ...        
  -2.337024e-02  -1.408632e-02  -2.503083e-02;
  -1.408632e-02   3.858985e-02   4.953227e-02;
  -2.503083e-02   4.953227e-02  -8.997092e-02]
     iteration=        5699999       process=              6       (i,j,k)=              1              1              0       (x,y,z)=   1.485667e-02   1.485810e-02   4.900695e-03     particles=             58
fabric=[ ...   
   3.485244e-01   1.447450e-02  -3.362534e-02;
   1.447450e-02   3.344714e-01   1.834001e-02;
  -3.362534e-02   1.834001e-02   3.170042e-01]
sigma=[ ...    
  -1.523674e+03   2.430971e+02   5.179120e+00;
   2.443654e+02  -2.028255e+03  -6.033788e+00;
   4.142991e+00  -7.173187e+00  -1.172654e+03]
sigmaDot=[ ... 
  -2.230243e+05   7.984602e+04  -3.153821e+05;
  -1.005970e+06   4.777961e+05  -3.898350e+04;
  -1.134385e+05  -3.949486e+05  -6.868742e+05]
intgraE=[ ...  
  -7.811793e-02   6.459200e-02  -4.706585e-02;
   6.459200e-02  -9.166223e-02   2.609933e-03;
  -4.706585e-02   2.609933e-03  -2.507076e-02]
E=[ ...        
  -6.624172e-02  -2.075599e-02   6.196617e-02;
  -2.075599e-02  -1.160306e-01  -1.391460e-02;
   6.196617e-02  -1.391460e-02   1.965656e-02]
e=[ ...        
  -1.068669e-01  -2.242665e-02   5.723397e-02;
  -2.242665e-02  -1.521414e-01   3.646956e-03;
   5.723397e-02   3.646956e-03   2.844468e-02]
intgraF=[ ...  
   9.122595e-01   6.352402e-02  -2.608074e-02;
   7.206135e-02   8.977211e-01   9.630083e-02;
  -7.971112e-02  -8.207918e-02   9.694867e-01]
F=[ ...        
   9.105452e-01   3.130809e-02  -6.634869e-02;
  -5.129661e-02   8.652143e-01   1.282936e-01;
   1.891894e-01  -1.355089e-01   1.009184e+00]
R=[ ...        
   9.902353e-01   5.918050e-02  -1.262210e-01;
  -4.097864e-02   9.889875e-01   1.422131e-01;
   1.332472e-01  -1.356520e-01   9.817554e-01]
U=[ ...        
   9.289650e-01  -2.250911e-02   6.351277e-02;
  -2.250911e-02   8.759210e-01  -1.394359e-02;
   6.351277e-02  -1.394359e-02   1.017391e+00]
l=[ ...        
   1.444134e-02   6.430315e-03  -9.343134e-03;
   4.535478e-03  -2.415218e-03   2.313000e-03;
  -1.513496e-02   4.312232e-02   8.767795e-04]
d=[ ...        
   1.444134e-02   5.482897e-03  -1.223905e-02;
   5.482897e-03  -2.415218e-03   2.271766e-02;
  -1.223905e-02   2.271766e-02   8.767795e-04]
     iteration=        5699999       process=              7       (i,j,k)=              1              1              1       (x,y,z)=   1.485667e-02   1.485810e-02   1.416463e-02     particles=             54
fabric=[ ...   
   3.573137e-01  -6.746006e-03   2.402366e-04;
  -6.746006e-03   2.900077e-01  -9.555267e-04;
   2.402366e-04  -9.555267e-04   3.526786e-01]
sigma=[ ...    
  -1.454862e+03  -1.255577e+02  -3.377891e+02;
  -1.249660e+02  -5.601142e+02  -1.269105e+02;
  -3.365214e+02  -1.278539e+02  -8.592785e+02]
sigmaDot=[ ... 
  -2.172212e+05  -7.901906e+04  -5.289679e+05;
   2.810407e+05   2.624865e+05  -1.038948e+05;
  -7.843277e+04   8.954186e+05  -1.422212e+05]
intgraE=[ ...  
   8.999160e-03  -4.660259e-02   9.863068e-03;
  -4.660259e-02   9.317478e-02  -1.012596e-01;
   9.863068e-03  -1.012596e-01  -5.786041e-02]
E=[ ...        
  -4.275090e-02   1.792818e-01   2.122355e-01;
   1.792818e-01  -3.489298e-01  -7.088163e-02;
   2.122355e-01  -7.088163e-02  -3.696048e-02]
e=[ ...        
  -1.541854e+00   3.974623e+00   4.670896e+00;
   3.974623e+00  -9.839883e+00  -1.111154e+01;
   4.670896e+00  -1.111154e+01  -1.287960e+01]
intgraF=[ ...  
   9.889849e-01   1.233715e-01  -3.449777e-02;
  -1.966049e-01   1.078417e+00  -1.056988e-01;
   3.540829e-02  -9.025381e-02   9.337649e-01]
F=[ ...        
   9.237124e-01   2.696027e-01   5.610084e-01;
   2.466016e-01   4.565104e-01  -4.354448e-01;
   2.100651e-02  -1.450967e-01   6.494124e-01]
R=[ ...        
   9.306406e-01   8.416379e-02   3.561244e-01;
   3.210378e-02   9.506607e-01  -3.085671e-01;
  -3.645236e-01   2.985980e-01   8.820214e-01]
U=[ ...        
   8.599037e-01   3.184500e-01   2.713916e-01;
   3.184500e-01   4.133516e-01  -1.728304e-01;
   2.713916e-01  -1.728304e-01   9.069484e-01]
l=[ ...        
  -8.192147e-03   9.314244e-02  -1.353702e-02;
  -1.784813e-02   3.195237e-02   5.329471e-03;
   5.875004e-02  -3.031163e-03  -1.331435e-02]
d=[ ...        
  -8.192147e-03   3.764715e-02   2.260651e-02;
   3.764715e-02   3.195237e-02   1.149154e-03;
   2.260651e-02   1.149154e-03  -1.331435e-02]
