              6

              1
             37
          pos_x          pos_y          pos_z       normal_x       normal_y       normal_z        tangt_x        tangt_y        tangt_z          pentr
   1.348926e-04   3.202545e-03   1.187122e-03  -1.175597e-04   0.000000e+00   0.000000e+00  -0.000000e+00   2.054823e-07   5.227841e-05   1.815763e-09
   1.348926e-04   8.978294e-03   1.379427e-03  -4.276548e-04   0.000000e+00   0.000000e+00  -0.000000e+00  -9.486149e-05   1.812501e-04   2.840631e-09
   1.348926e-04   1.091719e-03   2.260172e-03  -4.654153e-04   0.000000e+00   0.000000e+00  -0.000000e+00   7.764302e-05   2.104906e-04   3.525620e-09
   1.348926e-04   4.037527e-03   2.714584e-03  -8.846859e-10   0.000000e+00   0.000000e+00  -0.000000e+00  -7.381901e-11   1.667668e-10   5.762899e-13
   1.348926e-04   6.526379e-03   6.120355e-04  -9.913462e-05   0.000000e+00   0.000000e+00  -0.000000e+00   1.738698e-05   4.523460e-05   1.497141e-09
   1.348926e-04   1.468523e-03   6.371253e-03  -2.068317e-04   0.000000e+00   0.000000e+00  -0.000000e+00  -5.996457e-05   6.273201e-05   2.411708e-09
   1.348926e-04   5.971114e-03   5.341547e-03  -2.274744e-04   0.000000e+00   0.000000e+00  -0.000000e+00   6.429447e-06   1.913171e-05   1.938461e-09
   1.348926e-04   1.232266e-03   9.088739e-03  -3.135679e-04   0.000000e+00   0.000000e+00  -0.000000e+00   1.022639e-04   5.289447e-05   2.915546e-09
   1.348926e-04   7.014180e-03   7.575724e-03  -1.436161e-10   0.000000e+00   0.000000e+00   0.000000e+00  -5.358511e-11  -4.780201e-11   1.844002e-13
   1.348926e-04   5.143053e-03   7.451621e-03  -5.341217e-05   0.000000e+00   0.000000e+00  -0.000000e+00  -1.100470e-05   1.984663e-05   8.168280e-10
   1.348926e-04   8.450650e-03   1.749860e-02  -4.889489e-04   0.000000e+00   0.000000e+00  -0.000000e+00  -3.490899e-05  -2.254159e-04   3.537540e-09
   1.348926e-04   5.869877e-03   1.542418e-02  -3.456166e-05   0.000000e+00   0.000000e+00  -0.000000e+00  -7.201745e-06  -9.331472e-06   4.910335e-10
   1.348926e-04   1.193798e-03   1.407559e-02  -2.461926e-04   0.000000e+00   0.000000e+00  -0.000000e+00   7.140861e-05  -3.000334e-05   2.726652e-09
   1.348926e-04   7.381383e-03   1.321005e-02  -9.587654e-10   0.000000e+00   0.000000e+00  -0.000000e+00   2.779439e-10  -2.451789e-10   6.688031e-13
   1.348926e-04   1.243268e-03   1.225006e-02  -8.704739e-05   0.000000e+00   0.000000e+00   0.000000e+00   4.222682e-05  -1.054549e-05   1.401000e-09
   1.348926e-04   2.699573e-03   1.111216e-02  -2.690770e-09   0.000000e+00   0.000000e+00  -0.000000e+00  -3.861430e-10   1.570563e-10   1.363793e-12
   1.348926e-04   1.792590e-02   9.583086e-04  -8.713032e-04   0.000000e+00   0.000000e+00  -0.000000e+00  -3.655076e-06   5.491668e-05   5.680943e-09
   1.348926e-04   1.801678e-02   5.101980e-03  -3.177218e-04   0.000000e+00   0.000000e+00  -0.000000e+00  -6.344147e-05   3.990203e-05   2.825715e-09
   1.348926e-04   1.815711e-02   7.321220e-03  -2.627458e-04   0.000000e+00   0.000000e+00  -0.000000e+00  -1.101724e-04   1.283159e-05   2.658396e-09
   1.348926e-04   1.550384e-02   1.272860e-03  -9.239903e-05   0.000000e+00   0.000000e+00   0.000000e+00  -1.338431e-05   4.421827e-05   1.344693e-09
   1.348926e-04   1.467457e-02   7.646718e-03  -3.418830e-10   0.000000e+00   0.000000e+00  -0.000000e+00   6.149036e-11  -3.757562e-11   2.936179e-13
   1.348926e-04   1.139141e-02   1.814868e-03  -9.771118e-11   0.000000e+00   0.000000e+00   0.000000e+00   4.539723e-11  -1.805437e-11   1.516934e-13
   1.348926e-04   1.579973e-02   4.560797e-03  -8.908204e-11   0.000000e+00   0.000000e+00   0.000000e+00  -4.041662e-23   2.789831e-24   1.426585e-13
   1.348926e-04   1.577810e-02   8.940048e-03  -6.205771e-04   0.000000e+00   0.000000e+00  -0.000000e+00  -1.862820e-04   9.864390e-06   4.345785e-09
   1.348926e-04   1.261232e-02   7.369545e-04  -1.218068e-04   0.000000e+00   0.000000e+00  -0.000000e+00   5.416146e-07   1.781600e-06   1.907659e-09
   1.348926e-04   1.183518e-02   4.840419e-03  -1.271333e-04   0.000000e+00   0.000000e+00  -0.000000e+00   3.154182e-05   4.983429e-05   1.399454e-09
   1.348926e-04   1.162692e-02   7.477407e-03  -2.035524e-04   0.000000e+00   0.000000e+00  -0.000000e+00  -4.002000e-05  -2.267613e-05   2.295928e-09
   1.348926e-04   1.352130e-02   6.508122e-03  -6.771681e-11   0.000000e+00   0.000000e+00   0.000000e+00  -2.757089e-11  -1.965292e-11   1.035788e-13
   1.348926e-04   1.894331e-02   9.412395e-03  -9.947954e-05   0.000000e+00   0.000000e+00  -0.000000e+00  -3.723000e-05   1.268934e-08   1.271252e-09
   1.348926e-04   1.173723e-02   1.759345e-02  -2.261680e-04   0.000000e+00   0.000000e+00  -0.000000e+00  -6.470139e-06  -1.474458e-05   2.448627e-09
   1.348926e-04   1.170188e-02   1.505970e-02  -9.400595e-10   0.000000e+00   0.000000e+00  -0.000000e+00   3.958043e-10  -6.100041e-11   6.322876e-13
   1.348926e-04   1.414525e-02   1.548979e-02  -3.140262e-05   0.000000e+00   0.000000e+00  -0.000000e+00   4.131007e-06   3.398388e-06   5.094725e-10
   1.348926e-04   1.734230e-02   1.500656e-02  -6.032018e-04   0.000000e+00   0.000000e+00  -0.000000e+00  -2.009153e-04  -4.890602e-05   3.462463e-09
   1.348926e-04   1.019510e-02   1.516257e-02  -4.983404e-05   0.000000e+00   0.000000e+00  -0.000000e+00  -2.478639e-06   6.186252e-06   7.757420e-10
   1.348926e-04   1.431885e-02   1.227808e-02  -2.121235e-04   0.000000e+00   0.000000e+00  -0.000000e+00   1.074966e-05   9.855236e-05   2.062952e-09
   1.348926e-04   1.833221e-02   1.196388e-02  -2.205733e-04   0.000000e+00   0.000000e+00  -0.000000e+00  -8.231608e-05   2.911674e-05   2.253523e-09
   1.348926e-04   1.006674e-02   9.724548e-03  -1.248217e-06   0.000000e+00   0.000000e+00  -0.000000e+00   8.240446e-08   2.529940e-07   6.720121e-11
                                               -6.829078e-03   0.000000e+00   0.000000e+00   0.000000e+00  -5.896959e-04   6.331037e-04   1.654915e-09

              2
             23
          pos_x          pos_y          pos_z       normal_x       normal_y       normal_z        tangt_x        tangt_y        tangt_z          pentr
   1.986507e-02   3.355245e-03   3.477917e-03   1.885432e-03   0.000000e+00   0.000000e+00  -0.000000e+00   5.389143e-04   5.860263e-04   7.166175e-09
   1.986507e-02   6.923974e-03   2.222282e-03   1.443387e-03   0.000000e+00   0.000000e+00  -0.000000e+00   4.553141e-04   5.508377e-04   6.961912e-09
   1.986507e-02   2.355109e-03   6.594237e-03   5.904329e-04   0.000000e+00   0.000000e+00  -0.000000e+00   5.504975e-05   5.602014e-05   3.240179e-09
   1.986507e-02   5.322699e-03   5.669912e-03   1.719177e-04   0.000000e+00   0.000000e+00  -0.000000e+00   1.821551e-05   3.651008e-05   1.736341e-09
   1.986507e-02   5.397260e-03   9.535226e-03   8.765395e-10   0.000000e+00   0.000000e+00  -0.000000e+00   5.134886e-11  -3.542324e-10   5.566866e-13
   1.986507e-02   7.104729e-03   8.101173e-03   1.624087e-05   0.000000e+00   0.000000e+00  -0.000000e+00   2.110594e-07   3.162576e-07   3.766117e-10
   1.986507e-02   1.251184e-03   9.416259e-03   3.018466e-04   0.000000e+00   0.000000e+00  -0.000000e+00   1.185649e-04   3.069157e-05   2.771337e-09
   1.986507e-02   9.595769e-03   1.188790e-03   8.209764e-04   0.000000e+00   0.000000e+00  -0.000000e+00   4.826815e-05   3.742957e-04   4.768756e-09
   1.986507e-02   2.313544e-03   1.556300e-02   4.779627e-04   0.000000e+00   0.000000e+00  -0.000000e+00   1.139773e-04  -2.568934e-06   3.602633e-09
   1.986507e-02   4.893415e-03   1.559156e-02   3.988893e-07   0.000000e+00   0.000000e+00  -0.000000e+00   9.255337e-08  -5.169573e-08   3.230861e-11
   1.986507e-02   3.570494e-03   1.200078e-02   3.592861e-09   0.000000e+00   0.000000e+00  -0.000000e+00   6.192555e-10  -4.492277e-10   1.449656e-12
   1.986507e-02   6.613532e-03   1.145315e-02   2.208019e-06   0.000000e+00   0.000000e+00  -0.000000e+00   7.238896e-08  -3.580210e-09   9.173486e-11
   1.986507e-02   9.152750e-03   1.156107e-02   3.802902e-06   0.000000e+00   0.000000e+00  -0.000000e+00   9.805271e-07  -1.161028e-06   1.438282e-10
   1.986507e-02   1.917458e-02   1.260878e-03   2.007034e-04   0.000000e+00   0.000000e+00  -0.000000e+00  -7.739739e-05   5.648210e-05   2.539796e-09
   1.986507e-02   1.799829e-02   6.025521e-03   2.171788e-04   0.000000e+00   0.000000e+00  -0.000000e+00  -1.062996e-04  -2.563417e-06   2.119446e-09
   1.986507e-02   1.399120e-02   8.919668e-04   1.271589e-04   0.000000e+00   0.000000e+00  -0.000000e+00   6.942573e-07   5.535863e-05   1.842547e-09
   1.986507e-02   1.210196e-02   7.519816e-04   3.537738e-04   0.000000e+00   0.000000e+00  -0.000000e+00   3.734348e-05   3.596035e-05   3.775322e-09
   1.986507e-02   1.573364e-02   7.736872e-03   2.421328e-05   0.000000e+00   0.000000e+00  -0.000000e+00   7.243496e-06  -2.842542e-07   4.526995e-10
   1.986507e-02   1.871437e-02   9.971761e-03   3.988874e-04   0.000000e+00   0.000000e+00  -0.000000e+00  -8.332607e-05  -3.777243e-05   2.746499e-09
   1.986507e-02   1.914184e-02   1.659616e-02   2.179168e-04   0.000000e+00   0.000000e+00  -0.000000e+00  -8.777193e-05  -1.927105e-05   2.154256e-09
   1.986507e-02   1.727507e-02   1.429898e-02   6.494629e-06   0.000000e+00   0.000000e+00  -0.000000e+00  -1.956631e-06  -8.374005e-07   1.753019e-10
   1.986507e-02   1.709298e-02   1.217674e-02   2.114231e-06   0.000000e+00   0.000000e+00  -0.000000e+00   6.627864e-07   8.075951e-07   9.513149e-11
   1.986507e-02   1.039238e-02   9.549602e-03   7.639344e-10   0.000000e+00   0.000000e+00  -0.000000e+00  -2.556591e-10   1.329730e-10   4.983167e-13
                                                7.263052e-03   0.000000e+00   0.000000e+00   0.000000e+00   1.038853e-03   1.718792e-03   2.034579e-09

              3
             25
          pos_x          pos_y          pos_z       normal_x       normal_y       normal_z        tangt_x        tangt_y        tangt_z          pentr
   2.427790e-03   1.348949e-04   1.080115e-03   0.000000e+00  -2.337863e-04   0.000000e+00   8.606429e-06  -0.000000e+00   3.461654e-05   2.663653e-09
   6.243983e-03   1.348949e-04   1.047166e-03   0.000000e+00  -6.462871e-04   0.000000e+00  -9.584282e-05  -0.000000e+00   2.363443e-04   5.139358e-09
   7.553190e-04   1.348949e-04   1.958572e-03   0.000000e+00  -1.384437e-04   0.000000e+00   5.388986e-05  -0.000000e+00  -2.918227e-05   2.112159e-09
   7.459164e-03   1.348949e-04   2.735513e-03   0.000000e+00  -1.637682e-04   0.000000e+00   2.797705e-05  -0.000000e+00   7.420093e-05   1.555012e-09
   3.903982e-03   1.348949e-04   2.307608e-03   0.000000e+00  -1.547653e-04   0.000000e+00   2.706483e-05  -0.000000e+00   2.278327e-05   1.837097e-09
   1.526781e-03   1.348949e-04   8.555826e-03   0.000000e+00  -3.327952e-04   0.000000e+00   3.625033e-05  -0.000000e+00   3.485503e-06   2.505077e-09
   9.945677e-04   1.348949e-04   4.200042e-03   0.000000e+00  -2.782131e-10   0.000000e+00  -1.720597e-11  -0.000000e+00   6.763431e-11   2.935153e-13
   5.490498e-03   1.348949e-04   8.298783e-03   0.000000e+00  -1.983501e-10   0.000000e+00   9.451390e-11   0.000000e+00  -3.004678e-11   2.569035e-13
   9.598153e-03   1.348949e-04   1.543640e-03   0.000000e+00  -8.600500e-04   0.000000e+00  -1.468219e-05  -0.000000e+00   1.531462e-05   5.711749e-09
   8.402931e-03   1.348949e-04   9.702773e-03   0.000000e+00  -7.103884e-10   0.000000e+00  -3.326882e-12  -0.000000e+00  -1.476431e-12   5.109915e-13
   1.752646e-03   1.348949e-04   1.451965e-02   0.000000e+00  -1.593065e-04   0.000000e+00   5.089220e-05  -0.000000e+00   1.374585e-05   1.526183e-09
   1.073364e-03   1.348949e-04   1.252460e-02   0.000000e+00  -1.029045e-04   0.000000e+00   2.650210e-05  -0.000000e+00   7.670846e-06   1.731878e-09
   1.008850e-03   1.348949e-04   1.072220e-02   0.000000e+00  -2.033887e-05   0.000000e+00  -2.284016e-08  -0.000000e+00   8.587445e-08   4.520999e-10
   8.198145e-03   1.348949e-04   1.771181e-02   0.000000e+00  -1.046848e-04   0.000000e+00   1.269090e-06  -0.000000e+00  -9.260999e-06   1.517011e-09
   1.747772e-02   1.348949e-04   1.946998e-03   0.000000e+00  -8.795845e-04   0.000000e+00  -9.880979e-05   0.000000e+00   4.285486e-04   5.115123e-09
   1.713620e-02   1.348949e-04   4.809296e-03   0.000000e+00  -4.321438e-04   0.000000e+00  -8.114399e-06  -0.000000e+00  -5.820055e-07   3.008423e-09
   1.848961e-02   1.348949e-04   9.163689e-03   0.000000e+00  -2.408004e-04   0.000000e+00  -1.827395e-05  -0.000000e+00  -2.926879e-06   2.014679e-09
   1.503821e-02   1.348949e-04   3.139071e-03   0.000000e+00  -9.357401e-04   0.000000e+00  -8.526429e-05  -0.000000e+00   2.037130e-04   5.167612e-09
   1.529363e-02   1.348949e-04   1.031161e-03   0.000000e+00  -4.446352e-04   0.000000e+00  -3.611967e-05  -0.000000e+00   1.632573e-04   4.403266e-09
   1.099702e-02   1.348949e-04   6.416026e-03   0.000000e+00  -1.323897e-04   0.000000e+00   2.362964e-05  -0.000000e+00   5.006039e-05   1.609992e-09
   1.428073e-02   1.348949e-04   9.114206e-03   0.000000e+00  -1.897509e-05   0.000000e+00   6.392520e-06  -0.000000e+00   4.413413e-06   3.787598e-10
   1.006156e-02   1.348949e-04   3.881192e-03   0.000000e+00  -3.987656e-04   0.000000e+00  -7.654636e-05  -0.000000e+00   2.249611e-05   2.766574e-09
   1.729117e-02   1.348949e-04   1.561296e-02   0.000000e+00  -4.078991e-04   0.000000e+00  -3.592540e-05  -0.000000e+00   7.082931e-07   2.886058e-09
   1.331573e-02   1.348949e-04   1.511722e-02   0.000000e+00  -4.390848e-08   0.000000e+00  -3.833024e-09  -0.000000e+00  -2.517736e-10   6.775434e-12
   1.575507e-02   1.348949e-04   1.269740e-02   0.000000e+00  -1.861070e-06   0.000000e+00  -1.871794e-08  -0.000000e+00   1.016812e-07   8.158553e-11
                                                0.000000e+00  -6.809970e-03   0.000000e+00  -2.071501e-04   0.000000e+00   1.239594e-03   2.167647e-09

              4
             28
          pos_x          pos_y          pos_z       normal_x       normal_y       normal_z        tangt_x        tangt_y        tangt_z          pentr
   6.315452e-03   1.986507e-02   6.354303e-03   0.000000e+00   1.809144e-09   0.000000e+00   4.802072e-10  -0.000000e+00  -4.820784e-10   8.848582e-13
   4.011351e-03   1.986507e-02   4.422500e-03   0.000000e+00   1.180502e-04   0.000000e+00   3.094957e-06  -0.000000e+00   1.541941e-05   1.205968e-09
   7.857211e-03   1.986507e-02   2.777282e-03   0.000000e+00   5.469142e-04   0.000000e+00   4.838571e-05  -0.000000e+00   1.840963e-04   3.913477e-09
   1.877341e-03   1.986507e-02   5.056194e-03   0.000000e+00   2.457059e-04   0.000000e+00   1.000744e-04  -0.000000e+00   4.938250e-05   2.475425e-09
   1.671138e-03   1.986507e-02   7.293162e-03   0.000000e+00   2.873406e-04   0.000000e+00   1.196220e-04  -0.000000e+00   9.691515e-06   2.990556e-09
   4.950545e-03   1.986507e-02   1.351798e-03   0.000000e+00   1.166548e-04   0.000000e+00   7.713189e-06  -0.000000e+00   5.983935e-06   1.277904e-09
   8.266244e-03   1.986507e-02   9.101831e-03   0.000000e+00   8.024654e-05   0.000000e+00   2.390708e-05  -0.000000e+00   2.121433e-06   9.399707e-10
   8.753973e-04   1.986507e-02   9.413458e-03   0.000000e+00   1.240875e-04   0.000000e+00   2.718008e-05  -0.000000e+00   1.199638e-07   1.748884e-09
   4.981738e-03   1.986507e-02   1.551871e-02   0.000000e+00   1.454673e-04   0.000000e+00   3.838491e-05  -0.000000e+00   1.100779e-05   1.719750e-09
   2.397959e-03   1.986507e-02   1.562592e-02   0.000000e+00   6.706938e-04   0.000000e+00   1.695516e-04  -0.000000e+00   4.747486e-05   3.939355e-09
   1.754516e-03   1.986507e-02   1.142117e-02   0.000000e+00   2.081508e-04   0.000000e+00   2.684677e-05  -0.000000e+00  -8.484000e-06   2.045925e-09
   4.270273e-03   1.986507e-02   9.684191e-03   0.000000e+00   5.795564e-04   0.000000e+00   1.051557e-04  -0.000000e+00   3.133795e-05   3.040108e-09
   1.903727e-02   1.986507e-02   7.547912e-04   0.000000e+00   3.573705e-04   0.000000e+00  -8.338498e-05  -0.000000e+00   9.599929e-05   3.329698e-09
   1.833910e-02   1.986507e-02   6.072691e-03   0.000000e+00   2.655100e-04   0.000000e+00  -1.069176e-04  -0.000000e+00   3.405032e-06   2.765883e-09
   1.604147e-02   1.986507e-02   3.025240e-03   0.000000e+00   1.069763e-06   0.000000e+00  -3.564469e-07  -0.000000e+00   2.131916e-07   6.032582e-11
   1.545484e-02   1.986507e-02   1.078933e-03   0.000000e+00   8.695814e-05   0.000000e+00  -8.585132e-06  -0.000000e+00   2.807766e-05   1.191282e-09
   1.391980e-02   1.986507e-02   2.002089e-03   0.000000e+00   2.606453e-04   0.000000e+00   4.753476e-06  -0.000000e+00   7.220042e-05   2.410563e-09
   1.503538e-02   1.986507e-02   7.934745e-03   0.000000e+00   5.148672e-06   0.000000e+00   5.406566e-07  -0.000000e+00   2.345001e-08   1.748456e-10
   1.182879e-02   1.986507e-02   2.264403e-03   0.000000e+00   5.682608e-10   0.000000e+00  -9.879204e-11  -0.000000e+00   2.641172e-11   3.435655e-13
   1.352748e-02   1.986507e-02   6.192071e-03   0.000000e+00   2.893635e-05   0.000000e+00   1.104064e-05  -0.000000e+00  -3.839609e-06   6.529130e-10
   1.121537e-02   1.986507e-02   5.573264e-03   0.000000e+00   2.815409e-05   0.000000e+00  -7.695589e-06  -0.000000e+00   2.634998e-06   5.073021e-10
   1.554794e-02   1.986507e-02   5.746574e-03   0.000000e+00   1.356584e-08   0.000000e+00   4.476461e-09   0.000000e+00   5.096005e-09   4.075292e-12
   1.029695e-02   1.986507e-02   1.251790e-03   0.000000e+00   9.103908e-05   0.000000e+00   4.801229e-06  -0.000000e+00   2.094909e-05   1.472541e-09
   1.906121e-02   1.986507e-02   1.029148e-02   0.000000e+00   2.260990e-04   0.000000e+00  -2.018465e-05  -0.000000e+00   5.869730e-06   2.430418e-09
   1.463583e-02   1.986507e-02   1.057161e-02   0.000000e+00   1.330639e-10   0.000000e+00  -6.795136e-24   0.000000e+00   5.483851e-24   1.635497e-13
   1.182731e-02   1.986507e-02   1.688868e-02   0.000000e+00   1.263378e-06   0.000000e+00   5.710740e-07   0.000000e+00  -2.700104e-07   7.028008e-11
   1.920130e-02   1.986507e-02   1.675752e-02   0.000000e+00   2.374561e-04   0.000000e+00  -9.501673e-05  -0.000000e+00   2.311959e-05   2.432431e-09
   1.672087e-02   1.986507e-02   1.322003e-02   0.000000e+00   8.572300e-06   0.000000e+00   4.544897e-07  -0.000000e+00  -3.813762e-06   1.967602e-10
                                                0.000000e+00   4.721107e-03   0.000000e+00   3.699416e-04   0.000000e+00   5.927254e-04   1.535644e-09

              5
             33
          pos_x          pos_y          pos_z       normal_x       normal_y       normal_z        tangt_x        tangt_y        tangt_z          pentr
   2.517288e-03   1.617251e-03   1.349098e-04   0.000000e+00   0.000000e+00  -6.667364e-04   1.998765e-05   5.104342e-05  -0.000000e+00   3.958080e-09
   6.335584e-03   1.557399e-03   1.349098e-04   0.000000e+00   0.000000e+00  -7.383686e-04  -7.463810e-05   2.106315e-04  -0.000000e+00   4.138847e-09
   1.384056e-03   3.197575e-03   1.349098e-04   0.000000e+00   0.000000e+00  -9.825669e-05   3.019043e-05  -2.623665e-08  -0.000000e+00   1.439284e-09
   6.089234e-03   8.906104e-03   1.349098e-04   0.000000e+00   0.000000e+00  -1.072628e-04  -4.538900e-06   3.009748e-05  -0.000000e+00   1.575779e-09
   1.257555e-03   9.625345e-03   1.349098e-04   0.000000e+00   0.000000e+00  -3.937763e-04   3.579072e-05   1.676628e-05  -0.000000e+00   2.956827e-09
   6.757997e-04   6.342871e-03   1.349098e-04   0.000000e+00   0.000000e+00  -8.977348e-05   1.921032e-05  -6.746395e-06  -0.000000e+00   1.292967e-09
   2.545180e-03   6.716864e-03   1.349098e-04   0.000000e+00   0.000000e+00  -7.754346e-05   7.845846e-06  -2.507280e-06  -0.000000e+00   1.043942e-09
   3.972516e-03   8.943086e-03   1.349098e-04   0.000000e+00   0.000000e+00  -1.125058e-04   2.388820e-05  -2.966599e-05  -0.000000e+00   1.147764e-09
   9.257429e-03   2.373395e-03   1.349098e-04   0.000000e+00   0.000000e+00  -7.303743e-04  -1.841512e-04   2.947348e-04  -0.000000e+00   3.730510e-09
   1.187132e-03   1.827123e-02   1.349098e-04   0.000000e+00   0.000000e+00  -8.245062e-04   3.361817e-04  -7.557417e-05  -0.000000e+00   4.521566e-09
   2.434992e-03   1.672491e-02   1.349098e-04   0.000000e+00   0.000000e+00  -1.294205e-04   4.690455e-05  -2.097234e-05  -0.000000e+00   1.632738e-09
   6.376557e-03   1.812942e-02   1.349098e-04   0.000000e+00   0.000000e+00  -1.590024e-04   2.434372e-05  -9.689750e-06  -0.000000e+00   1.680891e-09
   1.161052e-03   1.584934e-02   1.349098e-04   0.000000e+00   0.000000e+00  -1.022550e-04   4.373847e-05   1.466432e-05  -0.000000e+00   1.567399e-09
   6.935418e-03   1.481586e-02   1.349098e-04   0.000000e+00   0.000000e+00  -8.371883e-05   1.608191e-05  -6.491472e-06  -0.000000e+00   1.120940e-09
   1.066072e-03   1.245066e-02   1.349098e-04   0.000000e+00   0.000000e+00  -8.009076e-05   6.342494e-06  -1.041563e-06  -0.000000e+00   1.064619e-09
   7.150773e-03   1.088896e-02   1.349098e-04   0.000000e+00   0.000000e+00  -3.112780e-06  -1.346333e-06   4.261070e-07  -0.000000e+00   1.093674e-10
   1.778270e-02   5.723711e-03   1.349098e-04   0.000000e+00   0.000000e+00  -7.523208e-04  -1.840408e-04  -8.712585e-05  -0.000000e+00   4.560243e-09
   1.691388e-02   2.088755e-03   1.349098e-04   0.000000e+00   0.000000e+00  -2.477670e-03  -4.648127e-04   1.081895e-03  -0.000000e+00   9.972831e-09
   1.842230e-02   3.823825e-03   1.349098e-04   0.000000e+00   0.000000e+00  -8.531419e-05   4.970238e-06  -1.161010e-06  -0.000000e+00   1.122869e-09
   1.505203e-02   1.340258e-03   1.349098e-04   0.000000e+00   0.000000e+00  -2.580224e-04  -2.856656e-05   5.061115e-05  -0.000000e+00   2.494339e-09
   1.873176e-02   9.115982e-03   1.349098e-04   0.000000e+00   0.000000e+00  -2.888244e-04  -7.051217e-06   5.870368e-07  -0.000000e+00   2.214593e-09
   1.081948e-02   6.409517e-03   1.349098e-04   0.000000e+00   0.000000e+00  -7.261335e-05  -1.333914e-06   9.062123e-07  -0.000000e+00   9.034503e-10
   1.870159e-02   1.933078e-02   1.349098e-04   0.000000e+00   0.000000e+00  -2.184275e-04  -4.718388e-05  -7.473405e-05  -0.000000e+00   2.605770e-09
   1.907705e-02   1.396201e-02   1.349098e-04   0.000000e+00   0.000000e+00  -1.291965e-04  -7.529065e-06  -8.769932e-07  -0.000000e+00   1.807654e-09
   1.575202e-02   1.908179e-02   1.349098e-04   0.000000e+00   0.000000e+00  -1.048772e-04   1.546659e-05  -4.083606e-05  -0.000000e+00   1.576326e-09
   1.384164e-02   1.827772e-02   1.349098e-04   0.000000e+00   0.000000e+00  -3.147551e-04  -5.387884e-06  -6.995856e-05  -0.000000e+00   3.034848e-09
   1.897585e-02   1.176952e-02   1.349098e-04   0.000000e+00   0.000000e+00  -4.531269e-04  -5.310197e-05   2.681706e-05  -0.000000e+00   3.424879e-09
   1.155050e-02   1.664331e-02   1.349098e-04   0.000000e+00   0.000000e+00  -2.684412e-05  -9.124702e-06  -3.480290e-06  -0.000000e+00   5.419958e-10
   1.386921e-02   1.276657e-02   1.349098e-04   0.000000e+00   0.000000e+00  -1.134917e-09   3.545550e-11  -3.194004e-10  -0.000000e+00   6.459309e-13
   1.158595e-02   1.423967e-02   1.349098e-04   0.000000e+00   0.000000e+00  -1.292784e-10  -5.053744e-11   5.194391e-12  -0.000000e+00   1.703126e-13
   1.507664e-02   1.409687e-02   1.349098e-04   0.000000e+00   0.000000e+00  -5.622531e-10   1.143675e-10  -1.748648e-10  -0.000000e+00   4.349796e-13
   1.107876e-02   1.070707e-02   1.349098e-04   0.000000e+00   0.000000e+00  -1.851015e-04   1.388279e-05  -3.705242e-05  -0.000000e+00   1.446368e-09
   1.005366e-02   1.887783e-02   1.349098e-04   0.000000e+00   0.000000e+00  -1.030736e-04  -4.378811e-06  -1.749090e-05  -0.000000e+00   1.722053e-09
                                                0.000000e+00   0.000000e+00  -9.866874e-03  -4.323602e-04   1.293748e-03   0.000000e+00   2.133666e-09

              6
             19
          pos_x          pos_y          pos_z       normal_x       normal_y       normal_z        tangt_x        tangt_y        tangt_z          pentr
   2.012992e-03   8.643385e-03   1.894659e-02   0.000000e+00   0.000000e+00   4.192466e-04   1.628234e-04   2.545199e-05  -0.000000e+00   2.628472e-09
   6.131773e-03   8.530114e-03   1.894659e-02   0.000000e+00   0.000000e+00   2.395560e-09  -4.174678e-11  -1.197052e-09   0.000000e+00   1.205432e-12
   8.056300e-03   4.021754e-03   1.894659e-02   0.000000e+00   0.000000e+00   3.710861e-10   2.347071e-11   4.588562e-12  -0.000000e+00   3.625711e-13
   5.538553e-03   4.569312e-03   1.894659e-02   0.000000e+00   0.000000e+00   1.487811e-05   4.370842e-06   2.016997e-06  -0.000000e+00   3.335978e-10
   7.780154e-03   6.338735e-03   1.894659e-02   0.000000e+00   0.000000e+00   2.394397e-05   4.029045e-06   5.434992e-06  -0.000000e+00   5.349874e-10
   8.052861e-03   1.271719e-03   1.894659e-02   0.000000e+00   0.000000e+00   1.134818e-04  -1.323160e-06   1.048278e-05  -0.000000e+00   1.702727e-09
   1.838189e-03   1.233680e-02   1.894659e-02   0.000000e+00   0.000000e+00   1.794067e-04   2.689809e-05   9.962373e-06  -0.000000e+00   1.762318e-09
   2.957582e-03   1.585201e-02   1.894659e-02   0.000000e+00   0.000000e+00   2.305805e-04  -6.454011e-05  -1.559670e-05  -0.000000e+00   1.658158e-09
   5.397978e-03   1.405234e-02   1.894659e-02   0.000000e+00   0.000000e+00   3.971633e-09   1.128532e-09   1.633978e-09   0.000000e+00   1.729009e-12
   3.789375e-03   1.261733e-02   1.894659e-02   0.000000e+00   0.000000e+00   3.771206e-10  -7.738184e-11  -5.182166e-12  -0.000000e+00   3.731321e-13
   7.360320e-03   1.347950e-02   1.894659e-02   0.000000e+00   0.000000e+00   1.652533e-05   3.719719e-07  -1.036614e-06  -0.000000e+00   3.223789e-10
   7.702036e-03   1.031109e-02   1.894659e-02   0.000000e+00   0.000000e+00   5.034681e-04  -1.207685e-04   9.433522e-05  -0.000000e+00   3.156855e-09
   1.329224e-02   3.891237e-03   1.894659e-02   0.000000e+00   0.000000e+00   1.739502e-05  -3.285164e-06  -7.660198e-06  -0.000000e+00   2.982750e-10
   1.320238e-02   1.506096e-02   1.894659e-02   0.000000e+00   0.000000e+00   9.346033e-06  -2.200305e-06  -1.934010e-06  -0.000000e+00   2.204997e-10
   1.229895e-02   1.283405e-02   1.894659e-02   0.000000e+00   0.000000e+00   2.667568e-09   1.333751e-09  -9.386018e-12   0.000000e+00   1.332948e-12
   1.503780e-02   1.820417e-02   1.894659e-02   0.000000e+00   0.000000e+00   1.809433e-06  -3.438038e-07  -1.978528e-07  -0.000000e+00   8.365195e-11
   1.094352e-02   1.854913e-02   1.894659e-02   0.000000e+00   0.000000e+00   4.201156e-06  -4.030962e-07  -8.434659e-08  -0.000000e+00   1.502464e-10
   1.034688e-02   1.245205e-02   1.894659e-02   0.000000e+00   0.000000e+00   2.757538e-05   1.037475e-05  -8.176019e-06  -0.000000e+00   6.443689e-10
   1.370532e-02   9.870448e-03   1.894659e-02   0.000000e+00   0.000000e+00   6.461372e-06   8.186378e-07  -2.562176e-06  -0.000000e+00   2.260234e-10
                                                0.000000e+00   0.000000e+00   1.568329e-03   1.682495e-05   1.104369e-04   0.000000e+00   7.225033e-10

