              6

              1
             34
          pos_x          pos_y          pos_z       normal_x       normal_y       normal_z        tangt_x        tangt_y        tangt_z          pentr
   2.340536e-04   3.333511e-03   1.297424e-03  -3.149402e-04   0.000000e+00   0.000000e+00  -0.000000e+00   2.413955e-05   9.368266e-05   3.458768e-09
   2.340536e-04   9.065914e-03   1.466737e-03  -5.459036e-04   0.000000e+00   0.000000e+00  -0.000000e+00  -3.141035e-05   1.388242e-04   3.301937e-09
   2.340536e-04   1.277514e-03   2.238699e-03  -4.084415e-09   0.000000e+00   0.000000e+00   0.000000e+00  -1.471177e-09   1.416421e-09   1.472740e-12
   2.340536e-04   3.882808e-03   2.684007e-03  -1.600413e-10   0.000000e+00   0.000000e+00  -0.000000e+00  -4.810237e-11   5.670149e-11   1.772328e-13
   2.340536e-04   6.233797e-03   8.008014e-04  -7.271309e-09   0.000000e+00   0.000000e+00   0.000000e+00   3.314384e-09   1.494270e-09   2.565638e-12
   2.340536e-04   1.520610e-03   6.410154e-03  -1.100219e-03   0.000000e+00   0.000000e+00  -0.000000e+00   2.587015e-04   1.693439e-04   7.303025e-09
   2.340536e-04   6.093315e-03   5.556706e-03  -4.869235e-04   0.000000e+00   0.000000e+00  -0.000000e+00   7.365745e-05   7.565798e-05   3.186783e-09
   2.340536e-04   1.332696e-03   9.186139e-03  -4.254760e-04   0.000000e+00   0.000000e+00  -0.000000e+00   5.193372e-05   3.337134e-05   3.569103e-09
   2.340536e-04   1.254868e-03   4.096414e-03  -9.373242e-05   0.000000e+00   0.000000e+00  -0.000000e+00   4.421770e-05   6.813797e-06   1.301196e-09
   2.340536e-04   6.637188e-03   8.187610e-03  -3.703291e-09   0.000000e+00   0.000000e+00   0.000000e+00   1.839109e-09   2.151046e-10   1.568223e-12
   2.340536e-04   4.998612e-03   7.599711e-03  -1.795993e-10   0.000000e+00   0.000000e+00  -0.000000e+00  -3.344559e-12  -2.397729e-11   1.823824e-13
   2.340536e-04   6.709797e-03   1.086304e-02  -1.803139e-04   0.000000e+00   0.000000e+00  -0.000000e+00   2.513995e-05   5.724785e-05   1.865772e-09
   2.340536e-04   8.473787e-03   1.740388e-02  -7.195751e-04   0.000000e+00   0.000000e+00  -0.000000e+00  -3.028276e-05  -1.082541e-04   4.575497e-09
   2.340536e-04   1.316963e-03   1.684208e-02  -9.539761e-05   0.000000e+00   0.000000e+00  -0.000000e+00   2.760540e-05  -7.957411e-06   1.446796e-09
   2.340536e-04   5.705663e-03   1.580792e-02  -1.156029e-06   0.000000e+00   0.000000e+00  -0.000000e+00  -5.512991e-07   1.060179e-07   5.043075e-11
   2.340536e-04   1.263872e-03   1.406923e-02  -2.440597e-04   0.000000e+00   0.000000e+00  -0.000000e+00   7.045512e-05  -2.986707e-05   2.712311e-09
   2.340536e-04   1.784848e-02   1.052874e-03  -1.980968e-03   0.000000e+00   0.000000e+00  -0.000000e+00  -1.105905e-04   3.237419e-04   9.853820e-09
   2.340536e-04   1.423803e-02   5.114273e-03  -8.018872e-07   0.000000e+00   0.000000e+00  -0.000000e+00  -1.734723e-07   9.692850e-08   6.238787e-11
   2.340536e-04   1.790219e-02   5.247568e-03  -3.400606e-04   0.000000e+00   0.000000e+00  -0.000000e+00  -5.207867e-05   4.529801e-05   2.933730e-09
   2.340536e-04   1.806038e-02   7.456424e-03  -2.926853e-04   0.000000e+00   0.000000e+00  -0.000000e+00  -8.413357e-05   1.440838e-05   2.853970e-09
   2.340536e-04   1.542350e-02   1.342226e-03  -9.044193e-05   0.000000e+00   0.000000e+00  -0.000000e+00  -7.499511e-06   2.204621e-05   1.330633e-09
   2.340536e-04   1.142806e-02   1.992102e-03  -1.399321e-05   0.000000e+00   0.000000e+00  -0.000000e+00   3.400282e-06   7.689123e-07   3.951059e-10
   2.340536e-04   1.573211e-02   9.018415e-03  -1.249611e-09   0.000000e+00   0.000000e+00  -0.000000e+00   1.419760e-11   5.962352e-11   6.941574e-13
   2.340536e-04   1.254966e-02   8.290530e-04  -1.177295e-04   0.000000e+00   0.000000e+00  -0.000000e+00   1.760285e-05   5.559711e-05   1.836134e-09
   2.340536e-04   1.180102e-02   4.952474e-03  -1.773695e-04   0.000000e+00   0.000000e+00  -0.000000e+00   5.862608e-05   1.766656e-05   1.764748e-09
   2.340536e-04   1.159644e-02   7.571680e-03  -3.323691e-05   0.000000e+00   0.000000e+00  -0.000000e+00   2.579303e-06  -9.818123e-06   6.911540e-10
   2.340536e-04   1.348156e-02   6.769387e-03  -1.260335e-09   0.000000e+00   0.000000e+00   0.000000e+00  -1.395907e-10   6.145123e-10   7.052926e-13
   2.340536e-04   1.161729e-02   9.288097e-03  -7.050987e-05   0.000000e+00   0.000000e+00  -0.000000e+00   2.313691e-05  -2.163070e-05   1.367673e-09
   2.340536e-04   1.170688e-02   1.753284e-02  -2.290090e-04   0.000000e+00   0.000000e+00  -0.000000e+00  -1.578448e-05  -3.665638e-05   2.469178e-09
   2.340536e-04   1.410320e-02   1.555906e-02  -1.224283e-09   0.000000e+00   0.000000e+00  -0.000000e+00   2.004437e-11  -4.386047e-12   5.885414e-13
   2.340536e-04   1.722967e-02   1.482623e-02  -9.502309e-04   0.000000e+00   0.000000e+00  -0.000000e+00  -2.180618e-04  -6.354441e-05   4.662048e-09
   2.340536e-04   1.428972e-02   1.237599e-02  -2.176128e-04   0.000000e+00   0.000000e+00  -0.000000e+00   1.590380e-05   1.002705e-04   2.100989e-09
   2.340536e-04   1.817692e-02   1.221520e-02  -2.404795e-04   0.000000e+00   0.000000e+00  -0.000000e+00  -9.647269e-05   2.531051e-05   2.395292e-09
   2.340536e-04   1.022091e-02   1.003613e-02  -8.440564e-07   0.000000e+00   0.000000e+00  -0.000000e+00   3.441127e-07   1.778188e-07   5.174690e-11
                                               -8.963689e-03   0.000000e+00   0.000000e+00   0.000000e+00   5.040808e-05   9.027063e-04   1.986711e-09

              2
             21
          pos_x          pos_y          pos_z       normal_x       normal_y       normal_z        tangt_x        tangt_y        tangt_z          pentr
   1.976508e-02   3.501572e-03   3.542564e-03   2.012243e-03   0.000000e+00   0.000000e+00  -0.000000e+00   8.763218e-05   7.370709e-05   7.480962e-09
   1.976508e-02   7.007067e-03   2.382581e-03   1.184001e-03   0.000000e+00   0.000000e+00  -0.000000e+00   2.883704e-04   4.032781e-04   6.067090e-09
   1.976508e-02   2.394751e-03   6.452139e-03   3.228518e-04   0.000000e+00   0.000000e+00  -0.000000e+00   6.241749e-05   6.377407e-07   2.207728e-09
   1.976508e-02   5.657580e-03   5.557312e-03   1.860565e-05   0.000000e+00   0.000000e+00  -0.000000e+00   1.269524e-06   2.527509e-06   3.889526e-10
   1.976508e-02   9.613127e-03   5.977070e-03   1.885124e-08   0.000000e+00   0.000000e+00  -0.000000e+00   9.383293e-11  -7.354202e-11   3.987241e-12
   1.976508e-02   7.300828e-03   8.103035e-03   2.362790e-05   0.000000e+00   0.000000e+00  -0.000000e+00   1.497254e-06  -3.259046e-07   4.871595e-10
   1.976508e-02   9.763745e-03   1.375344e-03   3.040796e-04   0.000000e+00   0.000000e+00  -0.000000e+00   7.218050e-05  -5.414119e-05   2.399640e-09
   1.976508e-02   1.356192e-03   9.621358e-03   5.219977e-04   0.000000e+00   0.000000e+00  -0.000000e+00   2.081419e-04   5.437039e-05   3.980212e-09
   1.976508e-02   2.385650e-03   1.521116e-02   4.717633e-04   0.000000e+00   0.000000e+00  -0.000000e+00   1.886212e-04   8.413056e-06   3.602161e-09
   1.976508e-02   4.838452e-03   1.558916e-02   1.499301e-07   0.000000e+00   0.000000e+00  -0.000000e+00   3.963818e-08  -4.225389e-09   1.653111e-11
   1.976508e-02   9.329771e-03   1.148742e-02   1.121823e-05   0.000000e+00   0.000000e+00  -0.000000e+00  -1.347711e-06   3.604521e-06   2.871444e-10
   1.976508e-02   1.910559e-02   1.348015e-03   3.006521e-04   0.000000e+00   0.000000e+00  -0.000000e+00  -8.141532e-06   5.769720e-06   3.358763e-09
   1.976508e-02   1.459269e-02   4.358446e-03   4.639624e-06   0.000000e+00   0.000000e+00  -0.000000e+00  -4.744960e-07  -1.985838e-06   1.614781e-10
   1.976508e-02   1.793563e-02   4.484166e-03   2.915765e-08   0.000000e+00   0.000000e+00  -0.000000e+00   1.356914e-09  -4.782611e-09   6.795176e-12
   1.976508e-02   1.807880e-02   5.882100e-03   1.856289e-04   0.000000e+00   0.000000e+00  -0.000000e+00  -8.380167e-05  -2.412526e-05   1.937417e-09
   1.976508e-02   1.398774e-02   9.852742e-04   1.103567e-04   0.000000e+00   0.000000e+00  -0.000000e+00   2.108647e-07   6.208223e-06   1.680398e-09
   1.976508e-02   1.253197e-02   4.945058e-03   6.180037e-06   0.000000e+00   0.000000e+00  -0.000000e+00   2.424631e-06   5.223490e-07   1.609823e-10
   1.976508e-02   1.208210e-02   8.165106e-04   1.018067e-04   0.000000e+00   0.000000e+00  -0.000000e+00   2.159915e-05   4.282261e-05   1.631936e-09
   1.976508e-02   1.474660e-02   1.686149e-02   4.293822e-04   0.000000e+00   0.000000e+00  -0.000000e+00  -1.857733e-05  -9.012700e-05   2.720265e-09
   1.976508e-02   1.903468e-02   1.671885e-02   2.220335e-04   0.000000e+00   0.000000e+00  -0.000000e+00  -3.538273e-06  -4.997166e-07   2.147029e-09
   1.976508e-02   1.646740e-02   1.169734e-02   2.854942e-09   0.000000e+00   0.000000e+00  -0.000000e+00  -8.586882e-10   5.749936e-10   1.281718e-12
                                                6.231268e-03   0.000000e+00   0.000000e+00   0.000000e+00   8.185243e-04   4.306479e-04   1.939424e-09

              3
             30
          pos_x          pos_y          pos_z       normal_x       normal_y       normal_z        tangt_x        tangt_y        tangt_z          pentr
   2.476832e-03   2.328671e-04   1.169047e-03   0.000000e+00  -3.801647e-04   0.000000e+00  -7.640579e-06  -0.000000e+00   2.161495e-05   3.693755e-09
   6.218483e-03   2.328671e-04   1.124698e-03   0.000000e+00  -4.570068e-04   0.000000e+00   3.158603e-05  -0.000000e+00   1.178460e-04   4.089752e-09
   7.372519e-03   2.328671e-04   2.917816e-03   0.000000e+00  -4.302936e-04   0.000000e+00  -1.898096e-04  -0.000000e+00   4.382025e-05   2.928731e-09
   4.115651e-03   2.328671e-04   2.293738e-03   0.000000e+00  -1.398938e-04   0.000000e+00   3.596151e-05  -0.000000e+00   2.513261e-05   1.692420e-09
   1.859818e-03   2.328671e-04   6.517407e-03   0.000000e+00  -7.170442e-04   0.000000e+00   2.438628e-04  -0.000000e+00   3.392422e-05   4.804800e-09
   1.618184e-03   2.328671e-04   8.647180e-03   0.000000e+00  -5.040803e-04   0.000000e+00   1.884604e-04  -0.000000e+00   1.030999e-04   3.314804e-09
   1.049262e-03   2.328671e-04   3.938273e-03   0.000000e+00  -1.174349e-04   0.000000e+00   2.575877e-05  -0.000000e+00  -4.948281e-06   1.752180e-09
   9.529272e-03   2.328671e-04   1.673313e-03   0.000000e+00  -1.517122e-03   0.000000e+00  -2.233788e-04  -0.000000e+00   7.216609e-04   8.340501e-09
   8.177345e-03   2.328671e-04   9.435488e-03   0.000000e+00  -1.668912e-04   0.000000e+00   1.658309e-06  -0.000000e+00   9.733834e-06   1.864649e-09
   1.277932e-03   2.328671e-04   1.716026e-02   0.000000e+00  -9.916853e-05   0.000000e+00   3.384666e-05  -0.000000e+00   1.044897e-05   1.492277e-09
   4.197276e-03   2.328671e-04   1.550455e-02   0.000000e+00  -2.042709e-05   0.000000e+00   4.195869e-06  -0.000000e+00   6.696746e-07   5.070593e-10
   1.822892e-03   2.328671e-04   1.450582e-02   0.000000e+00  -1.576852e-04   0.000000e+00   5.442602e-05  -0.000000e+00   1.479811e-05   1.508236e-09
   5.651858e-03   2.328671e-04   1.388989e-02   0.000000e+00  -1.017856e-06   0.000000e+00  -3.839182e-07  -0.000000e+00  -8.931588e-08   6.817825e-11
   8.480097e-03   2.328671e-04   1.278473e-02   0.000000e+00  -2.230901e-05   0.000000e+00   4.305224e-06  -0.000000e+00   8.388277e-06   3.997667e-10
   2.693078e-03   2.328671e-04   1.286198e-02   0.000000e+00  -1.327550e-10   0.000000e+00   2.989472e-22   0.000000e+00  -2.176196e-22   1.854612e-13
   1.189047e-03   2.328671e-04   1.087105e-02   0.000000e+00  -2.894151e-05   0.000000e+00  -7.748986e-07  -0.000000e+00   3.139605e-06   5.598076e-10
   5.710987e-03   2.328671e-04   1.112851e-02   0.000000e+00  -1.974749e-06   0.000000e+00   5.673751e-07  -0.000000e+00  -4.295623e-07   1.094826e-10
   8.297600e-03   2.328671e-04   1.762963e-02   0.000000e+00  -1.029961e-04   0.000000e+00   6.575313e-07  -0.000000e+00  -4.710740e-06   1.512821e-09
   1.837903e-02   2.328671e-04   6.425759e-03   0.000000e+00  -5.047841e-04   0.000000e+00  -1.688349e-04  -0.000000e+00  -3.832869e-06   4.012180e-09
   1.738912e-02   2.328671e-04   2.048504e-03   0.000000e+00  -1.986522e-04   0.000000e+00  -3.250752e-05  -0.000000e+00   5.921356e-05   1.889403e-09
   1.698520e-02   2.328671e-04   4.924358e-03   0.000000e+00  -7.743998e-04   0.000000e+00  -2.546932e-04  -0.000000e+00   2.376878e-04   4.440863e-09
   1.497220e-02   2.328671e-04   3.252631e-03   0.000000e+00  -7.715921e-04   0.000000e+00   2.778630e-07  -0.000000e+00   1.885656e-04   4.561490e-09
   1.521142e-02   2.328671e-04   1.067139e-03   0.000000e+00  -4.518607e-04   0.000000e+00  -3.243689e-05  -0.000000e+00   1.483071e-04   4.451762e-09
   1.101301e-02   2.328671e-04   6.452787e-03   0.000000e+00  -2.210144e-04   0.000000e+00   3.829378e-05  -0.000000e+00   9.202131e-06   2.274990e-09
   1.438219e-02   2.328671e-04   9.484687e-03   0.000000e+00  -4.169345e-05   0.000000e+00  -1.235471e-05  -0.000000e+00   1.531133e-05   6.422046e-10
   1.836796e-02   2.328671e-04   9.507980e-03   0.000000e+00  -3.992048e-04   0.000000e+00  -4.670185e-05  -0.000000e+00   5.900533e-06   2.807627e-09
   1.423594e-02   2.328671e-04   1.149512e-02   0.000000e+00  -1.146436e-10   0.000000e+00   3.307303e-11  -0.000000e+00  -4.213442e-11   1.516015e-13
   1.722246e-02   2.328671e-04   1.511598e-02   0.000000e+00  -3.995416e-04   0.000000e+00  -1.582023e-05  -0.000000e+00  -5.109231e-07   2.875077e-09
   1.378431e-02   2.328671e-04   1.511353e-02   0.000000e+00  -4.081516e-05   0.000000e+00   5.973010e-06  -0.000000e+00   1.873363e-05   6.564050e-10
   9.791258e-03   2.328671e-04   1.587240e-02   0.000000e+00  -1.950872e-08   0.000000e+00  -4.161215e-09   0.000000e+00   8.822233e-09   3.794914e-12
                                                0.000000e+00  -8.668029e-03   0.000000e+00  -3.155100e-04   0.000000e+00   1.782686e-03   2.241845e-09

              4
             27
          pos_x          pos_y          pos_z       normal_x       normal_y       normal_z        tangt_x        tangt_y        tangt_z          pentr
   2.192579e-03   1.976508e-02   2.692312e-03   0.000000e+00   2.870454e-04   0.000000e+00   3.015539e-05  -0.000000e+00   1.361927e-04   2.368766e-09
   6.331429e-03   1.976508e-02   6.409640e-03   0.000000e+00   8.451033e-06   0.000000e+00  -1.361300e-07  -0.000000e+00   1.528821e-06   2.484762e-10
   4.239506e-03   1.976508e-02   4.642974e-03   0.000000e+00   5.231273e-04   0.000000e+00   1.055041e-04  -0.000000e+00   2.124358e-04   3.258212e-09
   7.784582e-03   1.976508e-02   2.866799e-03   0.000000e+00   2.608294e-04   0.000000e+00   3.444520e-05  -0.000000e+00   5.831976e-05   2.398898e-09
   1.972469e-03   1.976508e-02   5.190191e-03   0.000000e+00   3.974873e-04   0.000000e+00   2.849840e-05  -0.000000e+00   3.143714e-05   3.410323e-09
   1.761032e-03   1.976508e-02   7.371976e-03   0.000000e+00   2.984863e-04   0.000000e+00   1.375417e-04  -0.000000e+00   9.665896e-06   3.071839e-09
   5.065110e-03   1.976508e-02   1.496866e-03   0.000000e+00   8.087120e-04   0.000000e+00   1.919433e-04  -0.000000e+00   1.399972e-04   4.624554e-09
   1.019792e-02   1.976508e-02   1.386772e-03   0.000000e+00   8.980106e-05   0.000000e+00   1.510185e-06  -0.000000e+00   7.517816e-06   1.405316e-09
   8.865362e-03   1.976508e-02   1.773177e-02   0.000000e+00   1.584339e-10   0.000000e+00   4.975341e-11  -0.000000e+00   9.092062e-12   2.033200e-13
   5.143683e-03   1.976508e-02   1.548585e-02   0.000000e+00   3.008701e-04   0.000000e+00   9.775874e-05  -0.000000e+00  -1.929304e-05   2.787500e-09
   2.522675e-03   1.976508e-02   1.546767e-02   0.000000e+00   6.714832e-04   0.000000e+00   1.685563e-05  -0.000000e+00   3.866835e-06   3.915452e-09
   1.006066e-02   1.976508e-02   1.520210e-02   0.000000e+00   1.073169e-05   0.000000e+00   3.609273e-07  -0.000000e+00   5.231224e-08   2.176215e-10
   6.115872e-03   1.976508e-02   1.262877e-02   0.000000e+00   1.230606e-04   0.000000e+00   1.415562e-05  -0.000000e+00  -2.451273e-05   1.281094e-09
   1.970401e-03   1.976508e-02   1.180010e-02   0.000000e+00   2.184214e-04   0.000000e+00   4.746362e-05  -0.000000e+00  -1.090229e-05   2.133421e-09
   1.892687e-02   1.976508e-02   8.621513e-04   0.000000e+00   3.621557e-04   0.000000e+00  -1.227890e-04  -0.000000e+00   1.185135e-04   3.233522e-09
   1.840609e-02   1.976508e-02   6.378100e-03   0.000000e+00   2.300693e-04   0.000000e+00  -1.019193e-04  -0.000000e+00   3.714517e-05   2.580190e-09
   1.759185e-02   1.976508e-02   2.672974e-03   0.000000e+00   1.038975e-05   0.000000e+00  -1.381364e-06  -0.000000e+00   6.731659e-07   2.701519e-10
   1.564592e-02   1.976508e-02   1.078554e-03   0.000000e+00   1.600556e-10   0.000000e+00   9.905835e-12  -0.000000e+00   3.087227e-13   1.713282e-13
   1.404094e-02   1.976508e-02   2.066291e-03   0.000000e+00   2.287949e-04   0.000000e+00   6.514690e-06  -0.000000e+00   5.816613e-05   2.236558e-09
   1.142586e-02   1.976508e-02   5.708621e-03   0.000000e+00   1.435635e-05   0.000000e+00  -1.466099e-07  -0.000000e+00  -5.190653e-06   3.218560e-10
   1.373669e-02   1.976508e-02   8.090618e-03   0.000000e+00   1.462663e-09   0.000000e+00  -6.149295e-10   0.000000e+00   3.958631e-10   9.899304e-13
   1.147052e-02   1.976508e-02   9.505054e-03   0.000000e+00   2.906037e-05   0.000000e+00   2.574671e-07  -0.000000e+00   1.204281e-05   4.982293e-10
   1.688874e-02   1.976508e-02   8.549559e-03   0.000000e+00   1.819123e-06   0.000000e+00  -8.651452e-07  -0.000000e+00   7.709044e-08   8.430436e-11
   1.485437e-02   1.976508e-02   1.788139e-02   0.000000e+00   4.114064e-08   0.000000e+00   9.235432e-09  -0.000000e+00  -1.986604e-09   6.836257e-12
   1.074742e-02   1.976508e-02   1.819183e-02   0.000000e+00   1.154151e-04   0.000000e+00   1.218928e-05  -0.000000e+00  -4.895604e-05   1.916750e-09
   1.910973e-02   1.976508e-02   1.683483e-02   0.000000e+00   2.543550e-04   0.000000e+00  -5.132997e-05  -0.000000e+00   9.375423e-06   2.548300e-09
   1.677363e-02   1.976508e-02   1.327805e-02   0.000000e+00   1.524956e-08   0.000000e+00   2.216817e-09  -0.000000e+00   6.880747e-09   2.898709e-12
                                                0.000000e+00   5.244981e-03   0.000000e+00   4.465976e-04   0.000000e+00   7.281580e-04   1.660090e-09

              5
             39
          pos_x          pos_y          pos_z       normal_x       normal_y       normal_z        tangt_x        tangt_y        tangt_z          pentr
   2.604977e-03   1.704637e-03   2.314366e-04   0.000000e+00   0.000000e+00  -5.356692e-04   2.254908e-05   7.059608e-05  -0.000000e+00   3.430459e-09
   6.279726e-03   1.627267e-03   2.314366e-04   0.000000e+00   0.000000e+00  -4.914889e-04   6.809121e-06   1.646090e-04  -0.000000e+00   3.161860e-09
   1.511914e-03   3.379480e-03   2.314366e-04   0.000000e+00   0.000000e+00  -1.885113e-04   8.602959e-05   2.265888e-05  -0.000000e+00   2.171933e-09
   6.206499e-03   8.943957e-03   2.314366e-04   0.000000e+00   0.000000e+00  -2.359389e-05   8.891139e-06   6.910650e-06  -0.000000e+00   5.710387e-10
   1.325629e-03   9.633714e-03   2.314366e-04   0.000000e+00   0.000000e+00  -5.384360e-04   2.185302e-04   1.355850e-04  -0.000000e+00   3.647060e-09
   8.174236e-04   6.566461e-03   2.314366e-04   0.000000e+00   0.000000e+00  -4.506588e-09   1.724143e-09  -1.450746e-09   0.000000e+00   1.791563e-12
   2.584005e-03   6.723400e-03   2.314366e-04   0.000000e+00   0.000000e+00  -5.714516e-05   7.616427e-06  -3.909644e-06  -0.000000e+00   8.542968e-10
   4.053570e-03   8.948078e-03   2.314366e-04   0.000000e+00   0.000000e+00  -1.454517e-04   1.464332e-05   3.767628e-05  -0.000000e+00   1.351670e-09
   4.417048e-03   6.531965e-03   2.314366e-04   0.000000e+00   0.000000e+00  -3.281208e-10  -6.032485e-11   1.409903e-12  -0.000000e+00   3.403788e-13
   5.297281e-03   3.496337e-03   2.314366e-04   0.000000e+00   0.000000e+00  -1.389894e-09  -1.791287e-10  -1.156175e-10  -0.000000e+00   7.152854e-13
   9.207068e-03   2.514045e-03   2.314366e-04   0.000000e+00   0.000000e+00  -1.826177e-03  -7.472225e-07   4.468218e-04  -0.000000e+00   6.894795e-09
   1.297014e-03   1.817379e-02   2.314366e-04   0.000000e+00   0.000000e+00  -1.931116e-03   2.929695e-04  -1.000244e-04  -0.000000e+00   7.936308e-09
   4.291171e-03   1.851108e-02   2.314366e-04   0.000000e+00   0.000000e+00  -2.242903e-04   1.420544e-05  -4.589873e-05  -0.000000e+00   2.043333e-09
   2.615138e-03   1.664792e-02   2.314366e-04   0.000000e+00   0.000000e+00  -1.505140e-10   7.273670e-12   1.772323e-13  -0.000000e+00   1.739340e-13
   6.613710e-03   1.809276e-02   2.314366e-04   0.000000e+00   0.000000e+00  -1.138404e-09   2.495394e-10   7.047783e-11  -0.000000e+00   6.314859e-13
   1.246653e-03   1.578910e-02   2.314366e-04   0.000000e+00   0.000000e+00  -9.922611e-05   1.282433e-05   4.491558e-06  -0.000000e+00   1.537643e-09
   7.028160e-03   1.494055e-02   2.314366e-04   0.000000e+00   0.000000e+00  -5.194377e-09  -5.723459e-10  -2.533339e-09   0.000000e+00   1.732088e-12
   3.341571e-03   1.252231e-02   2.314366e-04   0.000000e+00   0.000000e+00  -2.732587e-09  -1.332507e-10   9.197718e-11  -0.000000e+00   1.121882e-12
   5.204669e-03   1.591183e-02   2.314366e-04   0.000000e+00   0.000000e+00  -5.264624e-04   4.736609e-05  -1.421225e-04  -0.000000e+00   3.310137e-09
   9.169594e-03   1.334038e-02   2.314366e-04   0.000000e+00   0.000000e+00  -1.426042e-04   1.774682e-05   5.569173e-05  -0.000000e+00   1.593090e-09
   1.133346e-03   1.236099e-02   2.314366e-04   0.000000e+00   0.000000e+00  -7.998197e-05   1.622534e-05  -3.344623e-06  -0.000000e+00   1.062927e-09
   7.174442e-03   1.086035e-02   2.314366e-04   0.000000e+00   0.000000e+00  -1.932042e-06   5.820667e-07   5.038442e-07  -0.000000e+00   7.965284e-11
   9.764927e-03   1.524255e-02   2.314366e-04   0.000000e+00   0.000000e+00  -2.971248e-09  -6.822738e-11   1.962560e-10  -0.000000e+00   1.236577e-12
   9.957812e-03   1.879348e-02   2.314366e-04   0.000000e+00   0.000000e+00  -1.067646e-04  -1.065309e-05  -4.297634e-05  -0.000000e+00   1.766071e-09
   1.766590e-02   5.833731e-03   2.314366e-04   0.000000e+00   0.000000e+00  -6.727240e-04  -2.659677e-04  -1.123451e-04  -0.000000e+00   4.277858e-09
   1.682551e-02   2.185159e-03   2.314366e-04   0.000000e+00   0.000000e+00  -1.364305e-03  -6.701518e-05   1.619563e-04  -0.000000e+00   6.683922e-09
   1.827528e-02   3.959776e-03   2.314366e-04   0.000000e+00   0.000000e+00  -4.778689e-04  -1.561626e-05   3.278098e-05  -0.000000e+00   3.500027e-09
   1.495043e-02   1.388128e-03   2.314366e-04   0.000000e+00   0.000000e+00  -2.612904e-04  -3.544368e-05   5.503969e-05  -0.000000e+00   2.464245e-09
   1.384324e-02   7.286086e-03   2.314366e-04   0.000000e+00   0.000000e+00  -2.599751e-10   7.546480e-11   6.485588e-11  -0.000000e+00   2.393570e-13
   1.094140e-02   8.439992e-03   2.314366e-04   0.000000e+00   0.000000e+00  -7.229036e-07  -8.708342e-08   2.571260e-07  -0.000000e+00   5.842459e-11
   1.876590e-02   1.752055e-02   2.314366e-04   0.000000e+00   0.000000e+00  -2.668322e-10   4.203614e-11  -3.988135e-12  -0.000000e+00   2.630859e-13
   1.862663e-02   1.925912e-02   2.314366e-04   0.000000e+00   0.000000e+00  -2.964557e-04  -2.246215e-05  -3.366014e-05  -0.000000e+00   3.257136e-09
   1.424972e-02   1.627695e-02   2.314366e-04   0.000000e+00   0.000000e+00  -1.142490e-05  -3.117699e-06   3.451877e-06  -0.000000e+00   2.963477e-10
   1.898092e-02   1.394881e-02   2.314366e-04   0.000000e+00   0.000000e+00  -1.072702e-04  -2.004480e-05  -1.410721e-06  -0.000000e+00   1.599248e-09
   1.383271e-02   1.812032e-02   2.314366e-04   0.000000e+00   0.000000e+00  -2.542599e-04  -5.811200e-06  -4.239653e-05  -0.000000e+00   2.565254e-09
   1.893012e-02   1.178640e-02   2.314366e-04   0.000000e+00   0.000000e+00  -7.203538e-05  -3.059650e-05  -1.096227e-05  -0.000000e+00   1.002511e-09
   1.158967e-02   1.673501e-02   2.314366e-04   0.000000e+00   0.000000e+00  -2.686961e-06  -1.087647e-06  -4.345930e-07  -0.000000e+00   1.167240e-10
   1.380905e-02   1.274572e-02   2.314366e-04   0.000000e+00   0.000000e+00  -2.357866e-07  -1.166563e-07   1.703360e-08   0.000000e+00   2.271648e-11
   1.502816e-02   1.402365e-02   2.314366e-04   0.000000e+00   0.000000e+00  -1.873980e-10   2.693259e-11   1.130988e-12  -0.000000e+00   2.028637e-13
                                                0.000000e+00   0.000000e+00  -1.044015e-02   2.882227e-04   6.595585e-04   0.000000e+00   1.724747e-09

              6
             18
          pos_x          pos_y          pos_z       normal_x       normal_y       normal_z        tangt_x        tangt_y        tangt_z          pentr
   2.101158e-03   8.634961e-03   1.884660e-02   0.000000e+00   0.000000e+00   4.500212e-04   8.830786e-05   8.601168e-06  -0.000000e+00   2.758223e-09
   2.494899e-03   3.307289e-03   1.884660e-02   0.000000e+00   0.000000e+00   7.787505e-05  -5.849201e-06   4.129938e-06  -0.000000e+00   8.320210e-10
   4.331882e-03   6.800304e-03   1.884660e-02   0.000000e+00   0.000000e+00   1.423548e-08   6.958145e-09  -1.498814e-09   0.000000e+00   3.738589e-12
   5.741012e-03   4.608983e-03   1.884660e-02   0.000000e+00   0.000000e+00   3.383289e-08   1.690021e-08   7.410261e-10   0.000000e+00   5.474728e-12
   8.126905e-03   1.356459e-03   1.884660e-02   0.000000e+00   0.000000e+00   1.106501e-04  -4.008529e-06   2.674194e-05  -0.000000e+00   1.688476e-09
   1.944010e-03   1.228348e-02   1.884660e-02   0.000000e+00   0.000000e+00   1.765101e-04   6.079154e-05   2.138484e-05  -0.000000e+00   1.706430e-09
   2.874746e-03   1.559066e-02   1.884660e-02   0.000000e+00   0.000000e+00   5.358550e-06  -1.129694e-06   1.817459e-06  -0.000000e+00   1.318989e-10
   6.245246e-03   1.820525e-02   1.884660e-02   0.000000e+00   0.000000e+00   4.492528e-04   2.118483e-04  -1.640114e-06  -0.000000e+00   3.061537e-09
   4.561045e-03   1.294665e-02   1.884660e-02   0.000000e+00   0.000000e+00   2.150330e-08  -1.003284e-19  -3.862613e-20   0.000000e+00   4.773154e-12
   7.588567e-03   1.374767e-02   1.884660e-02   0.000000e+00   0.000000e+00   6.159652e-05  -6.354741e-06   2.460317e-05  -0.000000e+00   7.567978e-10
   4.375933e-03   1.081431e-02   1.884660e-02   0.000000e+00   0.000000e+00   2.013939e-04   8.499285e-05   7.600551e-06  -0.000000e+00   1.944814e-09
   1.360925e-02   3.706624e-03   1.884660e-02   0.000000e+00   0.000000e+00   4.325834e-05   2.882556e-07   1.287978e-05  -0.000000e+00   5.625973e-10
   1.075707e-02   7.227478e-03   1.884660e-02   0.000000e+00   0.000000e+00   3.089083e-05   6.495226e-06  -1.986386e-06  -0.000000e+00   4.561116e-10
   1.711200e-02   9.218335e-03   1.884660e-02   0.000000e+00   0.000000e+00   1.484106e-06   6.099541e-07   8.193452e-08  -0.000000e+00   8.503506e-11
   1.795717e-02   1.137223e-02   1.884660e-02   0.000000e+00   0.000000e+00   8.073971e-10   8.542385e-11  -4.101883e-11  -0.000000e+00   5.002977e-13
   1.560759e-02   1.467590e-02   1.884660e-02   0.000000e+00   0.000000e+00   2.910802e-10   5.347099e-12   1.042927e-10  -0.000000e+00   2.307876e-13
   1.058480e-02   1.877961e-02   1.884660e-02   0.000000e+00   0.000000e+00   7.780451e-05  -1.571773e-06  -9.116064e-06  -0.000000e+00   1.125828e-09
   1.838850e-02   1.513535e-02   1.884660e-02   0.000000e+00   0.000000e+00   6.118335e-04  -3.642695e-05   9.496677e-06  -0.000000e+00   4.387230e-09
                                                0.000000e+00   0.000000e+00   2.298000e-03   3.980171e-04   1.045942e-04   0.000000e+00   1.083984e-09

