             15             41   5.598202e-03   8.667187e-03   1.180926e-03   5.598202e-03   8.667187e-03   1.180926e-03   1.257661e-03   2.002615e-03   3.470744e-12   6.225124e-08   5.178031e-08   7.725144e-04   2.400000e+10   1.995997e-20   9.979984e-21   6.909286e-21   5.598202e-03   8.667187e-03   1.180926e-03   1.871528e-20  -6.328536e-22  -6.909286e-21  -2.363039e-21   6.719801e-21  -6.990022e-21   7.095259e-03   7.333765e+13   3.254311e-12  -1.100439e-13  -1.201423e-12
             45            125   5.567665e-03   1.884518e-03   3.234262e-03   5.567665e-03   1.884518e-03   3.234262e-03   1.360228e-03   2.544983e-03   9.872215e-12   2.020672e-06   9.354776e-08   8.864457e-04   2.400000e+10   2.917512e-19   1.458756e-19   2.785024e-19   5.567665e-03   1.884518e-03   3.234262e-03  -8.427113e-20   2.129693e-20  -2.785024e-19  -1.714573e-20  -1.447385e-19  -6.039342e-21   7.246878e-03   1.262301e+12  -2.851549e-12   7.206410e-13  -9.423905e-12
            125            207   6.820994e-03   2.285010e-03   5.246662e-03   6.820994e-03   2.285010e-03   5.246662e-03   1.902779e-03   2.627335e-03   2.849454e-11   2.255470e-08   1.773283e-07   1.103557e-03   2.400000e+10   1.616924e-07   8.062245e-08  -2.297613e-08   6.820994e-03   2.285010e-03   5.246662e-03  -1.210813e-07   1.305799e-08  -1.063638e-07   5.174136e-08  -1.261657e-08  -6.052795e-08   1.099320e-04   1.539404e+02  -7.488368e-01   8.075820e-02  -6.578157e-01
            145            101   2.610426e-03   1.071614e-02   4.128185e-03   2.610426e-03   1.071614e-02   4.128185e-03   1.035225e-03   2.117275e-03   3.369579e-11   3.507187e-09   1.530616e-07   6.952753e-04   2.400000e+10   1.650410e-07   8.252051e-08   2.969241e-08   2.610426e-03   1.071614e-02   4.128185e-03   7.481007e-08  -1.430432e-07  -3.436051e-08   2.872824e-08  -3.504263e-09   7.727899e-08   1.238891e-04   7.144169e+02   4.532817e-01  -8.667128e-01  -2.081938e-01
            145            190   4.744093e-03   9.791121e-03   5.053796e-03   4.744093e-03   9.791121e-03   5.053796e-03   1.311290e-03   7.653766e-04   5.814193e-11   7.141430e-09   1.676287e-07   4.832893e-04   2.400000e+10   3.118801e-07   1.559401e-07  -3.642121e-08   4.744093e-03   9.791121e-03   5.053796e-03  -1.855866e-07  -1.646360e-07  -1.890022e-07   5.353102e-08   8.007740e-08  -1.226350e-07   7.929198e-05   2.231634e+01  -5.950574e-01  -5.278824e-01  -6.060089e-01
            167            245   2.438168e-03   1.190545e-03   8.547955e-03   2.438168e-03   1.190545e-03   8.547955e-03   1.142930e-03   1.440227e-03   1.401656e-10   1.169990e-09   2.988620e-07   6.372353e-04   2.400000e+10   1.340485e-06   6.702427e-07  -1.545423e-07   2.438168e-03   1.190545e-03   8.547955e-03  -1.301793e-06  -1.382825e-07   2.882962e-07   6.669907e-09  -6.313314e-07  -2.249478e-07   5.007072e-05   2.244060e+01  -9.711353e-01  -1.031585e-01   2.150685e-01
            207            301   6.143655e-03   2.238108e-03   8.298190e-03   6.143655e-03   2.238108e-03   8.298190e-03   1.087867e-03   9.689190e-04   7.601687e-11   5.650120e-09   1.973750e-07   5.124766e-04   2.400000e+10   4.801225e-07   2.372513e-07  -8.836612e-08   6.143655e-03   2.238108e-03   8.298190e-03   3.283955e-07  -1.132811e-07  -3.314232e-07  -1.355533e-07   9.851074e-08  -1.679558e-07   7.709503e-05   1.978316e+01   6.839829e-01  -2.359421e-01  -6.902889e-01
            214            190   4.465031e-03   9.966623e-03   5.836616e-03   4.465031e-03   9.966623e-03   5.836616e-03   7.203000e-04   1.004082e-03   7.862297e-11   8.087551e-09   1.815931e-07   4.194199e-04   2.400000e+10   4.568763e-07   2.284382e-07  -2.019189e-08   4.465031e-03   9.966623e-03   5.836616e-03  -3.829922e-07  -2.445277e-07   4.753034e-08   7.711388e-08  -8.205694e-08   1.987564e-07   4.343056e-05   1.763992e+01  -8.382842e-01  -5.352165e-01   1.040333e-01
            214            217   4.024128e-03   9.616057e-03   6.565026e-03   4.024128e-03   9.616057e-03   6.565026e-03   1.225185e-03   2.370892e-03   6.687229e-11   8.355955e-09   2.324156e-07   8.077640e-04   2.400000e+10   4.973493e-07   2.486746e-07   9.903789e-08   4.024128e-03   9.616057e-03   6.565026e-03  -1.923512e-07  -8.688088e-08  -4.503432e-07   1.570501e-07   1.651908e-07  -9.943016e-08   4.201583e-05   2.516329e+01  -3.867528e-01  -1.746879e-01  -9.054868e-01
            221            245   3.432279e-03   2.255911e-03   8.164256e-03   3.432279e-03   2.255911e-03   8.164256e-03   1.411997e-03   1.749772e-03   7.277201e-11   4.969758e-09   2.384650e-07   7.814211e-04   2.400000e+10   5.553145e-07   2.776573e-07   1.356715e-07   3.432279e-03   2.255911e-03   8.164256e-03  -3.532650e-08   5.302613e-07  -1.610876e-07   2.639802e-07   4.063671e-08   7.587260e-08   7.188776e-05   2.254338e+02  -6.361530e-02   9.548846e-01  -2.900834e-01
            245            301   4.331512e-03   1.823828e-03   8.993098e-03   4.331512e-03   1.823828e-03   8.993098e-03   1.269049e-03   1.062750e-03   1.012404e-10   2.192648e-08   2.419837e-07   5.783867e-04   2.400000e+10   7.839527e-07   3.565113e-07   4.650722e-08   4.331512e-03   1.823828e-03   8.993098e-03  -5.845680e-07  -4.666866e-07  -2.346609e-07  -2.378513e-07   2.266367e-07   1.384301e-07   5.564499e-05   1.857683e+01  -7.456674e-01  -5.952994e-01  -2.993304e-01
            273            321   6.834061e-03   8.315748e-03   8.567389e-03   6.834061e-03   8.315748e-03   8.567389e-03   9.880006e-04   1.453360e-03   1.325134e-11   1.789809e-09   8.828341e-08   5.881641e-04   2.400000e+10   3.743594e-08   1.871797e-08   1.725840e-07   6.834061e-03   8.315748e-03   8.567389e-03   1.430426e-08   4.025280e-09  -3.436037e-08   1.732286e-08  -4.597798e-10   7.075977e-09   1.092607e-04   5.163893e+01   3.820996e-01   1.075245e-01  -9.178444e-01
            301            343   5.379863e-03   2.232147e-03   9.934098e-03   5.379863e-03   2.232147e-03   9.934098e-03   1.912072e-03   1.098706e-03   3.250875e-11   2.811156e-08   1.506099e-07   6.977615e-04   2.400000e+10   1.566765e-07   7.833825e-08  -1.683545e-07   5.379863e-03   2.232147e-03   9.934098e-03  -2.251471e-08   8.094745e-08  -1.322427e-07  -1.790783e-08  -6.636493e-08  -3.757509e-08   7.053299e-05   2.674241e+01  -1.437019e-01   5.166534e-01  -8.440492e-01
            321            367   7.819041e-03   6.395340e-03   1.079255e-02   7.819041e-03   6.395340e-03   1.079255e-02   1.696455e-03   1.239649e-03   1.404665e-10   2.009910e-10   3.171912e-07   7.162581e-04   2.400000e+10   1.425751e-06   7.128756e-07   3.828761e-07   7.819041e-03   6.395340e-03   1.079255e-02  -1.241625e-06   6.702875e-07  -2.045663e-07   1.250137e-07   4.749913e-07   5.166686e-07   3.527446e-05   9.107213e+00  -8.708570e-01   4.701293e-01  -1.434797e-01
            321            273   6.834061e-03   8.315748e-03   8.567389e-03   6.834061e-03   8.315748e-03   8.567389e-03   1.453360e-03   9.880006e-04   1.325134e-11   1.789809e-09   8.828341e-08   5.881641e-04   2.400000e+10   3.743594e-08   1.871797e-08  -1.725840e-07   6.834061e-03   8.315748e-03   8.567389e-03  -1.430426e-08  -4.025280e-09   3.436037e-08  -1.732286e-08   4.597798e-10  -7.075977e-09   1.092607e-04   5.163893e+01  -3.820996e-01  -1.075245e-01   9.178444e-01
            367            371   8.747390e-03   5.650952e-03   1.068415e-02   8.747390e-03   5.650952e-03   1.068415e-02   1.204300e-03   1.208852e-03   1.857828e-10   6.449370e-11   3.347837e-07   6.032858e-04   2.400000e+10   1.990306e-06   5.996089e-07   8.577407e-07   8.747390e-03   5.650952e-03   1.068415e-02  -1.131597e-06   1.574897e-06  -4.477808e-07  -3.131452e-07  -8.147379e-08   5.048098e-07   3.198622e-05   5.775058e+00  -5.685544e-01   7.912835e-01  -2.249809e-01
            397            431   7.415108e-03   3.655010e-03   1.607423e-02   7.415108e-03   3.655010e-03   1.607423e-02   2.097123e-03   8.970155e-04   7.015630e-11   1.831108e-07   2.099468e-07   6.282781e-04   2.400000e+10   4.713310e-07   2.356655e-07  -1.254611e-09   7.415108e-03   3.655010e-03   1.607423e-02  -3.479199e-07   3.169216e-07  -2.579364e-08  -7.111555e-08  -5.584104e-08   2.176295e-07   4.420699e-05   1.374478e+01  -7.381647e-01   6.723972e-01  -5.472510e-02
            397            443   7.307002e-03   5.619209e-03   1.704438e-02   7.307002e-03   5.619209e-03   1.704438e-02   1.925117e-03   1.857090e-03   4.338658e-11   1.433338e-05   2.025117e-07   9.452458e-04   2.400000e+10   2.811612e-07   1.405806e-07   4.428259e-08   7.307002e-03   5.619209e-03   1.704438e-02  -1.939593e-07  -1.660905e-07  -1.176664e-07   3.981925e-08   4.395578e-08  -1.274568e-07   7.611099e-05   1.332040e+02  -6.898508e-01  -5.907303e-01  -4.185016e-01
            357            465   6.518291e-03   6.546103e-03   1.435840e-02   6.518291e-03   6.546103e-03   1.435840e-02   2.395099e-03   1.084087e-03   9.496680e-11   3.143432e-09   2.662201e-07   7.462941e-04   2.400000e+10   8.090263e-07   3.539399e-07  -3.050735e-09   6.518291e-03   6.546103e-03   1.435840e-02  -5.935695e-07  -5.003121e-07  -2.277865e-07  -6.311922e-08   2.053655e-07  -2.812729e-07   3.959187e-05   1.137262e+01  -7.336838e-01  -6.184126e-01  -2.815563e-01
            357            337   5.337611e-03   5.345986e-03   1.273163e-02   5.337611e-03   5.345986e-03   1.273163e-02   2.568775e-03   1.335822e-03   2.598234e-11   1.930815e-08   1.511083e-07   8.788172e-04   2.400000e+10   1.256367e-07   6.281836e-08  -1.420783e-08   5.337611e-03   5.345986e-03   1.273163e-02  -2.176469e-09   4.997650e-08   1.152484e-07  -1.121739e-08   5.665214e-08  -2.471543e-08   1.246873e-04   1.864541e+02  -1.732351e-02   3.977858e-01   9.173148e-01
            465            377   7.396909e-03   6.996331e-03   1.500086e-02   7.396909e-03   6.996331e-03   1.500086e-02   1.265855e-03   1.742354e-03   8.445898e-11   1.064467e-08   2.488451e-07   7.331830e-04   2.400000e+10   6.725505e-07   3.362753e-07  -2.802114e-07   7.396909e-03   6.996331e-03   1.500086e-02  -5.972703e-07   6.049879e-08  -3.032035e-07   2.432861e-08  -3.163201e-07  -1.114933e-07   3.982506e-05   7.910275e+00  -8.880675e-01   8.995426e-02  -4.508263e-01
            369            377   8.883591e-03   5.712752e-03   1.426409e-02   8.883591e-03   5.712752e-03   1.426409e-02   1.187604e-03   1.620149e-03   1.506259e-10   1.234492e-08   3.212800e-07   6.852795e-04   2.400000e+10   1.548579e-06   7.742897e-07   9.038482e-06   8.883591e-03   5.712752e-03   1.426409e-02  -6.049771e-07  -1.018180e-06  -9.977028e-07  -5.708338e-07   4.969419e-07  -1.634692e-07   7.435075e-05   1.854815e+00  -3.906658e-01  -6.574928e-01  -6.442697e-01
            369            375   8.926191e-03   3.772597e-03   1.323756e-02   8.926191e-03   3.772597e-03   1.323756e-02   1.722079e-03   7.057628e-04   2.860475e-11   3.742417e-09   1.196643e-07   5.006007e-04   2.400000e+10   1.095350e-07   5.476749e-08  -2.950086e-08   8.926191e-03   3.772597e-03   1.323756e-02  -6.864063e-08   8.525138e-08   4.310465e-09   4.070375e-08   3.185857e-08   1.810289e-08   9.384714e-05   1.010348e+01  -6.266548e-01   7.783027e-01   3.935240e-02
            333            350   2.741600e-03   9.763880e-03   1.253310e-02   2.741600e-03   9.763880e-03   1.253310e-02   1.724546e-03   1.867830e-03   3.522817e-11   6.522162e-09   1.777298e-07   8.966652e-04   2.400000e+10   2.003550e-07   8.220240e-08  -3.595255e-08   2.741600e-03   9.763880e-03   1.253310e-02   1.003811e-07  -1.363698e-07  -1.070935e-07  -1.162894e-08   4.416018e-08  -6.835116e-08   1.307251e-04   1.221719e+02   5.010163e-01  -6.806411e-01  -5.345188e-01
            333            318   3.326677e-03   9.706818e-03   9.985842e-03   3.326677e-03   9.706818e-03   9.985842e-03   2.656625e-03   1.188666e-03   3.760010e-11   1.453778e-09   1.757215e-07   8.212225e-04   2.400000e+10   2.114287e-07   1.057143e-07  -1.150587e-08   3.326677e-03   9.706818e-03   9.985842e-03   1.331288e-07  -7.873654e-08   1.441505e-07  -6.032836e-08   3.950571e-08   7.730014e-08   8.374423e-05   7.336557e+01   6.296629e-01  -3.724023e-01   6.817926e-01
            337            343   5.125505e-03   2.965489e-03   1.119959e-02   5.125505e-03   2.965489e-03   1.119959e-02   1.282880e-03   6.986221e-04   7.196742e-11   4.719193e-08   1.804201e-07   4.523075e-04   2.400000e+10   4.154997e-07   2.052260e-07   1.058939e-08   5.125505e-03   2.965489e-03   1.119959e-02  -6.399729e-08   4.075370e-07   4.957757e-08   3.197750e-08  -1.990026e-08   2.017402e-07   7.642949e-05   1.558959e+01  -1.540249e-01   9.808359e-01   1.193203e-01
            343            301   5.379863e-03   2.232147e-03   9.934098e-03   5.379863e-03   2.232147e-03   9.934098e-03   1.098706e-03   1.912072e-03   3.250875e-11   2.811156e-08   1.506099e-07   6.977615e-04   2.400000e+10   1.566765e-07   7.833825e-08   1.683545e-07   5.379863e-03   2.232147e-03   9.934098e-03   2.251471e-08  -8.094745e-08   1.322427e-07   1.790783e-08   6.636493e-08   3.757509e-08   7.053299e-05   2.674241e+01   1.437019e-01  -5.166534e-01   8.440492e-01
            443            441   8.913779e-03   5.302082e-03   1.713897e-02   8.913779e-03   5.302082e-03   1.713897e-02   9.837314e-04   1.610529e-03   1.654853e-11   2.143863e-09   1.005300e-07   6.107051e-04   2.400000e+10   5.323595e-08   2.661798e-08   7.168042e-10   8.913779e-03   5.302082e-03   1.713897e-02  -3.902036e-08   2.892354e-08   2.179236e-08  -5.690871e-09   1.034935e-08  -2.385417e-08   8.633191e-05   1.266991e+02  -7.329701e-01   5.433083e-01   4.093543e-01
            377            398   8.496450e-03   8.341646e-03   1.611657e-02   8.496450e-03   8.341646e-03   1.611657e-02   1.243637e-03   1.500368e-03   1.685534e-10   6.636057e-09   3.385494e-07   6.799964e-04   2.400000e+10   1.826036e-06   7.211947e-07   1.642886e-06   8.496450e-03   8.341646e-03   1.611657e-02   4.124810e-07  -1.455051e-06  -1.023277e-06  -6.904257e-07  -5.527305e-08  -2.009455e-07   7.956138e-05   2.472149e+01   2.258887e-01  -7.968355e-01  -5.603816e-01
              2             26   1.603975e-03   1.880059e-02   1.771727e-03   1.603977e-03   1.880059e-02   1.771734e-03   1.438844e-03   1.617259e-03   7.404911e-09   8.047694e-08   2.374502e-06   7.614217e-04   2.400000e+10   5.626552e-04   3.217947e-05  -5.045929e-04   1.603976e-03   1.880059e-02   1.771731e-03   1.476476e-04   1.868655e-04   5.097669e-04  -6.537485e-06  -2.889120e-05   1.257292e-05   1.776368e-05   8.671887e+00   2.624123e-01   3.321137e-01   9.060024e-01
              2             50   3.017971e-03   1.900024e-02   3.276116e-03   3.017967e-03   1.900024e-02   3.276113e-03   8.691183e-04   8.083645e-04   4.034350e-09   9.127862e-06   1.299873e-06   4.188206e-04   2.400000e+10   1.678125e-04   8.390627e-05   7.357722e-05   3.017969e-03   1.900024e-02   3.276114e-03  -1.413375e-04  -8.126672e-07  -9.046603e-05   9.827099e-06  -8.202678e-05  -1.467303e-05   2.400870e-05   6.570964e-01  -8.422344e-01  -4.842708e-03  -5.390898e-01
              2              6   1.318032e-03   1.874655e-02   3.963232e-03   1.318033e-03   1.874655e-02   3.963228e-03   1.121379e-03   1.164708e-03   4.598761e-09   1.929968e-06   1.620909e-06   5.713164e-04   2.400000e+10   2.385336e-04   7.124395e-05   2.275528e-04   1.318033e-03   1.874655e-02   3.963230e-03   3.700600e-05   3.654802e-05  -2.327940e-04   1.514851e-05  -6.909192e-05  -8.516382e-06   2.150006e-05   5.937817e+00   1.551396e-01   1.532196e-01  -9.759382e-01
              2             46   1.097491e-03   1.799992e-02   3.188401e-03   1.097491e-03   1.799992e-02   3.188401e-03   1.381867e-03   1.380155e-03   1.485765e-10   3.009710e-08   3.203012e-07   6.905052e-04   2.400000e+10   1.522856e-06   7.614279e-07   2.675577e-07   1.097491e-03   1.799992e-02   3.188401e-03   2.471812e-07   1.472708e-06  -2.985323e-07  -6.472694e-07   1.815438e-07   3.575705e-07   4.836596e-05   1.104190e+02   1.623142e-01   9.670701e-01  -1.960345e-01
              2             30   2.423600e-03   1.825755e-02   3.511538e-03   2.423600e-03   1.825755e-02   3.511538e-03   1.087477e-03   9.420661e-04   6.917910e-11   3.540844e-09   1.868698e-07   5.047812e-04   2.400000e+10   4.136794e-07   2.068397e-07  -1.767395e-06   2.423600e-03   1.825755e-02   3.511538e-03  -1.829253e-07   2.676016e-07  -2.570183e-07  -8.654878e-08   9.635400e-08   1.612696e-07   6.332127e-05   2.791651e+00  -4.421910e-01   6.468815e-01  -6.212982e-01
             26             24   2.430049e-03   1.798419e-02   1.288328e-03   2.430047e-03   1.798419e-02   1.288328e-03   1.003269e-03   1.221868e-03   1.775810e-09   1.381487e-05   9.891012e-07   5.509154e-04   2.400000e+10   5.620660e-05   2.810330e-05   2.739635e-06   2.430048e-03   1.798419e-02   1.288328e-03  -5.483677e-05  -4.408485e-06  -1.151847e-05  -6.158188e-06   1.010963e-05   2.548858e-05   3.264247e-05   6.170239e-01  -9.756288e-01  -7.843359e-02  -2.049308e-01
             42            130   4.774178e-03   1.720373e-02   5.604486e-03   4.774178e-03   1.720373e-02   5.604486e-03   1.372194e-03   1.295620e-03   2.375541e-12   8.064212e-10   3.978781e-08   6.664041e-04   2.400000e+10   7.184971e-21   3.592485e-21   1.851142e-22   4.774178e-03   1.720373e-02   5.604486e-03   6.383195e-21   3.293078e-21  -1.851142e-22  -2.630727e-22   1.122204e-21  -3.402558e-21   8.622215e-03   9.727395e+12   2.110452e-12   1.088778e-12  -6.120365e-14
             50             24   4.120846e-03   1.871754e-02   2.937537e-03   4.120846e-03   1.871754e-02   2.937541e-03   8.706658e-04   2.068240e-03   3.852992e-09   2.922212e-06   1.536500e-06   6.127266e-04   2.400000e+10   1.894439e-04   9.472193e-05  -1.719864e-04   4.120846e-03   1.871754e-02   2.937539e-03  -1.694635e-05   4.301279e-05   1.837163e-04  -3.069111e-05   8.657168e-05  -2.314398e-05   2.619010e-05   2.363651e+00  -8.945317e-02   2.270477e-01   9.697667e-01
             50             30   3.220927e-03   1.836073e-02   4.237140e-03   3.220927e-03   1.836073e-02   4.237140e-03   1.651452e-03   1.632254e-03   2.289902e-11   2.547791e-09   1.371050e-07   8.208986e-04   2.400000e+10   1.004662e-07   5.023310e-08   2.198093e-08   3.220927e-03   1.836073e-02   4.237140e-03   5.516302e-08   8.389038e-08  -3.592259e-09  -3.742115e-08   2.575606e-08   2.143940e-08   7.392521e-05   2.624949e+01   5.490704e-01   8.350109e-01  -3.575589e-02
             66            104   8.318075e-03   1.522002e-02   1.539222e-03   8.318075e-03   1.522002e-02   1.539222e-03   1.262599e-03   7.082966e-04   9.472421e-11   1.455276e-09   2.073189e-07   4.537503e-04   2.400000e+10   6.284200e-07   3.142100e-07  -1.108673e-07   8.318075e-03   1.522002e-02   1.539222e-03  -1.802694e-07   5.721770e-07   1.871580e-07  -1.371586e-07   4.978829e-08  -2.782742e-07   7.709884e-05   3.606443e+01  -2.868613e-01   9.105010e-01   2.978231e-01
            210            101   3.589008e-03   1.256981e-02   6.035844e-03   3.589008e-03   1.256981e-02   6.035844e-03   1.759565e-03   2.790328e-03   4.244937e-11   1.089919e-07   2.140254e-07   1.079094e-03   2.400000e+10   2.907278e-07   1.453639e-07  -2.217266e-07   3.589008e-03   1.256981e-02   6.035844e-03   1.809155e-07  -2.901170e-08   2.257223e-07  -1.118262e-07   1.525801e-08   9.161193e-08   7.588129e-05   4.531032e+03   6.222848e-01  -9.978993e-02   7.764043e-01
            210            270   3.736544e-03   1.268335e-02   8.118411e-03   3.736544e-03   1.268335e-02   8.118411e-03   1.072436e-03   1.253504e-03   2.313513e-11   5.582084e-10   1.156339e-07   5.779611e-04   2.400000e+10   8.560660e-08   4.280330e-08   7.074227e-08   3.736544e-03   1.268335e-02   8.118411e-03   1.773534e-08   2.663058e-09  -8.370696e-08  -3.408691e-08   2.506050e-08  -6.494326e-09   5.442550e-05   4.153761e+02   2.071726e-01   3.110810e-02  -9.778097e-01
            210            190   4.949146e-03   1.159625e-02   6.149167e-03   4.949146e-03   1.159625e-02   6.149167e-03   1.056983e-03   1.023632e-03   6.334804e-11   6.591952e-10   1.815000e-07   5.200200e-04   2.400000e+10   3.679254e-07   1.839627e-07   3.158445e-08   4.949146e-03   1.159625e-02   6.149167e-03  -2.151457e-07   2.660718e-07   1.352304e-07  -2.215260e-08   6.062739e-08  -1.722668e-07   6.425114e-05   2.146206e+01  -5.847537e-01   7.231676e-01   3.675483e-01
            242            314   5.006919e-03   1.436569e-02   1.029394e-02   5.006919e-03   1.436568e-02   1.029394e-02   1.633520e-03   1.881550e-03   6.418447e-10   2.089398e-09   7.491489e-07   8.743923e-04   2.400000e+10   1.538679e-05   7.693397e-06   2.037754e-06   5.006919e-03   1.436569e-02   1.029394e-02   6.272516e-06  -7.689269e-06  -1.175943e-05   9.100722e-07  -6.162427e-06   4.514932e-06   5.348466e-05   4.198645e+00   4.076558e-01  -4.997317e-01  -7.642545e-01
              6             22   1.429743e-03   1.846142e-02   6.275435e-03   1.429743e-03   1.846142e-02   6.275434e-03   1.059159e-03   1.901322e-03   1.507156e-09   4.316382e-06   1.012526e-06   6.802279e-04   2.400000e+10   4.883312e-05   2.441656e-05   1.886498e-05   1.429743e-03   1.846142e-02   6.275435e-03  -2.329449e-06   4.560457e-06  -4.856387e-05   1.766464e-05  -1.668234e-05  -2.414166e-06   2.720295e-05   7.971354e-01  -4.770224e-02   9.338861e-02  -9.944863e-01
             24             96   4.550113e-03   1.720859e-02   1.285872e-03   4.550111e-03   1.720860e-02   1.285873e-03   2.545212e-03   1.013033e-03   3.829673e-09   8.659860e-06   1.665853e-06   7.246224e-04   2.400000e+10   2.041496e-04   1.020748e-04  -4.880858e-05   4.550112e-03   1.720859e-02   1.285873e-03  -8.362352e-05   1.785263e-04   5.303300e-05   1.038952e-05  -2.436777e-05   9.857753e-05   2.515273e-05   2.129934e+00  -4.096189e-01   8.744879e-01   2.597753e-01
             46             86   1.639848e-03   1.585628e-02   2.915693e-03   1.639848e-03   1.585628e-02   2.915693e-03   1.019766e-03   1.992294e-03   1.165293e-10   3.978871e-10   2.803578e-07   6.745130e-04   2.400000e+10   1.045436e-06   3.601792e-07  -3.993855e-07   1.639848e-03   1.585628e-02   2.915693e-03  -3.159023e-07   9.085920e-07   4.093943e-07   1.116538e-07   1.942225e-07  -2.820285e-07   6.468686e-05   5.904510e+02  -3.021726e-01   8.691031e-01   3.916013e-01
            282            262   7.440803e-03   1.192918e-02   7.052810e-03   7.440803e-03   1.192918e-02   7.052810e-03   1.382993e-03   9.498858e-04   6.798033e-11   1.893951e-08   1.956551e-07   5.631177e-04   2.400000e+10   4.256224e-07   2.128112e-07  -1.262441e-07   7.440803e-03   1.192918e-02   7.052810e-03  -4.163227e-08   1.487828e-07   3.965916e-07  -5.376660e-08  -1.945262e-07   6.750789e-08   4.184075e-05   2.187001e+01  -9.781504e-02   3.495653e-01   9.317920e-01
            282            217   6.722855e-03   1.117564e-02   8.129361e-03   6.722855e-03   1.117564e-02   8.129361e-03   1.100478e-03   1.364228e-03   6.327487e-11   1.182978e-07   1.963212e-07   6.091205e-04   2.400000e+10   3.975104e-07   1.987552e-07  -2.813717e-09   6.722855e-03   1.117564e-02   8.129361e-03   2.966814e-07   2.640754e-07   1.608882e-08  -1.034055e-08   2.360190e-08  -1.970778e-07   7.730166e-05   4.154947e+01   7.463488e-01   6.643232e-01   4.047396e-02
             86            102   2.461183e-03   1.296239e-02   2.117428e-03   2.461183e-03   1.296239e-02   2.117428e-03   2.654632e-03   9.575018e-04   2.209387e-11   4.512458e-08   1.246884e-07   7.036879e-04   2.400000e+10   8.815517e-08   4.407758e-08   8.298804e-10   2.461183e-03   1.296239e-02   2.117428e-03  -5.442191e-08   6.932439e-08   1.928324e-09   3.335058e-08   2.649929e-08  -1.132959e-08   9.699726e-05   7.494125e+01  -6.173422e-01   7.863906e-01   2.187420e-02
             86            101   1.771914e-03   1.341542e-02   3.663921e-03   1.771914e-03   1.341542e-02   3.663921e-03   2.239491e-03   3.240517e-03   7.538461e-11   2.675138e-08   3.159603e-07   1.324288e-03   2.400000e+10   7.621935e-07   3.810967e-07   2.829282e-07   1.771914e-03   1.341542e-02   3.663921e-03  -7.318413e-08   4.353942e-07  -6.213009e-07  -1.447395e-07   2.800678e-07   2.141197e-07   9.804440e-05   1.363755e+02  -9.601779e-02   5.712384e-01  -8.151486e-01
            104             39   9.754510e-03   1.288921e-02   1.337403e-03   9.754510e-03   1.288921e-02   1.337403e-03   9.129109e-04   1.457384e-03   6.586795e-12   2.372915e-07   6.080469e-08   5.613065e-04   2.400000e+10   8.441806e-20   4.220903e-20   9.364567e-21   9.754510e-03   1.288921e-02   1.337403e-03  -5.403995e-20   6.417473e-20  -9.364567e-21   3.157223e-20   2.796473e-20  -1.664405e-21   1.014514e-02   1.306187e+11  -4.216516e-12   5.007291e-12  -7.306788e-13
            102            101   3.012109e-03   1.225925e-02   3.029796e-03   3.012109e-03   1.225925e-02   3.029796e-03   1.704096e-03   1.990760e-03   1.058952e-11   1.854244e-09   9.860431e-08   9.181537e-04   2.400000e+10   3.341352e-08   1.670676e-08   2.241270e-07   3.012109e-03   1.225925e-02   3.029796e-03   1.307602e-08  -5.702524e-09  -3.021527e-08   1.387616e-08   8.290808e-09   4.222613e-09   1.117942e-04   7.148248e+01   3.913391e-01  -1.706652e-01  -9.042827e-01
            101            145   2.610426e-03   1.071614e-02   4.128185e-03   2.610426e-03   1.071614e-02   4.128185e-03   2.117275e-03   1.035225e-03   3.369579e-11   3.507187e-09   1.530616e-07   6.952753e-04   2.400000e+10   1.650410e-07   8.252051e-08  -2.969241e-08   2.610426e-03   1.071614e-02   4.128185e-03  -7.481007e-08   1.430432e-07   3.436051e-08  -2.872824e-08   3.504263e-09  -7.727899e-08   1.238891e-04   7.144169e+02  -4.532817e-01   8.667128e-01   2.081938e-01
             65            240   8.391502e-03   1.124772e-02   2.693584e-03   8.391502e-03   1.124772e-02   2.693584e-03   2.601111e-03   1.281991e-03   1.065816e-11   1.038352e-10   9.566952e-08   8.587466e-04   2.400000e+10   3.262915e-08   1.631457e-08   3.924432e-08   8.391502e-03   1.124772e-02   2.693584e-03  -1.986753e-08   1.521967e-08  -2.093571e-08   1.114185e-08   1.149028e-08  -3.161960e-09   6.548756e-05   2.296859e+02  -6.088890e-01   4.664441e-01  -6.416261e-01
            166            142   2.779183e-03   1.554587e-02   6.714144e-03   2.779183e-03   1.554587e-02   6.714144e-03   1.806284e-03   2.116422e-03   6.132518e-11   2.666875e-11   2.444673e-07   9.745465e-04   2.400000e+10   4.797440e-07   1.103865e-07   1.740528e-07   2.779183e-03   1.554587e-02   6.714144e-03  -3.868800e-08   1.669579e-07  -4.480877e-07   9.108638e-08   6.059644e-08   1.471438e-08   6.565882e-05   8.063759e+01  -8.064301e-02   3.480147e-01  -9.340142e-01
            180            216   8.639287e-03   1.265483e-02   4.526244e-03   8.639287e-03   1.265483e-02   4.526244e-03   1.216411e-03   1.173336e-03   1.180528e-10   2.280441e-09   2.655299e-07   5.972427e-04   2.400000e+10   1.003089e-06   5.015447e-07   7.194480e-08   8.639287e-03   1.265483e-02   4.526244e-03   8.476154e-07  -3.077731e-07  -4.393315e-07   1.975670e-07   4.569733e-07   6.074320e-08   6.646847e-05   2.014518e+01   8.450049e-01  -3.068252e-01  -4.379784e-01
            180            188   9.748420e-03   1.321417e-02   4.398716e-03   9.748419e-03   1.321417e-02   4.398716e-03   1.637324e-03   1.027661e-03   1.548483e-10   3.866147e-09   3.126786e-07   6.313786e-04   2.400000e+10   1.549367e-06   7.746837e-07   2.413139e-07   9.748419e-03   1.321417e-02   4.398716e-03  -5.446315e-07  -9.468332e-07  -1.098828e-06  -7.150500e-07   7.397580e-08   2.887315e-07   3.309757e-05   7.177420e+00  -3.515186e-01  -6.111096e-01  -7.092107e-01
            142            261   2.426870e-03   1.406666e-02   8.748437e-03   2.426870e-03   1.406666e-02   8.748437e-03   2.418842e-03   2.390201e-03   6.530973e-11   9.326980e-10   2.802080e-07   1.202218e-03   2.400000e+10   5.856099e-07   2.928050e-07   4.728748e-07   2.426870e-03   1.406666e-02   8.748437e-03   2.903378e-07   2.678797e-07  -4.323001e-07  -2.371843e-07   1.590801e-07  -6.459010e-08   7.961354e-05   7.916155e+02   4.957871e-01   4.574371e-01  -7.382049e-01
            216            262   7.637788e-03   1.230454e-02   6.062914e-03   7.637788e-03   1.230454e-02   6.062914e-03   2.538245e-03   1.082201e-03   4.402604e-11   3.882900e-08   1.827656e-07   7.587163e-04   2.400000e+10   2.574863e-07   1.287432e-07   1.045394e-07   7.637788e-03   1.230454e-02   6.062914e-03  -6.542143e-08   2.061780e-07  -1.396778e-07   7.120090e-08  -4.368297e-08  -9.796443e-08   4.738036e-05   1.180545e+02  -2.540773e-01   8.007337e-01  -5.424669e-01
            270            313   3.899480e-03   1.215271e-02   9.252540e-03   3.899480e-03   1.215271e-02   9.252540e-03   1.151532e-03   1.914966e-03   1.489445e-11   1.291465e-11   1.034926e-07   7.191083e-04   2.400000e+10   4.932688e-08   7.586774e-09   3.741923e-08   3.899480e-03   1.215271e-02   9.252540e-03  -6.857490e-09   2.114565e-08  -4.403383e-08   5.799136e-09  -3.995588e-09  -2.822134e-09   5.752948e-05   7.550314e+02  -1.390214e-01   4.286840e-01  -8.926943e-01
            190            145   4.744093e-03   9.791121e-03   5.053796e-03   4.744093e-03   9.791121e-03   5.053796e-03   7.653766e-04   1.311290e-03   5.814193e-11   7.141430e-09   1.676287e-07   4.832893e-04   2.400000e+10   3.118801e-07   1.559401e-07   3.642121e-08   4.744093e-03   9.791121e-03   5.053796e-03   1.855866e-07   1.646360e-07   1.890022e-07  -5.353102e-08  -8.007740e-08   1.226350e-07   7.929198e-05   2.231634e+01   5.950574e-01   5.278824e-01   6.060089e-01
            190            214   4.465031e-03   9.966623e-03   5.836616e-03   4.465031e-03   9.966623e-03   5.836616e-03   1.004082e-03   7.203000e-04   7.862297e-11   8.087551e-09   1.815931e-07   4.194199e-04   2.400000e+10   4.568763e-07   2.284382e-07   2.019189e-08   4.465031e-03   9.966623e-03   5.836616e-03   3.829922e-07   2.445277e-07  -4.753034e-08  -7.711388e-08   8.205694e-08  -1.987564e-07   4.343056e-05   1.763992e+01   8.382842e-01   5.352165e-01  -1.040333e-01
            318            217   3.396351e-03   9.708444e-03   8.655246e-03   3.396351e-03   9.708444e-03   8.655246e-03   1.553284e-03   2.249654e-03   2.127339e-11   1.003308e-09   1.398112e-07   9.188558e-04   2.400000e+10   9.517625e-08   4.758813e-08   7.734728e-09   3.396351e-03   9.708444e-03   8.655246e-03  -8.216005e-08   1.007099e-08   4.697680e-08   2.357750e-08   3.557161e-09   4.118346e-08   9.160126e-05   1.464403e+02  -8.632411e-01   1.058141e-01   4.935769e-01
            318            333   3.326677e-03   9.706818e-03   9.985842e-03   3.326677e-03   9.706818e-03   9.985842e-03   1.188666e-03   2.656625e-03   3.760010e-11   1.453778e-09   1.757215e-07   8.212225e-04   2.400000e+10   2.114287e-07   1.057143e-07   1.150587e-08   3.326677e-03   9.706818e-03   9.985842e-03  -1.331288e-07   7.873654e-08  -1.441505e-07   6.032836e-08  -3.950571e-08  -7.730014e-08   8.374423e-05   7.336557e+01  -6.296629e-01   3.724023e-01  -6.817926e-01
            217            214   4.024128e-03   9.616057e-03   6.565026e-03   4.024128e-03   9.616057e-03   6.565026e-03   2.370892e-03   1.225185e-03   6.687229e-11   8.355955e-09   2.324156e-07   8.077640e-04   2.400000e+10   4.973493e-07   2.486746e-07  -9.903789e-08   4.024128e-03   9.616057e-03   6.565026e-03   1.923512e-07   8.688088e-08   4.503432e-07  -1.570501e-07  -1.651908e-07   9.943016e-08   4.201583e-05   2.516329e+01   3.867528e-01   1.746879e-01   9.054868e-01
            217            294   6.166957e-03   1.085890e-02   9.272485e-03   6.166957e-03   1.085890e-02   9.272485e-03   1.830567e-03   2.591991e-03   2.575297e-11   3.947898e-08   1.662212e-07   1.072866e-03   2.400000e+10   1.369821e-07   6.849103e-08  -3.999206e-09   6.166957e-03   1.085890e-02   9.272485e-03  -8.106535e-08  -3.741884e-08  -1.038861e-07   5.499741e-08  -8.049529e-09  -4.001888e-08   1.135456e-04   1.981818e+02  -5.917954e-01  -2.731660e-01  -7.583921e-01
            294            217   6.166957e-03   1.085890e-02   9.272485e-03   6.166957e-03   1.085890e-02   9.272485e-03   2.591991e-03   1.830567e-03   2.575297e-11   3.947898e-08   1.662212e-07   1.072866e-03   2.400000e+10   1.369821e-07   6.849103e-08   3.999206e-09   6.166957e-03   1.085890e-02   9.272485e-03   8.106535e-08   3.741884e-08   1.038861e-07  -5.499741e-08   8.049529e-09   4.001888e-08   1.135456e-04   1.981818e+02   5.917954e-01   2.731660e-01   7.583921e-01
            313            270   3.899480e-03   1.215271e-02   9.252540e-03   3.899480e-03   1.215271e-02   9.252540e-03   1.914966e-03   1.151532e-03   1.489445e-11   1.291465e-11   1.034926e-07   7.191083e-04   2.400000e+10   4.932688e-08   7.586774e-09  -3.741923e-08   3.899480e-03   1.215271e-02   9.252540e-03   6.857490e-09  -2.114565e-08   4.403383e-08  -5.799136e-09   3.995588e-09   2.822134e-09   5.752948e-05   7.550314e+02   1.390214e-01  -4.286840e-01   8.926943e-01
            446            466   2.093157e-03   1.271439e-02   1.685223e-02   2.093156e-03   1.271439e-02   1.685223e-02   1.541210e-03   7.388978e-04   1.000153e-11   2.513888e-08   7.067709e-08   4.994486e-04   2.400000e+10   2.262013e-08   2.175851e-10  -1.686485e-08   2.093156e-03   1.271439e-02   1.685223e-02  -8.876084e-09  -8.054134e-09   1.918376e-08  -1.976093e-10   6.439951e-11  -6.439377e-11   6.961547e-05   1.084963e+03  -3.923975e-01  -3.560604e-01   8.480832e-01
            392            162   7.691895e-03   1.892712e-02   1.623566e-02   7.691895e-03   1.892712e-02   1.623566e-02   1.264093e-03   1.587528e-03   1.000165e-11   4.480793e-09   8.389578e-08   7.037341e-04   2.400000e+10   2.685108e-08   4.172763e-10  -1.249019e-08   7.691895e-03   1.892712e-02   1.623566e-02  -1.934552e-08   1.025807e-08   1.554038e-08   1.572567e-10   3.823405e-10  -5.661763e-11   6.993193e-05   1.148306e+03  -7.204745e-01   3.820355e-01   5.787619e-01
            384            424   9.865673e-03   1.134432e-02   1.473304e-02   9.865673e-03   1.134432e-02   1.473304e-02   1.694485e-03   1.016999e-03   8.712291e-12   9.255767e-11   7.441179e-08   6.355521e-04   2.400000e+10   1.807409e-19   9.037046e-20   4.524873e-20   9.865673e-03   1.134432e-02   1.473304e-02  -1.739002e-19   1.945647e-20  -4.524873e-20  -8.175429e-21  -8.862648e-20   1.566301e-20   4.729721e-03   7.113159e+13  -8.382546e-12   9.378644e-13  -2.181134e-12
            350            333   2.741600e-03   9.763880e-03   1.253310e-02   2.741600e-03   9.763880e-03   1.253310e-02   1.867830e-03   1.724546e-03   3.522817e-11   6.522162e-09   1.777298e-07   8.966652e-04   2.400000e+10   2.003550e-07   8.220240e-08   3.595255e-08   2.741600e-03   9.763880e-03   1.253310e-02  -1.003811e-07   1.363698e-07   1.070935e-07   1.162894e-08  -4.416018e-08   6.835116e-08   1.307251e-04   1.221719e+02  -5.010163e-01   6.806411e-01   5.345188e-01
            254            261   1.630350e-03   1.426607e-02   1.139704e-02   1.630350e-03   1.426607e-02   1.139704e-02   2.088835e-03   1.647429e-03   2.023359e-10   4.896110e-09   4.316910e-07   9.210288e-04   2.400000e+10   2.795091e-06   1.981403e-07   1.257002e-06   1.630350e-03   1.426607e-02   1.139704e-02   4.522568e-08   6.395933e-07   2.720553e-06  -9.102963e-08   1.715385e-07  -3.934105e-08   6.414174e-05   9.108684e+00   1.618040e-02   2.288274e-01   9.733325e-01
            314            338   6.438412e-03   1.653443e-02   1.122636e-02   6.438411e-03   1.653443e-02   1.122636e-02   1.904073e-03   3.139785e-03   1.418836e-09   4.208825e-09   1.296810e-06   1.185279e-03   2.400000e+10   5.887873e-05   2.943937e-05   1.830611e-06   6.438412e-03   1.653443e-02   1.122636e-02  -5.556134e-05  -1.947340e-05  -6.555729e-07  -5.657908e-07   2.601357e-06  -2.931875e-05   4.839505e-05   9.239777e-01  -9.436572e-01  -3.307374e-01  -1.113429e-02
            314            261   3.138453e-03   1.440067e-02   1.090644e-02   3.138453e-03   1.440067e-02   1.090644e-02   1.588566e-03   1.035703e-03   4.718658e-10   3.832218e-08   5.439079e-07   6.269490e-04   2.400000e+10   8.212850e-06   4.106425e-06  -1.538600e-05   3.138453e-03   1.440067e-02   1.090644e-02   6.049908e-06   3.661385e-06   4.176573e-06   2.771235e-06  -1.779893e-06  -2.452541e-06   6.276979e-05   1.309014e+00   7.366394e-01   4.458118e-01   5.085413e-01
            314             54   4.757039e-03   1.738857e-02   1.078453e-02   4.757040e-03   1.738856e-02   1.078453e-02   2.214463e-03   2.465584e-03   1.145576e-09   2.202387e-08   1.156062e-06   1.166643e-03   2.400000e+10   4.237941e-05   2.118970e-05  -7.944347e-07   4.757040e-03   1.738857e-02   1.078453e-02   1.150763e-05  -3.456202e-05   2.165768e-05   1.937861e-05   1.127780e-06  -8.497128e-06   5.125646e-05   2.622789e+00   2.715383e-01  -8.155381e-01   5.110426e-01
            314            242   5.006919e-03   1.436568e-02   1.029394e-02   5.006919e-03   1.436569e-02   1.029394e-02   1.881550e-03   1.633520e-03   6.418447e-10   2.089398e-09   7.491489e-07   8.743923e-04   2.400000e+10   1.538679e-05   7.693397e-06  -2.037754e-06   5.006919e-03   1.436569e-02   1.029394e-02  -6.272516e-06   7.689269e-06   1.175943e-05  -9.100722e-07   6.162427e-06  -4.514932e-06   5.348466e-05   4.198645e+00  -4.076558e-01   4.997317e-01   7.642545e-01
            261            142   2.426870e-03   1.406666e-02   8.748437e-03   2.426870e-03   1.406666e-02   8.748437e-03   2.390201e-03   2.418842e-03   6.530973e-11   9.326980e-10   2.802080e-07   1.202218e-03   2.400000e+10   5.856099e-07   2.928050e-07  -4.728748e-07   2.426870e-03   1.406666e-02   8.748437e-03  -2.903378e-07  -2.678797e-07   4.323001e-07   2.371843e-07  -1.590801e-07   6.459010e-08   7.961354e-05   7.916155e+02  -4.957871e-01  -4.574371e-01   7.382049e-01
            400            360   1.038240e-02   1.322178e-02   1.380883e-02   1.038240e-02   1.322178e-02   1.380883e-02   1.665409e-03   1.503148e-03   1.000352e-11   3.609240e-07   8.890106e-08   7.900618e-04   2.400000e+10   2.845835e-08   3.505754e-10  -7.278306e-09   1.038240e-02   1.322178e-02   1.380883e-02  -1.229215e-08   2.434897e-08   8.118376e-09  -2.701128e-10  -6.507972e-11  -2.137916e-10   9.180486e-05   3.399448e+03  -4.319347e-01   8.556005e-01   2.852722e-01
              3             43   1.784254e-02   2.211308e-03   2.178651e-03   1.784254e-02   2.211316e-03   2.178658e-03   1.428189e-03   2.522708e-03   1.277412e-08   3.821637e-09   3.413060e-06   9.119204e-04   2.400000e+10   1.395162e-03   3.783105e-04  -7.611502e-04   1.784254e-02   2.211312e-03   2.178655e-03   8.401467e-04   7.932654e-04   7.818958e-04   2.943209e-04  -2.177319e-04  -9.532508e-05   2.281158e-05   2.451168e+00   6.021857e-01   5.685829e-01   5.604336e-01
             19             27   1.651588e-02   6.692205e-03   2.032411e-03   1.651588e-02   6.692205e-03   2.032411e-03   2.542005e-03   2.189145e-03   2.194608e-10   2.351022e-09   5.080665e-07   1.176208e-03   2.400000e+10   3.568023e-06   1.100044e-06  -7.451102e-08   1.651588e-02   6.692205e-03   2.032411e-03   2.735236e-06  -2.289463e-06   8.733308e-08   6.029495e-07   7.248425e-07   5.667035e-07   6.494609e-05   1.125205e+02   7.665972e-01  -6.416616e-01   2.447661e-02
             19             99   1.618893e-02   5.088540e-03   1.473378e-03   1.618893e-02   5.088540e-03   1.473378e-03   1.209203e-03   1.564023e-03   2.989401e-10   6.953414e-07   4.515133e-07   6.819570e-04   2.400000e+10   4.319213e-06   2.159607e-06  -1.050958e-06   1.618893e-02   5.088540e-03   1.473378e-03   4.053441e-06   1.284711e-06   7.581155e-07  -6.020631e-07   2.056611e-06  -2.679070e-07   5.097264e-05   1.361113e+01   9.384674e-01   2.974410e-01   1.755217e-01
             27             99   1.516080e-02   6.149355e-03   1.832752e-03   1.516080e-02   6.149356e-03   1.832752e-03   1.077801e-03   1.625295e-03   1.945799e-10   3.331181e-07   3.551024e-07   6.480512e-04   2.400000e+10   2.211065e-06   1.105532e-06   3.656740e-07   1.516080e-02   6.149355e-03   1.832752e-03   5.555091e-07   2.098701e-06   4.191327e-07   1.065047e-06  -2.920014e-07   5.111634e-08   5.447869e-05   4.109571e+00   2.512406e-01   9.491810e-01   1.895615e-01
             27             72   1.488705e-02   8.831180e-03   1.964402e-03   1.488705e-02   8.831179e-03   1.964402e-03   2.383977e-03   2.551486e-03   1.013580e-10   6.570834e-09   3.534375e-07   1.232444e-03   2.400000e+10   1.146359e-06   5.731794e-07   4.632489e-08   1.488705e-02   8.831180e-03   1.964402e-03   8.789629e-07  -7.263307e-07  -1.183497e-07   3.083358e-07   3.114935e-07   3.693718e-07   7.088770e-05   6.986184e+01   7.667432e-01  -6.335980e-01  -1.032397e-01
             43             55   1.558304e-02   1.317978e-03   2.417891e-03   1.558304e-02   1.317979e-03   2.417890e-03   1.580881e-03   1.519798e-03   2.564072e-09   2.272774e-06   1.409546e-06   7.748690e-04   2.400000e+10   1.156537e-04   5.782684e-05   3.412096e-05   1.558304e-02   1.317979e-03   2.417890e-03   9.696389e-05   2.695068e-05  -5.698628e-05  -1.537206e-05   5.574576e-05   2.306792e-07   2.734411e-05   1.030037e+00   8.383987e-01   2.330292e-01  -4.927321e-01
             43             31   1.579364e-02   1.321641e-03   9.713587e-04   1.579365e-02   1.321645e-03   9.713624e-04   2.474378e-03   9.031230e-04   1.085938e-08   7.171282e-06   2.680471e-06   6.616335e-04   2.400000e+10   9.314639e-04   4.657320e-04  -3.225216e-04   1.579364e-02   1.321643e-03   9.713605e-04   7.855778e-04   3.817620e-04   3.236516e-04  -2.085919e-04   4.160904e-04   1.626302e-05   1.213432e-05   7.370387e+00   8.433797e-01   4.098516e-01   3.474656e-01
             43             47   1.530066e-02   2.967053e-03   1.494163e-03   1.530066e-02   2.967053e-03   1.494163e-03   9.274084e-04   1.336636e-03   7.230544e-10   7.896293e-07   6.291948e-07   5.475191e-04   2.400000e+10   1.455815e-05   7.279073e-06   4.412117e-08   1.530066e-02   2.967053e-03   1.494163e-03   1.256673e-05  -7.338118e-06  -4.109922e-07   8.162143e-07   9.955961e-07   7.164321e-06   4.092709e-05   1.499586e+00   8.632096e-01  -5.040558e-01  -2.823108e-02
             67             99   1.397512e-02   5.295217e-03   1.659568e-03   1.397512e-02   5.295217e-03   1.659568e-03   1.021414e-03   1.452551e-03   8.527423e-11   2.869255e-07   2.261407e-07   5.997078e-04   2.400000e+10   6.170872e-07   1.065393e-07  -3.056554e-09   1.397512e-02   5.295217e-03   1.659568e-03  -6.034273e-07  -1.284033e-07  -1.358807e-08   2.119770e-08  -1.032734e-07   1.535889e-08   5.756119e-05   1.435284e+01  -9.778640e-01  -2.080796e-01  -2.201969e-02
             99             47   1.497358e-02   4.151342e-03   1.511672e-03   1.497358e-02   4.151342e-03   1.511672e-03   1.745161e-03   1.502681e-03   3.134478e-10   5.076693e-09   5.030791e-07   8.074346e-04   2.400000e+10   5.046049e-06   2.523025e-06   5.464091e-07   1.497358e-02   4.151342e-03   1.511672e-03   2.393523e-06   4.399085e-06  -6.178273e-07  -1.837335e-06   7.874679e-07  -1.539399e-06   3.859233e-05   4.081324e+01   4.743360e-01   8.717880e-01  -1.224378e-01
             99            103   1.437447e-02   6.040639e-03   9.340834e-04   1.437447e-02   6.040639e-03   9.340835e-04   9.669542e-04   6.038639e-04   3.157825e-10   1.682152e-08   3.426128e-07   3.717227e-04   2.400000e+10   3.462116e-06   1.208369e-06  -1.092040e-06   1.437447e-02   6.040639e-03   9.340835e-04   1.697670e-06  -2.803833e-06   1.114757e-06  -5.574697e-07   8.837697e-08   1.068444e-06   3.161865e-05   7.565898e+01   4.903563e-01  -8.098611e-01   3.219871e-01
            115            127   1.365096e-02   6.098054e-03   3.156159e-03   1.365096e-02   6.098054e-03   3.156159e-03   1.022370e-03   1.058517e-03   3.234367e-11   4.954637e-10   1.296951e-07   5.200650e-04   2.400000e+10   1.342341e-07   6.711703e-08  -2.775201e-08   1.365096e-02   6.098054e-03   3.156159e-03  -8.569634e-08   5.653024e-08  -8.648265e-08  -4.093626e-08  -5.202406e-08   1.106412e-08   9.014501e-05   5.500877e+01  -6.384099e-01   4.211319e-01  -6.442676e-01
            195            192   1.336438e-02   7.350429e-03   4.755591e-03   1.336438e-02   7.350429e-03   4.755591e-03   1.016357e-03   1.041721e-03   1.079491e-11   8.680508e-11   7.452079e-08   5.144412e-04   2.400000e+10   2.574226e-08   6.981246e-09   3.066185e-09   1.336438e-02   7.350429e-03   4.755591e-03   1.192753e-09  -2.524910e-08  -4.870741e-09  -5.908800e-09   4.331924e-10  -3.692725e-09   5.458125e-05   3.537003e+02   4.633444e-02  -9.808425e-01  -1.892119e-01
            243            283   1.395594e-02   5.071995e-03   8.583083e-03   1.395594e-02   5.071995e-03   8.583083e-03   6.676239e-04   1.858650e-03   8.078319e-12   8.115866e-09   6.299194e-08   4.911895e-04   2.400000e+10   1.315458e-19   6.577289e-20   1.925473e-20   1.395594e-02   5.071995e-03   8.583083e-03  -1.290732e-19   1.654282e-20  -1.925473e-20   1.011175e-20   3.471281e-21  -6.489820e-20   5.588025e-03   6.370585e+12  -7.926474e-12   1.015906e-12  -1.182447e-12
            243            225   1.338572e-02   5.075201e-03   7.753479e-03   1.338572e-02   5.075201e-03   7.753479e-03   9.048102e-04   8.747180e-04   4.295298e-11   1.148936e-07   1.382156e-07   4.447548e-04   2.400000e+10   1.899767e-07   9.498834e-08   6.109941e-08   1.338572e-02   5.075201e-03   7.753479e-03  -4.199983e-08  -1.398327e-08   1.847475e-07   9.258558e-08   1.571021e-09   2.117136e-08   4.978134e-05   1.942653e+01  -2.210789e-01  -7.360521e-02   9.724744e-01
             55             87   1.347204e-02   1.421389e-03   2.194895e-03   1.347204e-02   1.421389e-03   2.194896e-03   8.377630e-04   2.156420e-03   8.614246e-10   4.304660e-07   7.209361e-07   6.033596e-04   2.400000e+10   1.987303e-05   9.936513e-06   1.193344e-06   1.347204e-02   1.421389e-03   2.194896e-03   1.698104e-05  -5.493641e-06   8.740787e-06   4.484597e-06   8.094676e-06  -3.619240e-06   3.823447e-05   8.342952e-01   8.544768e-01  -2.764370e-01   4.398317e-01
             47             87   1.316797e-02   2.936319e-03   1.553405e-03   1.316797e-02   2.936320e-03   1.553405e-03   1.054846e-03   2.436176e-03   5.612909e-10   2.640729e-08   6.427862e-07   7.361140e-04   2.400000e+10   1.154528e-05   5.772641e-06   6.511026e-07   1.316797e-02   2.936319e-03   1.553405e-03   1.037623e-05   5.015972e-06  -6.836258e-07   1.119513e-06  -2.963945e-06  -4.825465e-06   4.049208e-05   4.078838e+01   8.987423e-01   4.344608e-01  -5.921257e-02
             87            143   1.160178e-02   1.282571e-03   2.767828e-03   1.160178e-02   1.282572e-03   2.767828e-03   1.877549e-03   7.978530e-04   8.300624e-10   4.185472e-08   6.817387e-07   5.599189e-04   2.400000e+10   1.810834e-05   8.450235e-06   1.178436e-05   1.160178e-02   1.282572e-03   2.767828e-03   1.291887e-05   4.706527e-06  -1.178403e-05   9.261513e-07   7.404909e-06   3.964345e-06   3.931827e-05   3.491908e+04   7.134210e-01   2.599094e-01  -6.507516e-01
             72             39   1.271281e-02   9.928779e-03   1.395581e-03   1.271281e-02   9.928779e-03   1.395581e-03   2.323134e-03   1.293852e-03   8.806647e-12   2.900511e-07   8.554828e-08   8.310210e-04   2.400000e+10   2.123159e-19   1.061579e-19  -1.953809e-20   1.271281e-02   9.928779e-03   1.395581e-03   1.811240e-19  -1.090430e-19   1.953809e-20  -4.858850e-20  -8.840026e-20   3.307655e-20   1.101385e-02   8.163288e+10   7.512841e-12  -4.522993e-12   8.104201e-13
            299            225   1.393849e-02   6.491289e-03   7.130812e-03   1.393849e-02   6.491289e-03   7.130812e-03   2.407694e-03   1.482955e-03   2.124435e-11   2.109569e-08   1.396289e-07   9.177138e-04   2.400000e+10   9.492241e-08   4.743485e-08   3.624445e-08   1.393849e-02   6.491289e-03   7.130812e-03  -8.737117e-09   7.397672e-08   5.883342e-08  -7.559012e-09   2.859956e-08  -3.708087e-08   9.166103e-05   1.009611e+02  -9.204482e-02   7.793388e-01   6.198054e-01
            135            175   1.148071e-02   1.396771e-03   5.208734e-03   1.148071e-02   1.396771e-03   5.208734e-03   1.636419e-03   1.094874e-03   2.351903e-11   6.309537e-09   1.242095e-07   6.559795e-04   2.400000e+10   9.348117e-08   4.643940e-08  -1.428850e-09   1.148071e-02   1.396771e-03   5.208734e-03   8.055139e-08   1.888472e-08  -4.351517e-08   2.091355e-08  -3.393982e-08   2.381869e-08   9.718406e-05   1.116988e+02   8.616857e-01   2.020163e-01  -4.654967e-01
            159            247   1.675720e-02   1.060438e-03   8.637123e-03   1.675720e-02   1.060438e-03   8.637123e-03   1.653253e-03   6.249593e-04   1.000162e-11   8.391312e-07   6.734937e-08   4.535205e-04   2.400000e+10   2.155528e-08   1.077764e-08   2.430942e-09   1.675720e-02   1.060438e-03   8.637123e-03   3.082898e-09   1.082487e-09  -2.130620e-08   5.348426e-09  -9.351838e-09   3.082044e-10   7.131458e-05   1.282665e+02   1.430229e-01   5.021911e-02  -9.884445e-01
            192            168   1.315891e-02   8.575582e-03   5.124993e-03   1.315891e-02   8.575582e-03   5.124993e-03   1.262983e-03   1.583630e-03   1.332141e-11   1.947758e-11   9.674678e-08   7.026235e-04   2.400000e+10   4.124173e-08   7.274054e-09   3.642631e-09   1.315891e-02   8.575582e-03   5.124993e-03  -6.706175e-10  -4.085766e-08  -5.575115e-09   6.855970e-09   2.177498e-10  -2.420768e-09   6.512194e-05   4.542055e+02  -1.626065e-02  -9.906874e-01  -1.351814e-01
            175            263   1.075482e-02   1.502052e-03   6.926419e-03   1.075482e-02   1.502052e-03   6.926419e-03   1.571763e-03   1.065315e-03   6.441851e-11   1.157296e-10   2.022444e-07   6.349539e-04   2.400000e+10   4.169050e-07   2.084525e-07   1.927814e-05   1.075482e-02   1.502052e-03   6.926419e-03  -1.739028e-07  -1.777253e-07  -3.346361e-07  -1.902676e-08  -1.790723e-07   1.049931e-07   4.115351e-05   3.065682e-01  -4.171282e-01  -4.262968e-01  -8.026675e-01
            199            223   1.318997e-02   1.030066e-03   8.170850e-03   1.318997e-02   1.030066e-03   8.170850e-03   1.423679e-03   7.745435e-04   1.505256e-11   2.295281e-08   8.689570e-08   5.016331e-04   2.400000e+10   4.185608e-08   1.982182e-08   2.576276e-09   1.318997e-02   1.030066e-03   8.170850e-03   3.877512e-08   1.398772e-08   7.263961e-09  -1.678048e-09   1.257788e-08  -1.522779e-08   6.739409e-05   6.527779e+01   9.263916e-01   3.341862e-01   1.735461e-01
            193            215   1.060004e-02   5.122882e-03   4.968032e-03   1.060004e-02   5.122882e-03   4.968032e-03   1.555822e-03   2.292971e-03   1.841798e-10   6.565479e-09   4.131787e-07   9.269021e-04   2.400000e+10   2.435173e-06   1.217586e-06   2.305098e-09   1.060004e-02   5.122882e-03   4.968032e-03   1.234913e-07   2.431976e-06   1.762347e-08   1.173018e-06  -6.009608e-08   3.208347e-07   7.540452e-05   1.436385e+01   5.071151e-02   9.986871e-01   7.237050e-03
            239            271   1.270767e-02   3.132487e-03   8.823293e-03   1.270767e-02   3.132487e-03   8.823292e-03   1.924585e-03   1.241812e-03   6.796942e-10   3.432603e-07   7.162598e-07   7.547927e-04   2.400000e+10   1.557880e-05   7.789402e-06   2.220625e-06   1.270767e-02   3.132487e-03   8.823292e-03  -5.033870e-06  -4.673414e-06  -1.398279e-05   6.541499e-06   2.697725e-06  -3.256663e-06   3.835907e-05   2.124502e+00  -3.231230e-01  -2.999854e-01  -8.975524e-01
            271            303   1.221165e-02   3.216367e-03   1.063652e-02   1.221165e-02   3.216367e-03   1.063652e-02   2.493694e-03   1.942024e-03   5.341557e-10   4.356190e-09   7.636614e-07   1.091777e-03   2.400000e+10   1.305325e-05   6.526626e-06   6.444026e-08   1.221165e-02   3.216367e-03   1.063652e-02   1.196107e-05   5.007584e-06  -1.498095e-06  -1.517056e-07  -1.524982e-06  -6.344152e-06   5.297402e-05   5.131975e+00   9.163287e-01   3.836273e-01  -1.147680e-01
            271            239   1.270767e-02   3.132487e-03   8.823292e-03   1.270767e-02   3.132487e-03   8.823293e-03   1.241812e-03   1.924585e-03   6.796942e-10   3.432603e-07   7.162598e-07   7.547927e-04   2.400000e+10   1.557880e-05   7.789402e-06  -2.220625e-06   1.270767e-02   3.132487e-03   8.823292e-03   5.033870e-06   4.673414e-06   1.398279e-05  -6.541499e-06  -2.697725e-06   3.256663e-06   3.835907e-05   2.124502e+00   3.231230e-01   2.999854e-01   8.975524e-01
            451            409   1.322223e-02   7.657028e-03   1.704456e-02   1.322223e-02   7.657028e-03   1.704456e-02   2.154365e-03   9.234497e-04   2.448933e-11   2.549437e-08   1.258153e-07   6.463832e-04   2.400000e+10   9.859625e-08   4.929812e-08   1.729473e-09   1.322223e-02   7.657028e-03   1.704456e-02  -6.886875e-08  -1.573100e-08   6.878118e-08  -3.152460e-08   2.843675e-08  -2.505704e-08   9.656187e-05   9.057265e+01  -6.984926e-01  -1.595497e-01   6.976044e-01
            427            409   1.476263e-02   7.301189e-03   1.589891e-02   1.476263e-02   7.301189e-03   1.589891e-02   1.186175e-03   1.902815e-03   1.001462e-11   5.265724e-09   8.554246e-08   7.306827e-04   2.400000e+10   2.741361e-08   6.803111e-10   1.020205e-09   1.476263e-02   7.301189e-03   1.589891e-02   2.436604e-08  -1.252811e-08  -9.213347e-10   2.341129e-10   4.858268e-10  -4.147127e-10   6.327822e-05   1.780983e+03   8.888299e-01  -4.570031e-01  -3.360865e-02
            435            351   1.448702e-02   4.500102e-03   1.431519e-02   1.448702e-02   4.500102e-03   1.431519e-02   1.374239e-03   1.604285e-03   8.698567e-11   2.032971e-07   2.537437e-07   7.401891e-04   2.400000e+10   7.063059e-07   3.531530e-07   5.260173e-08   1.448702e-02   4.500102e-03   1.431519e-02  -4.814709e-07   4.483345e-07   2.570019e-07  -2.397333e-07  -1.282538e-07  -2.253795e-07   6.799466e-05   2.273840e+01  -6.816748e-01   6.347597e-01   3.638677e-01
            415            393   1.065302e-02   4.899971e-03   1.370673e-02   1.065302e-02   4.899971e-03   1.370673e-02   2.589532e-03   1.300339e-03   9.405686e-12   3.337814e-06   9.023324e-08   8.656505e-04   2.400000e+10   2.554451e-19   1.277225e-19  -1.356005e-19   1.065302e-02   4.899971e-03   1.370673e-02   2.005619e-19  -8.148375e-20   1.356005e-19   7.621776e-20   8.383814e-20  -5.894967e-20   4.552039e-03   5.786473e+11   7.384846e-12  -3.000295e-12   4.992916e-12
             59            292   1.822099e-02   7.660859e-03   1.197867e-02   1.822099e-02   7.660859e-03   1.197867e-02   2.872304e-03   2.305376e-03   1.636659e-11   4.652326e-09   1.446764e-07   1.278901e-03   2.400000e+10   7.577149e-08   3.788575e-08   5.458796e-09   1.822099e-02   7.660859e-03   1.197867e-02  -2.829311e-09  -7.505665e-08  -9.990640e-09   1.796189e-08   3.730417e-09  -3.314792e-08   1.217067e-04   9.637328e+02  -3.734004e-02  -9.905659e-01  -1.318522e-01
            292            255   1.757839e-02   9.907223e-03   1.266141e-02   1.757839e-02   9.907223e-03   1.266141e-02   2.352034e-03   1.176603e-03   1.000268e-11   2.576173e-10   8.857100e-08   7.842719e-04   2.400000e+10   2.835032e-08   9.689023e-10   1.038929e-08   1.757839e-02   9.907223e-03   1.266141e-02   1.488921e-08  -1.553963e-08  -1.845459e-08  -8.156600e-10  -4.326140e-10  -2.937952e-10   1.090831e-04   7.486778e+02   5.251865e-01  -5.481290e-01  -6.509483e-01
             64             34   1.491119e-02   1.915650e-02   1.183233e-03   1.491119e-02   1.915650e-02   1.183233e-03   7.208241e-04   1.725567e-03   1.715892e-11   1.722572e-08   9.340337e-08   5.084348e-04   2.400000e+10   5.128642e-08   2.564321e-08   1.709070e-08   1.491119e-02   1.915650e-02   1.183233e-03   4.715145e-08   1.066344e-08  -1.712684e-08  -6.526996e-09  -8.535927e-09  -2.328327e-08   6.055693e-05   3.074180e+04   9.193750e-01   2.079193e-01  -3.339449e-01
             40             90   1.105211e-02   1.863846e-02   2.938858e-03   1.105211e-02   1.863846e-02   2.938858e-03   1.174376e-03   1.008383e-03   1.101829e-11   1.105150e-09   7.731619e-08   5.425339e-04   2.400000e+10   2.726054e-08   6.806048e-09   1.371774e-08   1.105211e-02   1.863846e-02   2.938858e-03   1.980942e-08   1.272360e-08  -1.374169e-08   4.856989e-09  -1.808273e-09   4.411587e-09   9.844279e-05   1.318404e+05   7.266700e-01   4.667406e-01  -5.040871e-01
            168            192   1.315891e-02   8.575582e-03   5.124993e-03   1.315891e-02   8.575582e-03   5.124993e-03   1.583630e-03   1.262983e-03   1.332141e-11   1.947758e-11   9.674678e-08   7.026235e-04   2.400000e+10   4.124173e-08   7.274054e-09  -3.642631e-09   1.315891e-02   8.575582e-03   5.124993e-03   6.706175e-10   4.085766e-08   5.575115e-09  -6.855970e-09  -2.177498e-10   2.420768e-09   6.512194e-05   4.542055e+02   1.626065e-02   9.906874e-01   1.351814e-01
            114            188   1.042531e-02   1.405951e-02   4.595848e-03   1.042531e-02   1.405951e-02   4.595848e-03   2.492365e-03   1.169697e-03   2.366143e-11   9.724546e-09   1.372461e-07   7.960847e-04   2.400000e+10   1.039181e-07   5.195905e-08   2.024110e-07   1.042531e-02   1.405951e-02   4.595848e-03   5.796779e-08   8.040208e-08  -3.121236e-08   2.410203e-08   7.155969e-10   4.602524e-08   5.467584e-05   1.256592e+01   5.578219e-01   7.737062e-01  -3.003554e-01
             39            104   9.754510e-03   1.288921e-02   1.337403e-03   9.754510e-03   1.288921e-02   1.337403e-03   1.457384e-03   9.129109e-04   6.586795e-12   2.372915e-07   6.080469e-08   5.613065e-04   2.400000e+10   8.441806e-20   4.220903e-20  -9.364567e-21   9.754510e-03   1.288921e-02   1.337403e-03   5.403995e-20  -6.417473e-20   9.364567e-21  -3.157223e-20  -2.796473e-20   1.664405e-21   1.014514e-02   1.306187e+11   4.216516e-12  -5.007291e-12   7.306788e-13
             39             72   1.271281e-02   9.928779e-03   1.395581e-03   1.271281e-02   9.928779e-03   1.395581e-03   1.293852e-03   2.323134e-03   8.806647e-12   2.900511e-07   8.554828e-08   8.310210e-04   2.400000e+10   2.123159e-19   1.061579e-19   1.953809e-20   1.271281e-02   9.928779e-03   1.395581e-03  -1.811240e-19   1.090430e-19  -1.953809e-20   4.858850e-20   8.840026e-20  -3.307655e-20   1.101385e-02   8.163288e+10  -7.512841e-12   4.522993e-12  -8.104201e-13
            188            180   9.748419e-03   1.321417e-02   4.398716e-03   9.748420e-03   1.321417e-02   4.398716e-03   1.027661e-03   1.637324e-03   1.548483e-10   3.866147e-09   3.126786e-07   6.313786e-04   2.400000e+10   1.549367e-06   7.746837e-07  -2.413139e-07   9.748419e-03   1.321417e-02   4.398716e-03   5.446315e-07   9.468332e-07   1.098828e-06   7.150500e-07  -7.397580e-08  -2.887315e-07   3.309757e-05   7.177420e+00   3.515186e-01   6.111096e-01   7.092107e-01
            148            252   1.838787e-02   1.753164e-02   1.003623e-02   1.838787e-02   1.753164e-02   1.003623e-02   1.053570e-03   2.400779e-03   2.709029e-11   9.120365e-08   1.408418e-07   7.322330e-04   2.400000e+10   1.220943e-07   6.102862e-08   2.906259e-08   1.838787e-02   1.753164e-02   1.003623e-02   5.741447e-08   1.033987e-07  -3.031983e-08  -7.558452e-10   1.756487e-08   5.844139e-08   9.126551e-05   2.182751e+03   4.702471e-01   8.468761e-01  -2.483314e-01
            432            450   1.094523e-02   1.130011e-02   1.772872e-02   1.094523e-02   1.130011e-02   1.772872e-02   1.947726e-03   1.274390e-03   9.394024e-11   3.687570e-09   2.690112e-07   7.703517e-04   2.400000e+10   8.086712e-07   4.043356e-07  -2.872787e-08   1.094523e-02   1.130011e-02   1.772872e-02   5.443956e-07  -5.846491e-07   1.255704e-07   2.861816e-07   2.802057e-07   5.542660e-08   5.277569e-05   2.367261e+01   6.731977e-01  -7.229751e-01   1.552799e-01
            424            384   9.865673e-03   1.134432e-02   1.473304e-02   9.865673e-03   1.134432e-02   1.473304e-02   1.016999e-03   1.694485e-03   8.712291e-12   9.255767e-11   7.441179e-08   6.355521e-04   2.400000e+10   1.807409e-19   9.037046e-20  -4.524873e-20   9.865673e-03   1.134432e-02   1.473304e-02   1.739002e-19  -1.945647e-20   4.524873e-20   8.175429e-21   8.862648e-20  -1.566301e-20   4.729721e-03   7.113159e+13   8.382546e-12  -9.378644e-13   2.181134e-12
            255            292   1.757839e-02   9.907223e-03   1.266141e-02   1.757839e-02   9.907223e-03   1.266141e-02   1.176603e-03   2.352034e-03   1.000268e-11   2.576173e-10   8.857100e-08   7.842719e-04   2.400000e+10   2.835032e-08   9.689023e-10  -1.038929e-08   1.757839e-02   9.907223e-03   1.266141e-02  -1.488921e-08   1.553963e-08   1.845459e-08   8.156600e-10   4.326140e-10   2.937952e-10   1.090831e-04   7.486778e+02  -5.251865e-01   5.481290e-01   6.509483e-01
            388            268   1.503845e-02   1.250418e-02   1.607439e-02   1.503845e-02   1.250418e-02   1.607439e-02   1.588065e-03   1.105018e-03   9.916358e-12   1.002295e-09   8.038408e-08   6.516103e-04   2.400000e+10   2.529440e-19   1.264720e-19  -1.781320e-19   1.503845e-02   1.250418e-02   1.607439e-02  -1.353296e-19  -1.180491e-19   1.781320e-19  -7.963505e-20   3.280145e-21  -9.819710e-20   7.811954e-03   5.246936e+12  -5.305428e-12  -4.627968e-12   6.983445e-12
            352            380   1.411782e-02   1.374013e-02   1.344735e-02   1.411782e-02   1.374013e-02   1.344735e-02   1.337407e-03   1.184720e-03   4.815824e-11   1.130482e-06   1.739368e-07   6.282211e-04   2.400000e+10   2.680478e-07   1.340239e-07  -4.361472e-09   1.411782e-02   1.374013e-02   1.344735e-02  -2.362785e-07  -1.113615e-07   6.017218e-08   5.067633e-08  -4.482711e-08   1.156929e-07   4.437612e-05   3.001324e+01  -8.814790e-01  -4.154540e-01   2.244831e-01
            360            400   1.038240e-02   1.322178e-02   1.380883e-02   1.038240e-02   1.322178e-02   1.380883e-02   1.503148e-03   1.665409e-03   1.000352e-11   3.609240e-07   8.890106e-08   7.900618e-04   2.400000e+10   2.845835e-08   3.505754e-10   7.278306e-09   1.038240e-02   1.322178e-02   1.380883e-02   1.229215e-08  -2.434897e-08  -8.118376e-09   2.701128e-10   6.507972e-11   2.137916e-10   9.180486e-05   3.399448e+03   4.319347e-01  -8.556005e-01  -2.852722e-01
