              6

              1
             30
          pos_x          pos_y          pos_z       normal_x       normal_y       normal_z        tangt_x        tangt_y        tangt_z          pentr
   1.148926e-04   3.201890e-03   1.168849e-03  -1.174777e-04   0.000000e+00   0.000000e+00  -0.000000e+00  -1.122507e-07   1.563167e-05   1.813959e-09
   1.148926e-04   8.967109e-03   1.365621e-03  -2.969582e-04   0.000000e+00   0.000000e+00  -0.000000e+00  -4.909836e-05   9.268651e-05   2.231718e-09
   1.148926e-04   1.085410e-03   2.222791e-03  -1.771924e-04   0.000000e+00   0.000000e+00  -0.000000e+00   4.259115e-06   3.491314e-06   1.845322e-09
   1.148926e-04   4.137382e-03   2.784254e-03  -8.813102e-10   0.000000e+00   0.000000e+00  -0.000000e+00  -2.317451e-10   3.304366e-10   5.764502e-13
   1.148926e-04   6.503161e-03   6.008402e-04  -9.515687e-05   0.000000e+00   0.000000e+00  -0.000000e+00   1.292578e-05   2.982698e-05   1.449682e-09
   1.148926e-04   5.939061e-03   5.293243e-03  -3.989232e-09   0.000000e+00   0.000000e+00  -0.000000e+00   1.809206e-10   5.212619e-11   1.312837e-12
   1.148926e-04   1.215990e-03   9.084559e-03  -2.310737e-04   0.000000e+00   0.000000e+00  -0.000000e+00   4.119381e-05   1.400737e-05   2.378760e-09
   1.148926e-04   5.104163e-03   7.434813e-03  -3.514469e-09   0.000000e+00   0.000000e+00   0.000000e+00  -9.203079e-10   1.496966e-09   1.327152e-12
   1.148926e-04   6.661790e-03   1.069103e-02  -8.242070e-10   0.000000e+00   0.000000e+00  -0.000000e+00  -4.209882e-11  -3.637394e-11   5.122745e-13
   1.148926e-04   8.459040e-03   1.751501e-02  -5.001784e-04   0.000000e+00   0.000000e+00  -0.000000e+00  -3.106740e-05  -2.269278e-04   3.589697e-09
   1.148926e-04   5.916888e-03   1.539602e-02  -2.559365e-06   0.000000e+00   0.000000e+00  -0.000000e+00   4.005838e-07  -1.046110e-07   8.664978e-11
   1.148926e-04   1.181207e-03   1.408175e-02  -2.544479e-04   0.000000e+00   0.000000e+00  -0.000000e+00   1.091028e-04  -4.144229e-05   2.786720e-09
   1.148926e-04   1.227412e-03   1.225745e-02  -8.189540e-05   0.000000e+00   0.000000e+00  -0.000000e+00   2.122186e-06  -3.478096e-07   1.344358e-09
   1.148926e-04   2.536598e-03   1.107306e-02  -1.552749e-09   0.000000e+00   0.000000e+00  -0.000000e+00  -1.354204e-10   7.641732e-11   9.390657e-13
   1.148926e-04   1.793485e-02   9.405318e-04  -7.579008e-04   0.000000e+00   0.000000e+00  -0.000000e+00  -1.404748e-04   2.713605e-04   5.173975e-09
   1.148926e-04   1.804061e-02   5.067021e-03  -2.964480e-04   0.000000e+00   0.000000e+00  -0.000000e+00  -3.803623e-05   1.659328e-05   2.703594e-09
   1.148926e-04   1.817528e-02   7.304027e-03  -2.493334e-04   0.000000e+00   0.000000e+00  -0.000000e+00  -4.143628e-05   2.987160e-06   2.565026e-09
   1.148926e-04   1.717241e-02   2.868015e-03  -6.127372e-06   0.000000e+00   0.000000e+00  -0.000000e+00   3.079114e-08  -2.367153e-08   1.913854e-10
   1.148926e-04   1.550487e-02   1.254517e-03  -9.189109e-05   0.000000e+00   0.000000e+00  -0.000000e+00  -1.179020e-05   3.926469e-05   1.341667e-09
   1.148926e-04   1.471401e-02   7.620283e-03  -3.731498e-09   0.000000e+00   0.000000e+00  -0.000000e+00   6.988664e-10   7.247621e-10   1.430608e-12
   1.148926e-04   1.139730e-02   1.788135e-03  -8.926553e-11   0.000000e+00   0.000000e+00   0.000000e+00   4.183411e-11  -1.555606e-11   1.430201e-13
   1.148926e-04   1.582394e-02   8.919035e-03  -2.674330e-07   0.000000e+00   0.000000e+00  -0.000000e+00  -5.331364e-08   1.339623e-08   2.463669e-11
   1.148926e-04   1.262015e-02   7.213714e-04  -1.204037e-04   0.000000e+00   0.000000e+00  -0.000000e+00   1.394474e-05   5.403984e-05   1.895682e-09
   1.148926e-04   1.896276e-02   9.418731e-03  -9.994760e-05   0.000000e+00   0.000000e+00  -0.000000e+00  -3.176687e-05   1.265499e-08   1.276466e-09
   1.148926e-04   1.175754e-02   1.509389e-02  -1.044304e-10   0.000000e+00   0.000000e+00  -0.000000e+00   2.759728e-12   2.110254e-11   1.430039e-13
   1.148926e-04   1.422893e-02   1.549623e-02  -4.694892e-09   0.000000e+00   0.000000e+00  -0.000000e+00  -1.544916e-11  -9.666647e-11   1.442624e-12
   1.148926e-04   1.735933e-02   1.500426e-02  -6.144175e-04   0.000000e+00   0.000000e+00  -0.000000e+00  -1.817044e-05  -4.388533e-06   3.505151e-09
   1.148926e-04   1.025019e-02   1.509463e-02  -1.844941e-06   0.000000e+00   0.000000e+00  -0.000000e+00  -1.021506e-07   2.834065e-07   8.631111e-11
   1.148926e-04   1.834837e-02   1.196521e-02  -2.212151e-04   0.000000e+00   0.000000e+00  -0.000000e+00  -9.713895e-05   3.414048e-05   2.257733e-09
   1.148926e-04   1.021454e-02   9.665557e-03  -4.098933e-09   0.000000e+00   0.000000e+00  -0.000000e+00   6.905652e-10   5.846865e-10   1.475631e-12
                                               -4.216760e-03   0.000000e+00   0.000000e+00   0.000000e+00  -2.752672e-04   3.011077e-04   1.285260e-09

              2
             18
          pos_x          pos_y          pos_z       normal_x       normal_y       normal_z        tangt_x        tangt_y        tangt_z          pentr
   1.988507e-02   3.320016e-03   3.466657e-03   1.104458e-03   0.000000e+00   0.000000e+00  -0.000000e+00   3.263585e-04   3.837030e-04   5.015333e-09
   1.988507e-02   6.915261e-03   2.212109e-03   3.911353e-04   0.000000e+00   0.000000e+00  -0.000000e+00   8.984467e-06   1.588685e-05   2.915260e-09
   1.988507e-02   2.338616e-03   6.566565e-03   5.935840e-10   0.000000e+00   0.000000e+00  -0.000000e+00  -7.234661e-12   1.066309e-10   3.252121e-13
   1.988507e-02   1.231084e-03   9.302253e-03   2.594532e-04   0.000000e+00   0.000000e+00  -0.000000e+00   1.842273e-05   4.677053e-06   2.511335e-09
   1.988507e-02   9.609401e-03   1.173881e-03   3.654097e-04   0.000000e+00   0.000000e+00  -0.000000e+00   1.172507e-05   2.693114e-05   2.781787e-09
   1.988507e-02   2.294789e-03   1.559104e-02   4.745847e-04   0.000000e+00   0.000000e+00  -0.000000e+00   1.663152e-04  -4.496279e-06   3.585563e-09
   1.988507e-02   9.096306e-03   1.157245e-02   4.363705e-08   0.000000e+00   0.000000e+00  -0.000000e+00   7.410142e-10  -3.943434e-10   7.289162e-12
   1.988507e-02   1.918452e-02   1.243438e-03   1.929588e-04   0.000000e+00   0.000000e+00  -0.000000e+00  -5.992656e-05   4.317007e-05   2.467205e-09
   1.988507e-02   1.629448e-02   5.404792e-03   3.959920e-10   0.000000e+00   0.000000e+00  -0.000000e+00  -8.401141e-11  -9.511098e-12   3.136276e-13
   1.988507e-02   1.800994e-02   6.058936e-03   2.177358e-04   0.000000e+00   0.000000e+00  -0.000000e+00  -1.607806e-05  -2.626143e-07   2.115628e-09
   1.988507e-02   1.399968e-02   8.752468e-04   1.101458e-04   0.000000e+00   0.000000e+00  -0.000000e+00   1.882326e-06   5.040944e-05   1.669567e-09
   1.988507e-02   1.259001e-02   4.427467e-03   2.488558e-08   0.000000e+00   0.000000e+00  -0.000000e+00  -3.037367e-10  -7.457082e-09   4.072135e-12
   1.988507e-02   1.209976e-02   7.370794e-04   9.953365e-05   0.000000e+00   0.000000e+00  -0.000000e+00   3.466665e-06   6.648996e-06   1.621929e-09
   1.988507e-02   1.572868e-02   7.760587e-03   1.163503e-06   0.000000e+00   0.000000e+00  -0.000000e+00   1.252696e-07  -5.554700e-07   6.005381e-11
   1.988507e-02   1.872707e-02   9.915960e-03   1.698053e-04   0.000000e+00   0.000000e+00  -0.000000e+00  -3.019270e-05  -8.715863e-06   1.556217e-09
   1.988507e-02   1.705662e-02   1.236829e-02   2.479056e-06   0.000000e+00   0.000000e+00  -0.000000e+00   5.779284e-07   8.064866e-07   1.071641e-10
   1.988507e-02   1.102230e-02   1.246629e-02   2.324412e-07   0.000000e+00   0.000000e+00  -0.000000e+00  -3.254547e-08  -6.725572e-08   2.049747e-11
   1.988507e-02   1.023634e-02   9.598591e-03   5.463573e-09   0.000000e+00   0.000000e+00  -0.000000e+00   4.967863e-10  -3.081525e-10   1.803845e-12
                                                3.389170e-03   0.000000e+00   0.000000e+00   0.000000e+00   4.316292e-04   5.181275e-04   1.468963e-09

              3
             24
          pos_x          pos_y          pos_z       normal_x       normal_y       normal_z        tangt_x        tangt_y        tangt_z          pentr
   2.410540e-03   1.148949e-04   1.065318e-03   0.000000e+00  -3.440577e-04   0.000000e+00   1.934035e-05  -0.000000e+00   1.639346e-04   3.442606e-09
   6.253114e-03   1.148949e-04   1.033926e-03   0.000000e+00  -2.819240e-04   0.000000e+00  -1.289344e-05  -0.000000e+00   1.086194e-04   2.953704e-09
   7.371300e-04   1.148949e-04   1.940947e-03   0.000000e+00  -7.673146e-05   0.000000e+00   2.950142e-05  -0.000000e+00  -1.491770e-05   1.430543e-09
   4.015091e-03   1.148949e-04   2.257563e-03   0.000000e+00  -1.506944e-09   0.000000e+00   3.628044e-10  -0.000000e+00  -2.955092e-10   8.316348e-13
   1.508485e-03   1.148949e-04   8.546297e-03   0.000000e+00  -2.299535e-04   0.000000e+00   1.835777e-05  -0.000000e+00  -1.947176e-06   1.960661e-09
   9.730571e-04   1.148949e-04   4.194207e-03   0.000000e+00  -2.318083e-10   0.000000e+00  -7.620528e-12  -0.000000e+00   8.563027e-11   2.583818e-13
   5.727192e-03   1.148949e-04   6.414831e-03   0.000000e+00  -2.679430e-07   0.000000e+00  -3.226812e-08  -0.000000e+00   1.183500e-07   2.995002e-11
   9.608082e-03   1.148949e-04   1.529299e-03   0.000000e+00  -4.975982e-04   0.000000e+00   5.327082e-05  -0.000000e+00   2.277374e-04   3.966194e-09
   8.313456e-03   1.148949e-04   9.649490e-03   0.000000e+00  -7.584426e-10   0.000000e+00  -1.421119e-10  -0.000000e+00  -1.022756e-10   5.293401e-13
   4.077977e-03   1.148949e-04   1.550345e-02   0.000000e+00  -7.993989e-07   0.000000e+00   1.562835e-07  -0.000000e+00   1.189932e-08   5.802811e-11
   1.737335e-03   1.148949e-04   1.453183e-02   0.000000e+00  -1.646078e-04   0.000000e+00   6.575436e-05  -0.000000e+00   1.811456e-05   1.563873e-09
   5.489553e-03   1.148949e-04   1.381534e-02   0.000000e+00  -4.303008e-11   0.000000e+00  -2.141896e-24   0.000000e+00  -4.900562e-25   7.983714e-14
   1.055880e-03   1.148949e-04   1.252537e-02   0.000000e+00  -1.008308e-04   0.000000e+00   1.977571e-05  -0.000000e+00   5.596415e-06   1.709331e-09
   9.478882e-04   1.148949e-04   1.069419e-02   0.000000e+00  -1.974328e-05   0.000000e+00  -3.905602e-06  -0.000000e+00   7.836943e-06   4.479056e-10
   3.090025e-03   1.148949e-04   1.075204e-02   0.000000e+00  -2.974060e-09   0.000000e+00   1.119362e-10  -0.000000e+00   6.643564e-10   1.320450e-12
   8.290159e-03   1.148949e-04   1.778023e-02   0.000000e+00  -1.462170e-07   0.000000e+00  -2.850031e-08  -0.000000e+00   2.547215e-09   1.895803e-11
   1.749852e-02   1.148949e-04   1.925859e-03   0.000000e+00  -3.534971e-04   0.000000e+00  -1.878705e-05  -0.000000e+00   1.883584e-05   2.784783e-09
   1.853716e-02   1.148949e-04   8.988534e-03   0.000000e+00  -2.152441e-04   0.000000e+00  -1.036748e-04  -0.000000e+00  -2.413666e-05   1.894495e-09
   1.505424e-02   1.148949e-04   3.107731e-03   0.000000e+00  -6.638028e-05   0.000000e+00  -1.592277e-05  -0.000000e+00   1.995937e-05   8.864425e-10
   1.531143e-02   1.148949e-04   1.022757e-03   0.000000e+00  -1.036425e-03   0.000000e+00  -2.158848e-04  -0.000000e+00   2.170618e-04   7.737871e-09
   1.427020e-02   1.148949e-04   9.051979e-03   0.000000e+00  -2.787417e-07   0.000000e+00  -1.056492e-07  -0.000000e+00  -2.919462e-08   2.269322e-11
   1.013755e-02   1.148949e-04   3.815748e-03   0.000000e+00  -1.934998e-06   0.000000e+00  -2.600122e-07  -0.000000e+00   1.687170e-07   7.873744e-11
   1.350695e-02   1.148949e-04   1.230588e-02   0.000000e+00  -7.020677e-10   0.000000e+00   9.243709e-11   0.000000e+00   3.386446e-10   5.285470e-13
   1.731357e-02   1.148949e-04   1.565155e-02   0.000000e+00  -4.004568e-04   0.000000e+00  -8.621390e-05  -0.000000e+00   2.014703e-06   2.853671e-09
                                                0.000000e+00  -3.790883e-03   0.000000e+00  -2.515517e-04   0.000000e+00   7.489826e-04   1.410166e-09

              4
             23
          pos_x          pos_y          pos_z       normal_x       normal_y       normal_z        tangt_x        tangt_y        tangt_z          pentr
   1.978190e-03   1.988507e-02   2.566968e-03   0.000000e+00   1.087276e-04   0.000000e+00   2.277300e-05  -0.000000e+00   4.780087e-05   1.226409e-09
   3.988310e-03   1.988507e-02   4.361232e-03   0.000000e+00   2.298735e-04   0.000000e+00   3.103656e-06  -0.000000e+00   8.059295e-06   1.880514e-09
   7.864978e-03   1.988507e-02   2.758006e-03   0.000000e+00   1.841402e-06   0.000000e+00   3.469903e-07  -0.000000e+00   3.600032e-07   8.781258e-11
   1.854809e-03   1.988507e-02   5.024996e-03   0.000000e+00   2.874033e-04   0.000000e+00   1.048554e-04  -0.000000e+00   4.243898e-05   2.752004e-09
   1.652811e-03   1.988507e-02   7.279666e-03   0.000000e+00   2.746757e-04   0.000000e+00   3.489997e-05  -0.000000e+00   1.380070e-06   2.900069e-09
   8.571365e-04   1.988507e-02   9.417983e-03   0.000000e+00   1.240986e-04   0.000000e+00   5.311485e-05  -0.000000e+00  -3.749508e-08   1.748288e-09
   7.432195e-03   1.988507e-02   1.640931e-02   0.000000e+00   4.012146e-10   0.000000e+00  -1.117241e-11  -0.000000e+00   7.493828e-11   3.651732e-13
   4.980030e-03   1.988507e-02   1.548427e-02   0.000000e+00   1.144829e-06   0.000000e+00  -7.203085e-08  -0.000000e+00   3.131131e-07   6.789466e-11
   2.379614e-03   1.988507e-02   1.562545e-02   0.000000e+00   6.876242e-04   0.000000e+00   3.887629e-06  -0.000000e+00   1.153751e-06   4.006478e-09
   1.736955e-03   1.988507e-02   1.142431e-02   0.000000e+00   2.098348e-04   0.000000e+00   9.492855e-05  -0.000000e+00  -3.153202e-05   2.058595e-09
   4.199238e-03   1.988507e-02   9.591054e-03   0.000000e+00   9.609885e-07   0.000000e+00   2.474165e-07  -0.000000e+00  -3.184826e-08   4.249234e-11
   1.905764e-02   1.988507e-02   7.347923e-04   0.000000e+00   3.438718e-04   0.000000e+00  -7.838453e-05  -0.000000e+00   8.900731e-05   3.277346e-09
   1.835285e-02   1.988507e-02   6.093948e-03   0.000000e+00   2.658625e-04   0.000000e+00  -8.736043e-05  -0.000000e+00   1.907344e-06   2.760927e-09
   1.543875e-02   1.988507e-02   1.058765e-03   0.000000e+00   8.750574e-05   0.000000e+00  -1.258688e-05  -0.000000e+00   3.813595e-05   1.200747e-09
   1.391795e-02   1.988507e-02   1.981542e-03   0.000000e+00   2.224942e-04   0.000000e+00   2.402769e-06  -0.000000e+00   5.927995e-05   2.170510e-09
   1.352480e-02   1.988507e-02   6.172637e-03   0.000000e+00   8.492248e-11   0.000000e+00  -1.086164e-11  -0.000000e+00   1.320475e-11   1.348956e-13
   1.572455e-02   1.988507e-02   5.524275e-03   0.000000e+00   1.543377e-09   0.000000e+00   4.117408e-10   0.000000e+00   6.526660e-10   9.086412e-13
   1.690802e-02   1.988507e-02   8.590831e-03   0.000000e+00   2.550943e-08   0.000000e+00   4.120692e-09  -0.000000e+00   1.951108e-09   4.901878e-12
   1.029237e-02   1.988507e-02   1.233859e-03   0.000000e+00   9.155245e-05   0.000000e+00   1.383236e-06  -0.000000e+00   6.622995e-06   1.478406e-09
   1.907278e-02   1.988507e-02   1.027109e-02   0.000000e+00   2.448665e-04   0.000000e+00  -3.862409e-05  -0.000000e+00   1.678594e-05   2.559162e-09
   1.583810e-02   1.988507e-02   1.050866e-02   0.000000e+00   1.168376e-09   0.000000e+00   4.902935e-10   0.000000e+00   3.176282e-10   7.867838e-13
   1.182472e-02   1.988507e-02   1.704086e-02   0.000000e+00   4.980876e-10   0.000000e+00  -1.183619e-10  -0.000000e+00  -1.973173e-10   3.766119e-13
   1.355126e-02   1.988507e-02   1.460372e-02   0.000000e+00   6.529646e-10   0.000000e+00  -2.036842e-11  -0.000000e+00   1.760906e-10   4.713938e-13
                                                0.000000e+00   3.182368e-03   0.000000e+00   1.049204e-04   0.000000e+00   2.816472e-04   1.314156e-09

              5
             32
          pos_x          pos_y          pos_z       normal_x       normal_y       normal_z        tangt_x        tangt_y        tangt_z          pentr
   2.476374e-03   1.611246e-03   1.149099e-04   0.000000e+00   0.000000e+00  -2.620812e-04   1.508104e-05   1.108548e-04  -0.000000e+00   2.115082e-09
   6.360429e-03   1.548995e-03   1.149099e-04   0.000000e+00   0.000000e+00  -1.815093e-04   2.069386e-06   2.927238e-05  -0.000000e+00   1.621883e-09
   1.363638e-03   3.197602e-03   1.149099e-04   0.000000e+00   0.000000e+00  -9.956224e-05   2.862424e-05  -2.639413e-07  -0.000000e+00   1.453188e-09
   6.069663e-03   8.939240e-03   1.149099e-04   0.000000e+00   0.000000e+00  -1.128340e-08   1.563254e-09   1.882989e-10  -0.000000e+00   3.547621e-12
   1.246063e-03   9.631987e-03   1.149099e-04   0.000000e+00   0.000000e+00  -3.243117e-04   1.376427e-04   8.089584e-05  -0.000000e+00   2.599022e-09
   6.614242e-04   6.295338e-03   1.149099e-04   0.000000e+00   0.000000e+00  -8.463181e-05   1.751177e-05  -6.569761e-06  -0.000000e+00   1.245602e-09
   2.511630e-03   6.756303e-03   1.149099e-04   0.000000e+00   0.000000e+00  -5.683351e-05   4.782463e-06   2.349253e-07  -0.000000e+00   8.485106e-10
   4.438305e-03   1.834159e-03   1.149099e-04   0.000000e+00   0.000000e+00  -4.756868e-10   6.936088e-11  -7.144498e-11  -0.000000e+00   3.686878e-13
   9.277592e-03   2.361748e-03   1.149099e-04   0.000000e+00   0.000000e+00  -3.151706e-04  -1.313224e-05   8.970754e-05  -0.000000e+00   2.131012e-09
   1.165598e-03   1.829750e-02   1.149099e-04   0.000000e+00   0.000000e+00  -1.040142e-03   1.515220e-04   7.297319e-07  -0.000000e+00   5.291633e-09
   2.398222e-03   1.673800e-02   1.149099e-04   0.000000e+00   0.000000e+00  -4.890905e-05   7.013412e-06  -2.735849e-06  -0.000000e+00   8.595734e-10
   6.343734e-03   1.814397e-02   1.149099e-04   0.000000e+00   0.000000e+00  -1.794934e-05   6.534868e-06  -2.636744e-06  -0.000000e+00   3.927795e-10
   1.144570e-03   1.584837e-02   1.149099e-04   0.000000e+00   0.000000e+00  -1.016756e-04   4.046339e-05   1.345753e-05  -0.000000e+00   1.561391e-09
   5.111005e-03   1.605320e-02   1.149099e-04   0.000000e+00   0.000000e+00  -1.389344e-04   2.895174e-05  -6.157371e-05  -0.000000e+00   1.351792e-09
   1.054940e-03   1.246251e-02   1.149099e-04   0.000000e+00   0.000000e+00  -7.868430e-05   3.706810e-05  -6.234012e-06  -0.000000e+00   1.052498e-09
   7.153861e-03   1.088579e-02   1.149099e-04   0.000000e+00   0.000000e+00  -1.666440e-09   6.976353e-10   3.397211e-10  -0.000000e+00   7.216470e-13
   1.006005e-02   1.584081e-02   1.149099e-04   0.000000e+00   0.000000e+00  -1.714920e-09  -1.599360e-10  -7.336436e-11  -0.000000e+00   8.768630e-13
   1.779710e-02   5.720202e-03   1.149099e-04   0.000000e+00   0.000000e+00  -3.906698e-04  -8.852825e-05  -5.025104e-05  -0.000000e+00   2.950602e-09
   1.693524e-02   2.066625e-03   1.149099e-04   0.000000e+00   0.000000e+00  -6.675397e-04  -6.607768e-05   2.352609e-04  -0.000000e+00   4.160133e-09
   1.844416e-02   3.823175e-03   1.149099e-04   0.000000e+00   0.000000e+00  -3.298592e-10  -2.758159e-23   2.687469e-23   0.000000e+00   2.769546e-13
   1.507760e-02   1.328292e-03   1.149099e-04   0.000000e+00   0.000000e+00  -5.651274e-04  -5.310186e-05   4.205819e-05  -0.000000e+00   4.225432e-09
   1.423880e-02   3.257703e-03   1.149099e-04   0.000000e+00   0.000000e+00  -8.367448e-06  -3.187220e-06   1.540550e-06  -0.000000e+00   2.894385e-10
   1.389001e-02   7.085240e-03   1.149099e-04   0.000000e+00   0.000000e+00  -2.778215e-09  -5.116923e-10   8.167155e-10  -0.000000e+00   1.168027e-12
   1.874573e-02   9.115619e-03   1.149099e-04   0.000000e+00   0.000000e+00  -3.415599e-04  -6.189095e-05  -2.763184e-05  -0.000000e+00   2.476383e-09
   1.074613e-02   6.441455e-03   1.149099e-04   0.000000e+00   0.000000e+00  -8.981222e-08   3.890999e-08   2.241810e-08   0.000000e+00   1.043745e-11
   1.871429e-02   1.934060e-02   1.149099e-04   0.000000e+00   0.000000e+00  -2.076596e-04  -3.801466e-05  -6.076738e-05  -0.000000e+00   2.505841e-09
   1.909326e-02   1.397200e-02   1.149099e-04   0.000000e+00   0.000000e+00  -1.066705e-04  -3.842878e-05  -1.276436e-06  -0.000000e+00   1.585969e-09
   1.574494e-02   1.909704e-02   1.149099e-04   0.000000e+00   0.000000e+00  -1.047653e-04   5.563642e-06  -1.537638e-05  -0.000000e+00   1.575210e-09
   1.384033e-02   1.829642e-02   1.149099e-04   0.000000e+00   0.000000e+00  -2.623731e-04  -4.785223e-06  -9.580471e-05  -0.000000e+00   2.687599e-09
   1.898996e-02   1.175831e-02   1.149099e-04   0.000000e+00   0.000000e+00  -6.922206e-05  -4.569096e-06  -1.699474e-06  -0.000000e+00   9.803991e-10
   1.386515e-02   1.285714e-02   1.149099e-04   0.000000e+00   0.000000e+00  -2.897283e-09  -4.564670e-10  -7.855950e-10  -0.000000e+00   1.219607e-12
   1.005461e-02   1.889579e-02   1.149099e-04   0.000000e+00   0.000000e+00  -1.035449e-04  -6.685470e-06  -2.789904e-05  -0.000000e+00   1.727673e-09
                                                0.000000e+00   0.000000e+00  -5.578006e-03   1.044674e-04   2.433149e-04   0.000000e+00   1.490852e-09

              6
              9
          pos_x          pos_y          pos_z       normal_x       normal_y       normal_z        tangt_x        tangt_y        tangt_z          pentr
   1.996873e-03   8.663369e-03   1.896659e-02   0.000000e+00   0.000000e+00   3.913521e-04   1.324098e-04   1.557229e-05  -0.000000e+00   2.509893e-09
   6.143895e-03   8.444630e-03   1.896659e-02   0.000000e+00   0.000000e+00   2.489777e-09  -2.285633e-10  -1.223726e-09   0.000000e+00   1.183456e-12
   2.613985e-03   3.868574e-03   1.896659e-02   0.000000e+00   0.000000e+00   9.884727e-06  -4.379681e-07   3.417233e-06  -0.000000e+00   2.140728e-10
   7.915530e-03   3.881271e-03   1.896659e-02   0.000000e+00   0.000000e+00   5.604585e-10  -1.163498e-10   2.549337e-10   0.000000e+00   4.916761e-13
   5.189901e-03   1.402198e-02   1.896659e-02   0.000000e+00   0.000000e+00   4.002710e-10   1.368513e-21  -5.573827e-22   0.000000e+00   3.887862e-13
   1.572223e-02   7.469212e-03   1.896659e-02   0.000000e+00   0.000000e+00   8.283114e-09   2.704393e-09  -2.029369e-09  -0.000000e+00   1.865338e-12
   1.206065e-02   1.290605e-02   1.896659e-02   0.000000e+00   0.000000e+00   3.434308e-09   1.707225e-09  -1.843908e-10   0.000000e+00   1.552810e-12
   1.107492e-02   1.043288e-02   1.896659e-02   0.000000e+00   0.000000e+00   2.308797e-07  -8.980294e-08  -2.839035e-08  -0.000000e+00   2.411603e-11
   1.032796e-02   1.239848e-02   1.896659e-02   0.000000e+00   0.000000e+00   2.781990e-07   1.077281e-07  -7.863649e-08  -0.000000e+00   3.003583e-11
                                                0.000000e+00   0.000000e+00   4.017611e-04   1.319938e-04   1.887931e-05   0.000000e+00   3.092889e-10

