              6

              1
             22
          pos_x          pos_y          pos_z       normal_x       normal_y       normal_z        tangt_x        tangt_y        tangt_z          pentr
   2.536938e-04   9.083020e-03   1.485634e-03  -6.593904e-03   0.000000e+00   0.000000e+00  -0.000000e+00   2.479818e-03  -1.903105e-03   1.734535e-08
   2.536938e-04   1.537685e-03   6.430502e-03  -4.686434e-02   0.000000e+00   0.000000e+00  -0.000000e+00   4.277401e-03   2.841209e-03   8.881825e-08
   2.536938e-04   6.123546e-03   5.602333e-03  -5.434779e-02   0.000000e+00   0.000000e+00  -0.000000e+00   1.621941e-02   5.948379e-03   7.378694e-08
   2.536938e-04   1.355968e-03   9.222232e-03  -9.405885e-04   0.000000e+00   0.000000e+00  -0.000000e+00   3.605934e-05   1.821907e-04   6.053695e-09
   2.536938e-04   8.524146e-03   8.879780e-03  -6.008205e-03   0.000000e+00   0.000000e+00  -0.000000e+00   3.343187e-04  -1.436346e-03   1.973073e-08
   2.536938e-04   4.982824e-03   7.640571e-03  -8.269655e-03   0.000000e+00   0.000000e+00  -0.000000e+00  -2.823464e-04  -7.381430e-04   2.343088e-08
   2.536938e-04   3.684243e-03   1.001143e-02  -1.005274e-02   0.000000e+00   0.000000e+00  -0.000000e+00  -2.339543e-03  -8.958296e-04   2.956920e-08
   2.536938e-04   5.717854e-03   1.578902e-02  -1.146236e-02   0.000000e+00   0.000000e+00  -0.000000e+00   1.940453e-03   2.578902e-03   2.327701e-08
   2.536938e-04   1.782912e-02   1.066903e-03  -9.536896e-02   0.000000e+00   0.000000e+00  -0.000000e+00  -2.430176e-02   3.391002e-02   1.304447e-07
   2.536938e-04   1.788023e-02   5.279579e-03  -8.325847e-03   0.000000e+00   0.000000e+00  -0.000000e+00  -2.958851e-03   2.671469e-03   2.470908e-08
   2.536938e-04   1.804237e-02   7.478979e-03  -3.887040e-03   0.000000e+00   0.000000e+00  -0.000000e+00  -1.696325e-03  -3.803071e-04   1.601097e-08
   2.536938e-04   1.702683e-02   3.112070e-03  -4.717091e-03   0.000000e+00   0.000000e+00  -0.000000e+00   1.661883e-03  -1.501176e-03   1.593509e-08
   2.536938e-04   1.180193e-02   4.954063e-03  -1.103476e-02   0.000000e+00   0.000000e+00  -0.000000e+00   3.222853e-03   1.128775e-03   2.776679e-08
   2.536938e-04   1.169858e-02   1.615688e-02  -1.119183e-02   0.000000e+00   0.000000e+00  -0.000000e+00  -2.649500e-04   4.147405e-03   3.060765e-08
   2.536938e-04   1.403181e-02   1.555847e-02  -2.047864e-02   0.000000e+00   0.000000e+00  -0.000000e+00  -2.629403e-03  -4.794349e-03   3.844234e-08
   2.536938e-04   1.721025e-02   1.480924e-02  -1.278204e-02   0.000000e+00   0.000000e+00  -0.000000e+00  -4.810468e-03  -1.840882e-03   2.632375e-08
   2.536938e-04   1.007403e-02   1.543804e-02  -5.708396e-04   0.000000e+00   0.000000e+00  -0.000000e+00  -6.062098e-06   1.551750e-05   3.946029e-09
   2.536938e-04   1.427606e-02   1.238714e-02  -5.906358e-03   0.000000e+00   0.000000e+00  -0.000000e+00  -1.979160e-03   1.967376e-03   1.902881e-08
   2.536938e-04   1.635636e-02   1.231531e-02  -7.413076e-04   0.000000e+00   0.000000e+00  -0.000000e+00  -6.483350e-07   8.172331e-07   4.826783e-09
   2.536938e-04   1.816221e-02   1.221753e-02  -2.761732e-04   0.000000e+00   0.000000e+00  -0.000000e+00  -7.878599e-05   7.453763e-05   2.628470e-09
   2.536938e-04   1.361328e-02   9.518404e-03  -3.360931e-02   0.000000e+00   0.000000e+00  -0.000000e+00   1.027984e-02   6.734114e-03   5.918842e-08
   2.536938e-04   1.022353e-02   1.004283e-02  -1.324772e-03   0.000000e+00   0.000000e+00  -0.000000e+00  -6.826672e-05   4.963993e-04   6.967021e-09
                                               -3.547546e-01   0.000000e+00   0.000000e+00   0.000000e+00  -9.645314e-04   4.920698e-02   3.131082e-08

              2
             25
          pos_x          pos_y          pos_z       normal_x       normal_y       normal_z        tangt_x        tangt_y        tangt_z          pentr
   1.974508e-02   3.531288e-03   3.555529e-03   7.949655e-02   0.000000e+00   0.000000e+00  -0.000000e+00   1.478998e-02   3.664157e-02   8.670683e-08
   1.974508e-02   7.028302e-03   2.398963e-03   4.836186e-02   0.000000e+00   0.000000e+00  -0.000000e+00   1.357474e-02   1.446347e-02   7.183846e-08
   1.974508e-02   5.664621e-03   5.581138e-03   1.611741e-05   0.000000e+00   0.000000e+00  -0.000000e+00   5.897761e-06  -1.677406e-06   3.541073e-10
   1.974508e-02   9.642506e-03   5.872034e-03   1.533699e-02   0.000000e+00   0.000000e+00  -0.000000e+00   3.099709e-03   2.767221e-03   3.453068e-08
   1.974508e-02   7.298344e-03   8.117614e-03   7.058895e-03   0.000000e+00   0.000000e+00  -0.000000e+00   2.054585e-03   2.265136e-03   2.179329e-08
   1.974508e-02   9.276762e-03   3.270225e-03   9.207115e-10   0.000000e+00   0.000000e+00  -0.000000e+00  -8.276822e-11   1.178936e-10   6.665016e-13
   1.974508e-02   9.784656e-03   1.391324e-03   6.090782e-02   0.000000e+00   0.000000e+00  -0.000000e+00   2.124766e-02   4.262669e-03   8.204717e-08
   1.974508e-02   1.005029e-02   8.127559e-03   6.569789e-04   0.000000e+00   0.000000e+00  -0.000000e+00  -6.236079e-05   2.546427e-05   4.799175e-09
   1.974508e-02   2.410522e-03   1.528587e-02   1.780734e-06   0.000000e+00   0.000000e+00  -0.000000e+00  -5.520681e-07   4.138214e-08   8.707888e-11
   1.974508e-02   4.909065e-03   1.564480e-02   1.438394e-06   0.000000e+00   0.000000e+00  -0.000000e+00   4.673130e-07   1.410133e-07   7.323717e-11
   1.974508e-02   1.313114e-03   1.223122e-02   1.023236e-08   0.000000e+00   0.000000e+00  -0.000000e+00   8.794422e-11   8.164158e-10   2.726729e-12
   1.974508e-02   6.851548e-03   1.124258e-02   1.023297e-03   0.000000e+00   0.000000e+00  -0.000000e+00   9.703923e-05   2.073454e-04   5.573035e-09
   1.974508e-02   1.380300e-03   9.645726e-03   1.795320e-02   0.000000e+00   0.000000e+00  -0.000000e+00   6.915048e-03   4.744568e-03   4.204700e-08
   1.974508e-02   1.909267e-02   1.365771e-03   7.571215e-05   0.000000e+00   0.000000e+00  -0.000000e+00  -2.937549e-05   2.154070e-05   1.342542e-09
   1.974508e-02   1.844652e-02   4.590656e-03   1.656151e-09   0.000000e+00   0.000000e+00   0.000000e+00  -6.314339e-11   8.256648e-10   1.021794e-12
   1.974508e-02   1.799553e-02   6.022345e-03   1.871805e-04   0.000000e+00   0.000000e+00  -0.000000e+00  -7.497405e-05  -1.870635e-05   1.885850e-09
   1.974508e-02   1.213889e-02   7.876490e-03   1.351235e-03   0.000000e+00   0.000000e+00  -0.000000e+00  -9.236827e-06  -1.126320e-05   6.905725e-09
   1.974508e-02   1.398226e-02   1.018811e-03   7.254389e-03   0.000000e+00   0.000000e+00  -0.000000e+00  -1.791336e-03  -1.250451e-03   2.724872e-08
   1.974508e-02   1.250156e-02   5.003111e-03   1.468247e-03   0.000000e+00   0.000000e+00  -0.000000e+00   5.260051e-04   3.846159e-04   6.154432e-09
   1.974508e-02   1.529992e-02   8.024319e-03   2.623381e-03   0.000000e+00   0.000000e+00  -0.000000e+00   9.874078e-04   3.510485e-04   9.657673e-09
   1.974508e-02   1.833347e-02   9.651409e-03   3.673373e-08   0.000000e+00   0.000000e+00  -0.000000e+00  -6.038857e-09   8.630873e-09   5.690327e-12
   1.974508e-02   1.475313e-02   1.685197e-02   8.848223e-03   0.000000e+00   0.000000e+00  -0.000000e+00  -3.038021e-03  -3.117598e-03   2.045165e-08
   1.974508e-02   1.900683e-02   1.678353e-02   2.250599e-04   0.000000e+00   0.000000e+00  -0.000000e+00  -7.247871e-05  -9.620809e-06   2.149027e-09
   1.974508e-02   1.751474e-02   1.472344e-02   1.603639e-02   0.000000e+00   0.000000e+00  -0.000000e+00  -2.606589e-03   3.903734e-03   3.208607e-08
   1.974508e-02   1.299668e-02   1.509408e-02   3.673008e-05   0.000000e+00   0.000000e+00  -0.000000e+00  -2.239607e-07  -2.067932e-07   6.355516e-10
                                                2.689215e-01   0.000000e+00   0.000000e+00   0.000000e+00   5.561338e-02   6.562905e-02   1.833510e-08

              3
             19
          pos_x          pos_y          pos_z       normal_x       normal_y       normal_z        tangt_x        tangt_y        tangt_z          pentr
   6.217217e-03   2.518684e-04   1.137761e-03   0.000000e+00  -2.601769e-02   0.000000e+00   1.714145e-03  -0.000000e+00   1.069366e-02   6.054671e-08
   7.382764e-03   2.518684e-04   2.975679e-03   0.000000e+00  -9.658086e-04   0.000000e+00  -1.226322e-04   0.000000e+00  -4.670738e-04   4.996450e-09
   2.541872e-03   2.518684e-04   3.707920e-03   0.000000e+00  -5.354528e-02   0.000000e+00   7.097939e-03  -0.000000e+00  -1.387762e-02   8.681250e-08
   1.880150e-03   2.518684e-04   6.545722e-03   0.000000e+00  -3.966711e-02   0.000000e+00   1.779364e-02  -0.000000e+00   8.102964e-03   6.943158e-08
   1.635869e-03   2.518684e-04   8.677076e-03   0.000000e+00  -1.503545e-03   0.000000e+00  -2.922280e-05  -0.000000e+00   3.486162e-04   6.886755e-09
   4.088140e-03   2.518684e-04   8.221735e-03   0.000000e+00  -8.828995e-04   0.000000e+00   6.404726e-05  -0.000000e+00   2.349595e-04   5.473954e-09
   5.707825e-03   2.518684e-04   6.758500e-03   0.000000e+00  -5.811947e-03   0.000000e+00   2.232454e-03  -0.000000e+00   2.817144e-05   2.352898e-08
   9.524076e-03   2.518684e-04   1.683686e-03   0.000000e+00  -3.369169e-02   0.000000e+00  -1.420591e-02  -0.000000e+00   1.584818e-03   6.592858e-08
   4.209015e-03   2.518684e-04   1.552277e-02   0.000000e+00  -1.038897e-02   0.000000e+00   9.592676e-04  -0.000000e+00   2.751370e-03   3.240515e-08
   8.540592e-03   2.518684e-04   1.283277e-02   0.000000e+00  -2.599376e-03   0.000000e+00   9.291716e-04  -0.000000e+00  -4.359614e-04   9.560363e-09
   2.704725e-03   2.518684e-04   1.289491e-02   0.000000e+00  -3.395459e-03   0.000000e+00  -4.841531e-04  -0.000000e+00   2.607025e-04   1.608728e-08
   5.706629e-03   2.518684e-04   1.114989e-02   0.000000e+00  -1.015124e-02   0.000000e+00   1.628379e-03  -0.000000e+00  -2.569675e-03   3.256632e-08
   1.737920e-02   2.518684e-04   2.071798e-03   0.000000e+00  -9.076061e-02   0.000000e+00   1.350002e-02  -0.000000e+00   3.698739e-02   1.119583e-07
   1.696092e-02   2.518684e-04   4.944115e-03   0.000000e+00  -5.849192e-03   0.000000e+00  -2.505834e-03  -0.000000e+00   1.452949e-04   1.711130e-08
   1.496733e-02   2.518684e-04   3.277434e-03   0.000000e+00  -4.703448e-02   0.000000e+00  -7.113784e-03  -0.000000e+00   1.597746e-02   7.064121e-08
   1.102586e-02   2.518684e-04   6.469409e-03   0.000000e+00  -1.237242e-02   0.000000e+00   6.013488e-04  -0.000000e+00   5.545240e-03   3.348628e-08
   1.438093e-02   2.518684e-04   9.522225e-03   0.000000e+00  -1.062220e-02   0.000000e+00   1.718859e-03  -0.000000e+00   3.354438e-03   2.588587e-08
   1.006965e-02   2.518684e-04   4.032352e-03   0.000000e+00  -1.761470e-03   0.000000e+00  -6.916481e-04  -0.000000e+00   1.886262e-05   7.440148e-09
   1.834665e-02   2.518684e-04   9.550676e-03   0.000000e+00  -1.220438e-02   0.000000e+00  -1.893768e-03  -0.000000e+00   4.841123e-03   2.750280e-08
                                                0.000000e+00  -3.692258e-01   0.000000e+00   2.119232e-02   0.000000e+00   7.352474e-02   3.727634e-08

              4
             28
          pos_x          pos_y          pos_z       normal_x       normal_y       normal_z        tangt_x        tangt_y        tangt_z          pentr
   2.220097e-03   1.974508e-02   2.723706e-03   0.000000e+00   4.795841e-02   0.000000e+00   1.130158e-02  -0.000000e+00   1.826823e-02   7.176963e-08
   4.271896e-03   1.974508e-02   4.671044e-03   0.000000e+00   3.334158e-02   0.000000e+00   3.223442e-03  -0.000000e+00   8.502706e-03   5.200666e-08
   7.774273e-03   1.974508e-02   2.884889e-03   0.000000e+00   2.986107e-02   0.000000e+00   9.823050e-03  -0.000000e+00   1.853969e-03   5.661405e-08
   9.884626e-03   1.974508e-02   7.879207e-03   0.000000e+00   6.616918e-05   0.000000e+00   6.469372e-06  -0.000000e+00   3.101585e-05   9.997946e-10
   1.988886e-03   1.974508e-02   5.221194e-03   0.000000e+00   6.180692e-03   0.000000e+00   1.230278e-03  -0.000000e+00   2.266175e-03   2.126454e-08
   1.778513e-03   1.974508e-02   7.386405e-03   0.000000e+00   3.997128e-03   0.000000e+00   2.025061e-04  -0.000000e+00  -1.742751e-03   1.732595e-08
   5.085814e-03   1.974508e-02   1.526859e-03   0.000000e+00   1.184501e-02   0.000000e+00   5.011021e-03  -0.000000e+00  -2.700238e-04   2.764111e-08
   8.326724e-03   1.974508e-02   9.305250e-03   0.000000e+00   4.737396e-02   0.000000e+00   2.200428e-02  -0.000000e+00   5.834088e-03   6.549839e-08
   7.579404e-03   1.974508e-02   6.928969e-03   0.000000e+00   4.472736e-09   0.000000e+00   4.555453e-10   0.000000e+00   2.189480e-09   1.874795e-12
   7.685163e-03   1.974508e-02   1.643414e-02   0.000000e+00   2.197291e-03   0.000000e+00   7.580117e-04  -0.000000e+00  -5.780500e-04   1.189588e-08
   2.539737e-03   1.974508e-02   1.544760e-02   0.000000e+00   1.021377e-02   0.000000e+00  -1.119214e-03  -0.000000e+00   2.829581e-03   2.402610e-08
   1.008972e-02   1.974508e-02   1.516019e-02   0.000000e+00   3.894517e-03   0.000000e+00   6.006385e-04  -0.000000e+00   8.251662e-04   1.106147e-08
   6.207540e-03   1.974508e-02   1.264062e-02   0.000000e+00   9.165748e-03   0.000000e+00   1.747621e-03  -0.000000e+00   2.647629e-03   2.274438e-08
   1.988840e-03   1.974508e-02   1.180209e-02   0.000000e+00   5.265837e-04   0.000000e+00   1.576694e-04  -0.000000e+00  -4.500101e-05   3.832021e-09
   4.436439e-03   1.974508e-02   9.627947e-03   0.000000e+00   7.769748e-03   0.000000e+00   3.105421e-03  -0.000000e+00  -9.322636e-04   1.706361e-08
   1.890221e-02   1.974508e-02   8.885209e-04   0.000000e+00   5.902720e-05   0.000000e+00  -7.496260e-06  -0.000000e+00  -4.215032e-06   9.542777e-10
   1.839476e-02   1.974508e-02   6.469528e-03   0.000000e+00   2.426715e-04   0.000000e+00  -1.130596e-04  -0.000000e+00   3.751317e-05   2.674927e-09
   1.760619e-02   1.974508e-02   2.717233e-03   0.000000e+00   3.903652e-03   0.000000e+00   9.941057e-05  -0.000000e+00   6.865769e-04   1.410763e-08
   1.391979e-02   1.974508e-02   4.206534e-03   0.000000e+00   1.907152e-03   0.000000e+00  -6.168782e-04  -0.000000e+00   1.979528e-04   9.253044e-09
   1.579198e-02   1.974508e-02   1.107917e-03   0.000000e+00   1.026302e-09   0.000000e+00   6.605801e-13   0.000000e+00   5.131507e-10   5.861214e-13
   1.197751e-02   1.974508e-02   2.423506e-03   0.000000e+00   1.472967e-02   0.000000e+00  -1.845106e-03  -0.000000e+00   2.492061e-03   3.009366e-08
   1.145754e-02   1.974508e-02   5.724540e-03   0.000000e+00   1.603741e-10   0.000000e+00   5.065823e-11  -0.000000e+00  -3.732947e-12   1.601462e-13
   1.374953e-02   1.974508e-02   8.108127e-03   0.000000e+00   2.236599e-04   0.000000e+00   8.555608e-07  -0.000000e+00  -8.490277e-05   2.820707e-09
   1.683324e-02   1.974508e-02   8.619452e-03   0.000000e+00   2.672860e-05   0.000000e+00   3.571596e-06  -0.000000e+00   1.119930e-06   5.071580e-10
   1.489099e-02   1.974508e-02   1.066226e-02   0.000000e+00   1.297279e-03   0.000000e+00   5.410853e-04  -0.000000e+00  -3.513019e-04   7.000474e-09
   1.908972e-02   1.974508e-02   1.688260e-02   0.000000e+00   2.516631e-04   0.000000e+00  -1.027433e-04  -0.000000e+00   1.552537e-05   2.529699e-09
   1.385873e-02   1.974508e-02   1.505392e-02   0.000000e+00   8.450617e-11   0.000000e+00  -9.497587e-12  -0.000000e+00   1.975209e-11   1.200776e-13
   1.683890e-02   1.974508e-02   1.345755e-02   0.000000e+00   7.450048e-03   0.000000e+00  -3.199370e-03   0.000000e+00  -1.907836e-03   1.796069e-08
                                                0.000000e+00   2.444832e-01   0.000000e+00   5.281305e-02   0.000000e+00   4.057296e-02   1.755888e-08

              5
             21
          pos_x          pos_y          pos_z       normal_x       normal_y       normal_z        tangt_x        tangt_y        tangt_z          pentr
   6.273039e-03   1.636419e-03   2.509481e-04   0.000000e+00   0.000000e+00  -3.224921e-02  -4.450382e-03   1.325623e-02  -0.000000e+00   5.144876e-08
   6.221058e-03   8.892248e-03   2.509481e-04   0.000000e+00   0.000000e+00  -5.111075e-03  -5.308198e-04   1.482798e-03  -0.000000e+00   2.039370e-08
   1.340462e-03   9.634992e-03   2.509481e-04   0.000000e+00   0.000000e+00  -2.003463e-03   7.749285e-04   4.017396e-05  -0.000000e+00   8.762427e-09
   2.602369e-03   6.724722e-03   2.509481e-04   0.000000e+00   0.000000e+00  -3.629724e-03   5.916104e-04  -2.787639e-04  -0.000000e+00   1.362371e-08
   4.070085e-03   8.974973e-03   2.509481e-04   0.000000e+00   0.000000e+00  -2.633328e-04  -3.447798e-05   4.425238e-06  -0.000000e+00   2.001249e-09
   6.465504e-03   7.001063e-03   2.509481e-04   0.000000e+00   0.000000e+00  -3.529657e-04   4.635215e-06  -2.209977e-05  -0.000000e+00   2.890581e-09
   8.464479e-03   4.995834e-03   2.509481e-04   0.000000e+00   0.000000e+00  -1.754581e-02   1.366498e-03  -2.734942e-03  -0.000000e+00   3.951044e-08
   9.212227e-03   2.524634e-03   2.509481e-04   0.000000e+00   0.000000e+00  -3.113996e-03  -1.278159e-03  -6.221383e-04  -0.000000e+00   9.829392e-09
   1.312687e-03   1.813402e-02   2.509481e-04   0.000000e+00   0.000000e+00  -9.973821e-02   4.209995e-02   1.162854e-03  -0.000000e+00   1.099183e-07
   4.313962e-03   1.848717e-02   2.509481e-04   0.000000e+00   0.000000e+00  -7.369921e-04   1.496678e-04  -1.758589e-04  -0.000000e+00   4.528396e-09
   5.213039e-03   1.588341e-02   2.509481e-04   0.000000e+00   0.000000e+00  -1.347512e-02  -4.084478e-03  -4.950262e-03  -0.000000e+00   2.878387e-08
   2.735896e-03   1.426092e-02   2.509481e-04   0.000000e+00   0.000000e+00  -1.735780e-03   1.058203e-04  -2.574908e-04  -0.000000e+00   8.260447e-09
   9.194357e-03   1.333807e-02   2.509481e-04   0.000000e+00   0.000000e+00  -1.301857e-02  -5.187843e-03   3.038094e-03  -0.000000e+00   3.249073e-08
   1.765369e-02   5.850422e-03   2.509481e-04   0.000000e+00   0.000000e+00  -1.416587e-02  -2.324859e-03   1.422140e-03  -0.000000e+00   3.261948e-08
   1.681234e-02   2.205194e-03   2.509481e-04   0.000000e+00   0.000000e+00  -9.276980e-02  -5.062042e-03   4.233692e-02  -0.000000e+00   1.113401e-07
   1.409802e-02   3.433822e-03   2.509481e-04   0.000000e+00   0.000000e+00  -1.569946e-02  -7.196576e-03  -1.107084e-03  -0.000000e+00   4.399788e-08
   1.862899e-02   9.125712e-03   2.509481e-04   0.000000e+00   0.000000e+00  -2.081067e-02  -9.487071e-03  -1.742922e-03  -0.000000e+00   4.004140e-08
   1.427495e-02   1.623427e-02   2.509481e-04   0.000000e+00   0.000000e+00  -2.747174e-04   6.515675e-05  -2.401779e-05  -0.000000e+00   2.478281e-09
   1.160209e-02   1.672974e-02   2.509481e-04   0.000000e+00   0.000000e+00  -3.808442e-04   6.649233e-06  -1.293540e-05  -0.000000e+00   3.168665e-09
   1.379749e-02   1.272936e-02   2.509481e-04   0.000000e+00   0.000000e+00  -1.993838e-03  -6.798018e-04   3.330045e-04  -0.000000e+00   9.422951e-09
   1.086722e-02   1.088001e-02   2.509481e-04   0.000000e+00   0.000000e+00  -3.325040e-02  -6.439252e-03   8.187058e-03  -0.000000e+00   4.570920e-08
                                                0.000000e+00   0.000000e+00  -3.723198e-01  -1.590846e-03   5.933518e-02   0.000000e+00   2.958190e-08

              6
             22
          pos_x          pos_y          pos_z       normal_x       normal_y       normal_z        tangt_x        tangt_y        tangt_z          pentr
   2.121890e-03   8.592481e-03   1.882660e-02   0.000000e+00   0.000000e+00   7.921082e-03   8.209387e-04   3.359081e-03  -0.000000e+00   1.871790e-08
   5.312548e-03   7.702196e-03   1.882660e-02   0.000000e+00   0.000000e+00   1.204607e-08   2.396774e-09   5.525616e-09   0.000000e+00   3.598920e-12
   2.559835e-03   3.313642e-03   1.882660e-02   0.000000e+00   0.000000e+00   1.348756e-02  -4.453431e-04   3.345504e-04  -0.000000e+00   2.589199e-08
   3.828782e-03   6.967724e-03   1.882660e-02   0.000000e+00   0.000000e+00   4.705496e-09   1.502502e-09  -1.810500e-09   0.000000e+00   2.024415e-12
   8.392512e-03   4.752066e-03   1.882660e-02   0.000000e+00   0.000000e+00   1.959755e-03   5.094101e-04  -1.398238e-04  -0.000000e+00   9.229205e-09
   5.816300e-03   4.637139e-03   1.882660e-02   0.000000e+00   0.000000e+00   1.167171e-03   7.286959e-06  -2.249132e-04  -0.000000e+00   5.752277e-09
   8.067281e-03   6.572622e-03   1.882660e-02   0.000000e+00   0.000000e+00   1.647351e-03  -7.267328e-04  -1.373483e-04  -0.000000e+00   8.880653e-09
   8.125878e-03   1.373027e-03   1.882660e-02   0.000000e+00   0.000000e+00   1.167117e-09   2.601875e-11  -1.872575e-11  -0.000000e+00   8.125584e-13
   7.629913e-03   9.865939e-03   1.882660e-02   0.000000e+00   0.000000e+00   1.836531e-03  -3.457144e-04   5.312487e-04  -0.000000e+00   7.799789e-09
   1.939226e-03   1.228218e-02   1.882660e-02   0.000000e+00   0.000000e+00   5.224053e-03   1.699838e-03   7.586592e-04  -0.000000e+00   1.620469e-08
   2.876846e-03   1.553773e-02   1.882660e-02   0.000000e+00   0.000000e+00   7.634964e-02   1.154502e-02   1.627332e-02  -0.000000e+00   7.733266e-08
   8.999327e-03   1.799837e-02   1.882660e-02   0.000000e+00   0.000000e+00   3.035563e-09   2.720220e-10  -2.158004e-10  -0.000000e+00   1.090388e-12
   6.263226e-03   1.818336e-02   1.882660e-02   0.000000e+00   0.000000e+00   1.176886e-02   5.810094e-03  -7.419666e-04  -0.000000e+00   2.692984e-08
   5.071334e-03   1.339937e-02   1.882660e-02   0.000000e+00   0.000000e+00   1.200723e-08  -3.784320e-20  -4.660562e-20   0.000000e+00   3.347808e-12
   7.645462e-03   1.375753e-02   1.882660e-02   0.000000e+00   0.000000e+00   4.962143e-04  -4.095887e-05   1.233837e-04  -0.000000e+00   3.019493e-09
   6.142679e-03   1.201671e-02   1.882660e-02   0.000000e+00   0.000000e+00   1.748200e-10  -6.895662e-11  -5.371676e-11   0.000000e+00   2.453246e-13
   4.419330e-03   1.077856e-02   1.882660e-02   0.000000e+00   0.000000e+00   1.590379e-02   6.552106e-04  -5.425691e-03  -0.000000e+00   3.588312e-08
   1.368972e-02   3.806544e-03   1.882660e-02   0.000000e+00   0.000000e+00   3.802127e-06  -2.291826e-07  -3.417282e-07  -0.000000e+00   1.109141e-10
   1.092470e-02   7.298478e-03   1.882660e-02   0.000000e+00   0.000000e+00   5.781648e-03   1.967515e-03  -3.003500e-04  -0.000000e+00   1.465147e-08
   1.680217e-02   9.554676e-03   1.882660e-02   0.000000e+00   0.000000e+00   1.653965e-05   6.516417e-06   1.887686e-06  -0.000000e+00   3.901105e-10
   1.799184e-02   1.160405e-02   1.882660e-02   0.000000e+00   0.000000e+00   3.128058e-04  -1.159477e-04  -2.484216e-05  -0.000000e+00   2.662536e-09
   1.837403e-02   1.514205e-02   1.882660e-02   0.000000e+00   0.000000e+00   1.199197e-02  -5.067768e-03   8.879248e-04  -0.000000e+00   3.188038e-08
                                                0.000000e+00   0.000000e+00   1.558688e-01   1.627914e-02   1.527478e-02   0.000000e+00   1.297037e-08

