              6

              1
             32
          pos_x          pos_y          pos_z       normal_x       normal_y       normal_z        tangt_x        tangt_y        tangt_z          pentr
   1.993196e-04   3.288131e-03   1.260251e-03  -2.954118e-04   0.000000e+00   0.000000e+00  -0.000000e+00   2.221502e-05   1.458974e-04   3.324226e-09
   1.993196e-04   9.034757e-03   1.438517e-03  -1.200188e-02   0.000000e+00   0.000000e+00  -0.000000e+00  -3.604438e-03   2.991116e-03   2.600439e-08
   1.993196e-04   1.111363e-03   2.334444e-03  -4.111712e-04   0.000000e+00   0.000000e+00  -0.000000e+00   8.802867e-05   1.785250e-04   3.242744e-09
   1.993196e-04   6.006730e-03   2.959023e-03  -1.614105e-03   0.000000e+00   0.000000e+00  -0.000000e+00   2.175442e-06   4.318018e-04   8.285360e-09
   1.993196e-04   1.494945e-03   6.408620e-03  -6.423361e-03   0.000000e+00   0.000000e+00  -0.000000e+00   1.507979e-03  -8.974481e-04   2.374206e-08
   1.993196e-04   6.032023e-03   5.446601e-03  -5.942015e-04   0.000000e+00   0.000000e+00  -0.000000e+00   7.576601e-05   1.807135e-05   3.654319e-09
   1.993196e-04   1.300576e-03   9.164718e-03  -8.792917e-04   0.000000e+00   0.000000e+00  -0.000000e+00   1.241682e-04   2.288555e-04   5.793744e-09
   1.993196e-04   5.011840e-03   7.513934e-03  -3.411552e-05   0.000000e+00   0.000000e+00  -0.000000e+00  -6.428466e-06   9.709538e-06   6.027127e-10
   1.993196e-04   6.704408e-03   1.079466e-02  -1.171550e-02   0.000000e+00   0.000000e+00  -0.000000e+00   2.336260e-03   5.211659e-03   3.007105e-08
   1.993196e-04   8.464132e-03   1.743986e-02  -1.292237e-03   0.000000e+00   0.000000e+00  -0.000000e+00   1.958644e-04  -1.979793e-04   6.763075e-09
   1.993196e-04   5.859103e-03   1.543155e-02  -3.453253e-03   0.000000e+00   0.000000e+00  -0.000000e+00  -2.656669e-04   8.972450e-04   1.057022e-08
   1.993196e-04   2.899531e-03   1.480336e-02  -4.292351e-08   0.000000e+00   0.000000e+00  -0.000000e+00  -1.172274e-09  -3.757487e-09   7.499409e-12
   1.993196e-04   8.883429e-03   1.346464e-02  -5.722738e-03   0.000000e+00   0.000000e+00  -0.000000e+00  -1.425819e-03   4.806553e-04   2.214500e-08
   1.993196e-04   7.218957e-03   1.329776e-02  -1.620664e-09   0.000000e+00   0.000000e+00   0.000000e+00   5.459039e-10  -5.988549e-10   9.339135e-13
   1.993196e-04   1.787352e-02   1.017571e-03  -6.022034e-03   0.000000e+00   0.000000e+00  -0.000000e+00  -8.268046e-04   2.789105e-03   2.063344e-08
   1.993196e-04   1.794083e-02   5.192972e-03  -4.281937e-03   0.000000e+00   0.000000e+00  -0.000000e+00  -1.339335e-03   4.814108e-04   1.590984e-08
   1.993196e-04   1.809480e-02   7.419724e-03  -1.664229e-03   0.000000e+00   0.000000e+00  -0.000000e+00  -1.476519e-04   5.747637e-05   9.085187e-09
   1.993196e-04   1.708367e-02   3.027269e-03  -3.145152e-03   0.000000e+00   0.000000e+00  -0.000000e+00   3.130740e-04  -1.539741e-03   1.211312e-08
   1.993196e-04   1.465484e-02   7.704165e-03  -2.038659e-10   0.000000e+00   0.000000e+00  -0.000000e+00  -1.013815e-11  -2.929306e-11   2.095385e-13
   1.993196e-04   1.140912e-02   1.932116e-03  -4.274701e-05   0.000000e+00   0.000000e+00  -0.000000e+00   7.881698e-06  -5.506712e-07   8.477212e-10
   1.993196e-04   1.576998e-02   8.991636e-03  -1.575214e-03   0.000000e+00   0.000000e+00  -0.000000e+00  -4.686688e-05  -1.920900e-04   8.054328e-09
   1.993196e-04   1.180155e-02   4.934677e-03  -2.763190e-03   0.000000e+00   0.000000e+00  -0.000000e+00   5.938358e-04   9.523466e-04   1.099478e-08
   1.993196e-04   1.163490e-02   7.556921e-03  -1.342668e-03   0.000000e+00   0.000000e+00  -0.000000e+00  -1.989506e-04   4.634140e-04   8.102311e-09
   1.993196e-04   9.972865e-03   8.253858e-03  -3.187144e-04   0.000000e+00   0.000000e+00  -0.000000e+00  -1.163267e-04   3.878823e-05   3.368890e-09
   1.993196e-04   1.888084e-02   9.391273e-03  -1.016390e-04   0.000000e+00   0.000000e+00  -0.000000e+00  -1.849379e-05  -1.144848e-07   1.285315e-09
   1.993196e-04   1.163861e-02   9.318956e-03  -9.116021e-04   0.000000e+00   0.000000e+00  -0.000000e+00   5.574623e-05   2.917244e-04   7.478855e-09
   1.993196e-04   1.170100e-02   1.755380e-02  -8.715117e-04   0.000000e+00   0.000000e+00  -0.000000e+00   3.588382e-04  -1.823303e-04   6.018422e-09
   1.993196e-04   1.399492e-02   1.554885e-02  -7.259844e-03   0.000000e+00   0.000000e+00  -0.000000e+00   6.654357e-04  -6.270173e-04   1.915381e-08
   1.993196e-04   1.726328e-02   1.487230e-02  -5.673186e-03   0.000000e+00   0.000000e+00  -0.000000e+00  -2.003143e-03  -9.410207e-04   1.538278e-08
   1.993196e-04   1.431256e-02   1.235797e-02  -1.323513e-03   0.000000e+00   0.000000e+00  -0.000000e+00   6.053623e-04   8.494498e-05   6.998574e-09
   1.993196e-04   1.633561e-02   1.239966e-02  -2.404198e-09   0.000000e+00   0.000000e+00   0.000000e+00  -1.193459e-09   1.438644e-10   1.067886e-12
   1.993196e-04   1.013909e-02   9.905799e-03  -2.398251e-03   0.000000e+00   0.000000e+00  -0.000000e+00  -6.275917e-04  -2.867813e-04   1.029486e-08
                                               -8.413274e-02   0.000000e+00   0.000000e+00   0.000000e+00  -3.674888e-03   1.088767e-02   9.372839e-09

              2
             21
          pos_x          pos_y          pos_z       normal_x       normal_y       normal_z        tangt_x        tangt_y        tangt_z          pentr
   1.980007e-02   3.457303e-03   3.516192e-03   2.198086e-02   0.000000e+00   0.000000e+00  -0.000000e+00   7.985907e-03   7.463544e-03   3.682767e-08
   1.980007e-02   6.985202e-03   2.286586e-03   5.822293e-03   0.000000e+00   0.000000e+00  -0.000000e+00   2.448882e-03  -3.439738e-06   1.757993e-08
   1.980007e-02   5.470723e-03   5.678390e-03   6.277016e-04   0.000000e+00   0.000000e+00  -0.000000e+00  -1.185832e-04   4.254669e-05   4.099714e-09
   1.980007e-02   9.711445e-03   5.630071e-03   5.001448e-04   0.000000e+00   0.000000e+00  -0.000000e+00   1.611656e-04   1.646437e-04   3.568092e-09
   1.980007e-02   7.282707e-03   8.097873e-03   2.630979e-03   0.000000e+00   0.000000e+00  -0.000000e+00   9.815539e-04   5.550583e-05   1.126521e-08
   1.980007e-02   1.320954e-03   9.639851e-03   1.102244e-02   0.000000e+00   0.000000e+00  -0.000000e+00   4.267770e-03   2.758679e-03   3.042151e-08
   1.980007e-02   9.022037e-03   3.102184e-03   1.517211e-03   0.000000e+00   0.000000e+00  -0.000000e+00   8.814098e-05   3.797544e-04   8.569258e-09
   1.980007e-02   9.791411e-03   1.391838e-03   1.623527e-02   0.000000e+00   0.000000e+00  -0.000000e+00   6.028099e-03  -3.553331e-03   3.401466e-08
   1.980007e-02   2.367646e-03   1.566050e-02   4.830501e-04   0.000000e+00   0.000000e+00  -0.000000e+00   2.393321e-04  -1.039513e-05   3.637501e-09
   1.980007e-02   4.967606e-03   1.559060e-02   6.233855e-06   0.000000e+00   0.000000e+00  -0.000000e+00  -7.631108e-07  -6.871623e-07   2.008759e-10
   1.980007e-02   4.217327e-03   1.158713e-02   2.483860e-09   0.000000e+00   0.000000e+00  -0.000000e+00  -7.575582e-11   4.974467e-10   1.136171e-12
   1.980007e-02   1.913947e-02   1.316480e-03   7.292634e-05   0.000000e+00   0.000000e+00  -0.000000e+00  -2.194914e-05   1.625519e-05   1.304217e-09
   1.980007e-02   1.398183e-02   9.498003e-04   1.096025e-04   0.000000e+00   0.000000e+00  -0.000000e+00   3.529274e-07   1.501875e-05   1.674689e-09
   1.980007e-02   1.251114e-02   4.933165e-03   2.373088e-05   0.000000e+00   0.000000e+00  -0.000000e+00   1.819554e-06  -1.709982e-06   3.932616e-10
   1.980007e-02   1.205749e-02   7.992379e-04   9.544872e-05   0.000000e+00   0.000000e+00  -0.000000e+00   2.077405e-05   3.648337e-05   1.559936e-09
   1.980007e-02   1.580821e-02   7.869739e-03   5.341771e-04   0.000000e+00   0.000000e+00  -0.000000e+00   2.596127e-04   1.438906e-05   3.510053e-09
   1.980007e-02   1.035069e-02   8.838602e-03   5.188010e-10   0.000000e+00   0.000000e+00   0.000000e+00  -1.942588e-11   2.586721e-10   4.309886e-13
   1.980007e-02   1.907766e-02   1.664238e-02   2.197944e-04   0.000000e+00   0.000000e+00  -0.000000e+00  -1.450830e-05  -2.688768e-06   2.154074e-09
   1.980007e-02   1.732933e-02   1.434390e-02   2.482938e-05   0.000000e+00   0.000000e+00  -0.000000e+00  -7.054460e-06  -1.704314e-06   4.280704e-10
   1.980007e-02   1.240335e-02   1.506255e-02   3.521261e-12   0.000000e+00   0.000000e+00   0.000000e+00   2.876511e-25  -4.739434e-26   1.457515e-14
   1.980007e-02   1.674085e-02   1.200720e-02   8.702416e-09   0.000000e+00   0.000000e+00  -0.000000e+00   1.359016e-09   2.011706e-09   2.451997e-12
                                                6.190670e-02   0.000000e+00   0.000000e+00   0.000000e+00   2.232055e-02   7.372867e-03   7.676798e-09

              3
             27
          pos_x          pos_y          pos_z       normal_x       normal_y       normal_z        tangt_x        tangt_y        tangt_z          pentr
   6.217632e-03   1.978782e-04   1.093172e-03   0.000000e+00  -2.845203e-04   0.000000e+00  -8.516333e-06  -0.000000e+00   1.214200e-04   2.982256e-09
   8.037560e-04   1.978782e-04   2.013059e-03   0.000000e+00  -2.184691e-04   0.000000e+00   5.309926e-05  -0.000000e+00  -2.931224e-05   2.827053e-09
   7.387042e-03   1.978782e-04   2.829334e-03   0.000000e+00  -1.369352e-03   0.000000e+00   2.502283e-04  -0.000000e+00  -9.691149e-05   6.382303e-09
   4.051574e-03   1.978782e-04   2.305225e-03   0.000000e+00  -5.772340e-10   0.000000e+00  -3.385497e-11  -0.000000e+00   4.246696e-11   4.375924e-13
   2.467685e-03   1.978782e-04   3.637521e-03   0.000000e+00  -6.052852e-04   0.000000e+00   3.519769e-05  -0.000000e+00   1.484581e-04   4.349365e-09
   1.833952e-03   1.978782e-04   6.504917e-03   0.000000e+00  -1.616213e-03   0.000000e+00   4.771795e-04  -0.000000e+00   2.639471e-04   8.293010e-09
   1.590775e-03   1.978782e-04   8.626744e-03   0.000000e+00  -1.006061e-03   0.000000e+00   1.221043e-04  -0.000000e+00   2.693436e-04   5.250208e-09
   4.082838e-03   1.978782e-04   6.605062e-03   0.000000e+00  -7.194856e-03   0.000000e+00   2.251592e-03  -0.000000e+00   3.983705e-04   2.595255e-08
   5.681032e-03   1.978782e-04   6.682136e-03   0.000000e+00  -3.858733e-04   0.000000e+00  -2.345687e-05  -0.000000e+00   7.427871e-05   3.858418e-09
   9.546252e-03   1.978782e-04   1.622290e-03   0.000000e+00  -7.306116e-03   0.000000e+00  -5.168178e-04  -0.000000e+00   2.947813e-03   2.377931e-08
   1.289642e-03   1.978782e-04   1.737055e-02   0.000000e+00  -3.340741e-09   0.000000e+00  -3.658812e-10   0.000000e+00  -1.629806e-09   1.662322e-12
   5.601904e-03   1.978782e-04   1.386215e-02   0.000000e+00  -5.100267e-03   0.000000e+00   1.736409e-03  -0.000000e+00   1.234724e-03   1.970088e-08
   8.423130e-03   1.978782e-04   1.278307e-02   0.000000e+00  -1.190864e-03   0.000000e+00   3.075063e-04  -0.000000e+00  -2.838636e-04   5.625266e-09
   2.697115e-03   1.978782e-04   1.288388e-02   0.000000e+00  -7.506251e-10   0.000000e+00   2.596466e-10  -0.000000e+00  -1.332886e-10   5.868545e-13
   3.045624e-03   1.978782e-04   1.087544e-02   0.000000e+00  -4.640769e-09   0.000000e+00   2.601093e-10  -0.000000e+00   1.366216e-09   1.744285e-12
   8.036214e-03   1.978782e-04   1.762925e-02   0.000000e+00  -1.046643e-04   0.000000e+00   1.008153e-06  -0.000000e+00  -9.454294e-06   1.500525e-09
   1.742336e-02   1.978782e-04   2.017130e-03   0.000000e+00  -2.582493e-02   0.000000e+00   4.619437e-03  -0.000000e+00   6.072792e-03   4.850761e-08
   1.704271e-02   1.978782e-04   4.900343e-03   0.000000e+00  -3.548705e-03   0.000000e+00  -9.850734e-04  -0.000000e+00   5.860532e-04   1.230440e-08
   1.840215e-02   1.978782e-04   9.532053e-03   0.000000e+00  -7.420234e-03   0.000000e+00  -2.003757e-03  -0.000000e+00   2.579968e-03   1.970592e-08
   1.499967e-02   1.978782e-04   3.204838e-03   0.000000e+00  -4.429846e-03   0.000000e+00  -2.289366e-04  -0.000000e+00   9.494090e-04   1.463054e-08
   1.524389e-02   1.978782e-04   1.053213e-03   0.000000e+00  -6.537496e-04   0.000000e+00  -1.010235e-04  -0.000000e+00   1.471839e-04   5.697281e-09
   1.431613e-02   1.978782e-04   9.336843e-03   0.000000e+00  -6.243102e-03   0.000000e+00   3.202760e-06  -0.000000e+00   5.407650e-04   1.819879e-08
   1.006218e-02   1.978782e-04   3.951011e-03   0.000000e+00  -2.623764e-03   0.000000e+00  -7.535188e-05  -0.000000e+00   9.418240e-05   9.682790e-09
   1.034378e-02   1.978782e-04   1.080198e-02   0.000000e+00  -4.232342e-03   0.000000e+00  -1.052684e-03  -0.000000e+00   4.654040e-04   1.566449e-08
   1.723414e-02   1.978782e-04   1.575381e-02   0.000000e+00  -4.036554e-04   0.000000e+00  -5.174017e-05  -0.000000e+00   1.757135e-06   2.871201e-09
   1.345752e-02   1.978782e-04   1.514673e-02   0.000000e+00  -6.926834e-04   0.000000e+00   4.485600e-05  -0.000000e+00   8.020873e-05   4.264319e-09
   1.590133e-02   1.978782e-04   1.270990e-02   0.000000e+00  -4.700899e-09   0.000000e+00   2.025845e-10  -0.000000e+00  -4.693862e-10   1.516045e-12
                                                0.000000e+00  -8.245557e-02   0.000000e+00   4.854463e-03   0.000000e+00   1.655654e-02   9.704979e-09

              4
             25
          pos_x          pos_y          pos_z       normal_x       normal_y       normal_z        tangt_x        tangt_y        tangt_z          pentr
   2.104954e-03   1.980007e-02   2.653336e-03   0.000000e+00   1.661609e-03   0.000000e+00  -7.196449e-06  -0.000000e+00   5.035244e-04   7.612057e-09
   6.309615e-03   1.980007e-02   6.386830e-03   0.000000e+00   2.558180e-03   0.000000e+00   1.681043e-04  -0.000000e+00   7.282512e-04   1.119123e-08
   4.045830e-03   1.980007e-02   4.598920e-03   0.000000e+00   3.675442e-04   0.000000e+00   2.897848e-05  -0.000000e+00   1.378979e-04   2.573936e-09
   7.783369e-03   1.980007e-02   2.857124e-03   0.000000e+00   2.126720e-02   0.000000e+00   7.982605e-04  -0.000000e+00   4.905871e-03   4.505416e-08
   1.936068e-03   1.980007e-02   5.140052e-03   0.000000e+00   6.842828e-03   0.000000e+00   5.772766e-04  -0.000000e+00   1.324456e-03   2.276072e-08
   1.725019e-03   1.980007e-02   7.330022e-03   0.000000e+00   2.408317e-03   0.000000e+00   5.960725e-04  -0.000000e+00   9.480722e-05   1.235855e-08
   5.018268e-03   1.980007e-02   1.442532e-03   0.000000e+00   1.702140e-03   0.000000e+00   6.861858e-04  -0.000000e+00   6.769909e-06   7.598591e-09
   8.257061e-03   1.980007e-02   9.279205e-03   0.000000e+00   5.508134e-03   0.000000e+00   8.409576e-04  -0.000000e+00  -2.554740e-03   1.561662e-08
   8.084155e-03   1.980007e-02   7.011091e-03   0.000000e+00   6.099977e-09   0.000000e+00  -1.031296e-09   0.000000e+00  -2.870341e-09   1.970580e-12
   9.332652e-04   1.980007e-02   9.398255e-03   0.000000e+00   1.275265e-04   0.000000e+00   3.033435e-05  -0.000000e+00   3.369324e-07   1.783759e-09
   7.685347e-03   1.980007e-02   1.659261e-02   0.000000e+00   1.213154e-09   0.000000e+00  -9.674214e-11  -0.000000e+00   5.022660e-10   7.956726e-13
   5.106811e-03   1.980007e-02   1.548398e-02   0.000000e+00   4.370061e-03   0.000000e+00   1.786317e-03  -0.000000e+00  -2.998898e-04   1.660443e-08
   2.483449e-03   1.980007e-02   1.551106e-02   0.000000e+00   2.230663e-03   0.000000e+00   4.397818e-04  -0.000000e+00   2.897928e-04   8.743473e-09
   1.010478e-02   1.980007e-02   1.532539e-02   0.000000e+00   2.179152e-03   0.000000e+00   1.773850e-04  -0.000000e+00   2.618247e-04   7.585091e-09
   5.997030e-03   1.980007e-02   1.260235e-02   0.000000e+00   1.221846e-03   0.000000e+00  -2.402331e-04  -0.000000e+00   4.274226e-04   5.898757e-09
   1.900811e-03   1.980007e-02   1.133166e-02   0.000000e+00   4.406101e-09   0.000000e+00  -6.195752e-10  -0.000000e+00  -1.225518e-09   1.586203e-12
   1.896649e-02   1.980007e-02   8.282145e-04   0.000000e+00   5.782970e-05   0.000000e+00  -1.175141e-05  -0.000000e+00  -6.827957e-06   9.558450e-10
   1.547660e-02   1.980007e-02   1.101717e-03   0.000000e+00   8.854772e-05   0.000000e+00  -1.137031e-05  -0.000000e+00   3.939771e-05   1.191114e-09
   1.524564e-02   1.980007e-02   7.414306e-03   0.000000e+00   5.624932e-09   0.000000e+00  -2.033924e-09   0.000000e+00  -1.942451e-09   1.871121e-12
   1.187894e-02   1.980007e-02   2.415483e-03   0.000000e+00   5.393398e-06   0.000000e+00  -1.766607e-06  -0.000000e+00   1.484123e-06   1.539886e-10
   1.380277e-02   1.980007e-02   6.395918e-03   0.000000e+00   6.064914e-11   0.000000e+00   2.384228e-11   0.000000e+00  -1.873834e-11   1.056759e-13
   1.135106e-02   1.980007e-02   5.635636e-03   0.000000e+00   3.726439e-09   0.000000e+00   1.792025e-10  -0.000000e+00   1.931629e-10   1.314979e-12
   1.914234e-02   1.980007e-02   1.678004e-02   0.000000e+00   2.458331e-04   0.000000e+00  -7.309762e-05  -0.000000e+00   1.559577e-05   2.489077e-09
   1.378964e-02   1.980007e-02   1.493042e-02   0.000000e+00   2.412219e-10   0.000000e+00  -1.851031e-11  -0.000000e+00  -2.789094e-11   2.431423e-13
   1.674837e-02   1.980007e-02   1.320636e-02   0.000000e+00   1.023524e-04   0.000000e+00   2.848022e-06  -0.000000e+00  -9.182284e-06   1.029793e-09
                                                0.000000e+00   5.294518e-02   0.000000e+00   5.787083e-03   0.000000e+00   5.866787e-03   6.848363e-09

              5
             25
          pos_x          pos_y          pos_z       normal_x       normal_y       normal_z        tangt_x        tangt_y        tangt_z          pentr
   2.579677e-03   1.694157e-03   1.969323e-04   0.000000e+00   0.000000e+00  -9.412322e-04   3.215171e-04  -9.056117e-05  -0.000000e+00   5.004831e-09
   6.281348e-03   1.597839e-03   1.969323e-04   0.000000e+00   0.000000e+00  -1.839027e-04   4.120452e-06   9.185896e-05   0.000000e+00   1.641446e-09
   1.469855e-03   3.316059e-03   1.969323e-04   0.000000e+00   0.000000e+00  -2.811543e-04   1.123092e-04   5.499678e-05  -0.000000e+00   2.853455e-09
   6.166451e-03   8.825409e-03   1.969323e-04   0.000000e+00   0.000000e+00  -4.520174e-05   1.814601e-05   1.054883e-05  -0.000000e+00   8.688260e-10
   1.302404e-03   9.631957e-03   1.969323e-04   0.000000e+00   0.000000e+00  -8.462549e-03   7.504545e-05   2.906493e-05  -0.000000e+00   2.288963e-08
   2.606632e-03   6.653135e-03   1.969323e-04   0.000000e+00   0.000000e+00  -1.169260e-03   1.621229e-04  -1.429086e-04  -0.000000e+00   6.395170e-09
   4.042962e-03   8.977578e-03   1.969323e-04   0.000000e+00   0.000000e+00  -1.353471e-03   2.981444e-06  -3.293246e-04  -0.000000e+00   5.977404e-09
   4.267753e-03   1.569039e-03   1.969323e-04   0.000000e+00   0.000000e+00  -1.419377e-09  -1.260809e-10  -4.958354e-10  -0.000000e+00   7.318401e-13
   8.503333e-03   5.038044e-03   1.969323e-04   0.000000e+00   0.000000e+00  -1.201610e-03   2.799098e-04   7.818350e-05  -0.000000e+00   6.477762e-09
   8.446637e-03   7.800703e-03   1.969323e-04   0.000000e+00   0.000000e+00  -8.367707e-04   2.050202e-05  -3.159038e-04  -0.000000e+00   4.556529e-09
   9.205978e-03   2.456624e-03   1.969323e-04   0.000000e+00   0.000000e+00  -1.581998e-02  -5.299206e-03   5.725935e-03  -0.000000e+00   2.903962e-08
   1.251561e-03   1.821820e-02   1.969323e-04   0.000000e+00   0.000000e+00  -7.140507e-03   2.654802e-03  -8.009088e-05  -0.000000e+00   1.905786e-08
   6.949837e-03   1.469829e-02   1.969323e-04   0.000000e+00   0.000000e+00  -1.255725e-02   3.365757e-03  -2.726442e-03  -0.000000e+00   3.224659e-08
   9.022914e-03   1.333528e-02   1.969323e-04   0.000000e+00   0.000000e+00  -2.313634e-03  -1.578355e-04   7.962950e-04  -0.000000e+00   1.020270e-08
   1.685580e-02   2.153308e-03   1.969323e-04   0.000000e+00   0.000000e+00  -1.879909e-02  -5.581145e-03   6.376243e-03  -0.000000e+00   3.844308e-08
   1.519364e-02   5.061125e-03   1.969323e-04   0.000000e+00   0.000000e+00  -2.115205e-03   3.233454e-04  -1.697536e-04  -0.000000e+00   1.097331e-08
   1.499117e-02   1.372021e-03   1.969323e-04   0.000000e+00   0.000000e+00  -4.214152e-04  -1.702710e-04   1.241188e-04   0.000000e+00   3.413062e-09
   1.092388e-02   6.384132e-03   1.969323e-04   0.000000e+00   0.000000e+00  -5.963611e-04  -6.304795e-06  -2.456843e-06  -0.000000e+00   3.601991e-09
   1.901722e-02   1.394827e-02   1.969323e-04   0.000000e+00   0.000000e+00  -1.057051e-04  -2.370862e-05  -1.557231e-06  -0.000000e+00   1.587317e-09
   1.573256e-02   1.906294e-02   1.969323e-04   0.000000e+00   0.000000e+00  -1.090762e-04   8.169645e-06  -2.446339e-05  -0.000000e+00   1.621946e-09
   1.895414e-02   1.171440e-02   1.969323e-04   0.000000e+00   0.000000e+00  -6.820348e-05  -3.004899e-05  -1.225061e-05  -0.000000e+00   9.744947e-10
   1.158718e-02   1.668613e-02   1.969323e-04   0.000000e+00   0.000000e+00  -4.085033e-05   1.165489e-06   7.241565e-06  -0.000000e+00   7.167205e-10
   1.385769e-02   1.272515e-02   1.969323e-04   0.000000e+00   0.000000e+00  -7.602553e-07   3.217466e-07  -9.506628e-08  -0.000000e+00   4.893462e-11
   1.160084e-02   1.430786e-02   1.969323e-04   0.000000e+00   0.000000e+00  -1.866951e-04   2.980137e-05   6.355621e-05  -0.000000e+00   2.172638e-09
   1.096107e-02   1.081498e-02   1.969323e-04   0.000000e+00   0.000000e+00  -9.289377e-03  -2.806560e-03  -2.011312e-03  -0.000000e+00   1.956659e-08
                                                0.000000e+00   0.000000e+00  -8.403926e-02  -6.695062e-03   7.450923e-03   0.000000e+00   9.213305e-09

              6
             20
          pos_x          pos_y          pos_z       normal_x       normal_y       normal_z        tangt_x        tangt_y        tangt_z          pentr
   2.065614e-03   8.621357e-03   1.888159e-02   0.000000e+00   0.000000e+00   5.161254e-03   1.875206e-03  -7.186176e-04  -0.000000e+00   1.403329e-08
   2.534737e-03   3.479870e-03   1.888159e-02   0.000000e+00   0.000000e+00   2.408843e-03   4.648889e-04  -1.026378e-03  -0.000000e+00   8.205927e-09
   7.912545e-03   1.329269e-03   1.888159e-02   0.000000e+00   0.000000e+00   1.152712e-04  -1.433530e-06   1.289807e-05  -0.000000e+00   1.717268e-09
   1.915276e-03   1.227739e-02   1.888159e-02   0.000000e+00   0.000000e+00   6.666704e-04   5.391064e-06   1.114243e-05  -0.000000e+00   4.158202e-09
   2.871413e-03   1.562528e-02   1.888159e-02   0.000000e+00   0.000000e+00   1.056793e-02   3.916519e-03   3.543419e-03  -0.000000e+00   2.096155e-08
   6.263687e-03   1.820987e-02   1.888159e-02   0.000000e+00   0.000000e+00   6.252284e-03   2.204649e-03  -8.070140e-05  -0.000000e+00   1.771067e-08
   5.898775e-03   1.512337e-02   1.888159e-02   0.000000e+00   0.000000e+00   1.819411e-06  -5.476364e-08   2.474775e-08  -0.000000e+00   1.072612e-10
   3.972044e-03   1.269140e-02   1.888159e-02   0.000000e+00   0.000000e+00   5.186260e-10   1.488179e-10   1.301403e-11  -0.000000e+00   4.586574e-13
   6.183618e-03   1.190908e-02   1.888159e-02   0.000000e+00   0.000000e+00   1.708249e-11  -3.329348e-12  -1.644127e-12  -0.000000e+00   5.156292e-14
   8.062718e-03   1.049792e-02   1.888159e-02   0.000000e+00   0.000000e+00   1.161662e-03   5.867105e-05   1.890132e-04  -0.000000e+00   5.529683e-09
   1.559314e-02   8.104578e-03   1.888159e-02   0.000000e+00   0.000000e+00   3.077531e-05  -1.683876e-08  -2.564564e-08  -0.000000e+00   4.613893e-10
   1.407330e-02   4.115911e-03   1.888159e-02   0.000000e+00   0.000000e+00   8.128597e-04   6.484620e-05   1.747753e-04  -0.000000e+00   3.870188e-09
   1.186309e-02   7.565229e-03   1.888159e-02   0.000000e+00   0.000000e+00   3.065692e-03   1.290031e-03   8.922943e-05  -0.000000e+00   9.336272e-09
   1.801644e-02   1.160785e-02   1.888159e-02   0.000000e+00   0.000000e+00   2.046484e-08  -1.321617e-09  -5.414892e-09  -0.000000e+00   4.480173e-12
   1.398410e-02   1.459881e-02   1.888159e-02   0.000000e+00   0.000000e+00   9.818896e-05  -7.140372e-06  -1.349226e-05  -0.000000e+00   1.033940e-09
   1.493259e-02   1.815263e-02   1.888159e-02   0.000000e+00   0.000000e+00   1.917253e-05  -2.747936e-06   5.949468e-06  -0.000000e+00   3.966741e-10
   1.076449e-02   1.863776e-02   1.888159e-02   0.000000e+00   0.000000e+00   1.723486e-09   4.718048e-11   1.042461e-11  -0.000000e+00   8.435128e-13
   1.137858e-02   1.073295e-02   1.888159e-02   0.000000e+00   0.000000e+00   4.334641e-06   1.994505e-07   9.771936e-08  -0.000000e+00   1.664589e-10
   1.046512e-02   1.248771e-02   1.888159e-02   0.000000e+00   0.000000e+00   1.420886e-06  -4.388071e-07   1.583370e-07  -0.000000e+00   8.923348e-11
   1.540780e-02   1.057423e-02   1.888159e-02   0.000000e+00   0.000000e+00   3.166908e-08   5.572435e-09   3.207620e-09  -0.000000e+00   7.152764e-12
                                                0.000000e+00   0.000000e+00   3.036823e-02   9.868574e-03   2.187490e-03   0.000000e+00   4.389549e-09

