              6

              1
             29
          pos_x          pos_y          pos_z       normal_x       normal_y       normal_z        tangt_x        tangt_y        tangt_z          pentr
   1.098926e-04   3.214643e-03   1.166716e-03  -1.167961e-04   0.000000e+00   0.000000e+00  -0.000000e+00  -7.529370e-08   3.225419e-05   1.803214e-09
   1.098926e-04   8.962207e-03   1.361601e-03  -2.957876e-04   0.000000e+00   0.000000e+00  -0.000000e+00  -1.663036e-06   3.296073e-06   2.227627e-09
   1.098926e-04   1.084013e-03   2.212700e-03  -1.206238e-04   0.000000e+00   0.000000e+00  -0.000000e+00   1.961970e-05   1.184760e-05   1.426416e-09
   1.098926e-04   4.160923e-03   2.803023e-03  -8.561640e-10   0.000000e+00   0.000000e+00  -0.000000e+00  -2.033601e-10   2.600775e-10   5.663861e-13
   1.098926e-04   6.497890e-03   5.981124e-04  -9.406703e-05   0.000000e+00   0.000000e+00  -0.000000e+00   1.789081e-05   4.093930e-05   1.436950e-09
   1.098926e-04   1.463176e-03   6.372113e-03  -1.500090e-04   0.000000e+00   0.000000e+00  -0.000000e+00  -1.212825e-05   7.628178e-06   1.945480e-09
   1.098926e-04   5.921727e-03   5.263129e-03  -2.742790e-05   0.000000e+00   0.000000e+00  -0.000000e+00   1.104024e-05   5.134701e-06   4.759570e-10
   1.098926e-04   1.211910e-03   9.083926e-03  -2.281863e-04   0.000000e+00   0.000000e+00  -0.000000e+00   9.414732e-05   1.337010e-05   2.358933e-09
   1.098926e-04   5.098320e-03   7.441718e-03  -1.193719e-05   0.000000e+00   0.000000e+00  -0.000000e+00  -1.074003e-07   2.231879e-07   2.995218e-10
   1.098926e-04   8.443199e-03   1.752121e-02  -4.975637e-04   0.000000e+00   0.000000e+00  -0.000000e+00  -1.934954e-05  -1.452006e-04   3.579429e-09
   1.098926e-04   5.936452e-03   1.539603e-02  -1.128275e-06   0.000000e+00   0.000000e+00  -0.000000e+00  -1.487625e-08  -3.291880e-08   5.017559e-11
   1.098926e-04   1.177853e-03   1.408120e-02  -2.604774e-04   0.000000e+00   0.000000e+00  -0.000000e+00   6.436588e-06  -2.173203e-06   2.830722e-09
   1.098926e-04   1.222714e-03   1.225737e-02  -8.360339e-05   0.000000e+00   0.000000e+00  -0.000000e+00   3.930022e-05  -5.592482e-06   1.363498e-09
   1.098926e-04   2.501742e-03   1.106884e-02  -1.306932e-09   0.000000e+00   0.000000e+00  -0.000000e+00  -3.974712e-10   2.302387e-10   8.371529e-13
   1.098926e-04   1.793605e-02   9.360375e-04  -7.347384e-04   0.000000e+00   0.000000e+00  -0.000000e+00  -4.289342e-05   9.220667e-05   5.067415e-09
   1.098926e-04   1.804652e-02   5.058894e-03  -2.971910e-04   0.000000e+00   0.000000e+00  -0.000000e+00  -6.724385e-06   3.182901e-06   2.709403e-09
   1.098926e-04   1.817990e-02   7.300335e-03  -2.488198e-04   0.000000e+00   0.000000e+00  -0.000000e+00  -8.829420e-05   5.642007e-06   2.560828e-09
   1.098926e-04   1.550509e-02   1.249915e-03  -9.358742e-05   0.000000e+00   0.000000e+00  -0.000000e+00  -1.317207e-05   4.425615e-05   1.358614e-09
   1.098926e-04   1.473093e-02   7.594677e-03  -4.324640e-10   0.000000e+00   0.000000e+00  -0.000000e+00   1.325150e-10   1.005310e-10   3.386461e-13
   1.098926e-04   1.139891e-02   1.781588e-03  -8.713929e-11   0.000000e+00   0.000000e+00   0.000000e+00   4.091100e-11  -1.498679e-11   1.408054e-13
   1.098926e-04   1.583953e-02   8.901471e-03  -7.152785e-05   0.000000e+00   0.000000e+00  -0.000000e+00  -9.114918e-06  -2.085349e-05   1.020755e-09
   1.098926e-04   1.262780e-02   7.166035e-04  -1.207590e-04   0.000000e+00   0.000000e+00  -0.000000e+00   9.522763e-06   3.815139e-05   1.901549e-09
   1.098926e-04   1.896762e-02   9.420297e-03  -9.970775e-05   0.000000e+00   0.000000e+00  -0.000000e+00  -1.611517e-05   2.139196e-08   1.274733e-09
   1.098926e-04   1.177473e-02   1.511207e-02  -2.270559e-10   0.000000e+00   0.000000e+00  -0.000000e+00   1.739994e-12   4.747463e-11   2.381911e-13
   1.098926e-04   1.423721e-02   1.552149e-02  -1.527692e-04   0.000000e+00   0.000000e+00  -0.000000e+00  -5.202091e-06  -1.372140e-05   1.474273e-09
   1.098926e-04   1.736359e-02   1.500368e-02  -6.279728e-04   0.000000e+00   0.000000e+00  -0.000000e+00  -1.631593e-04  -4.637628e-05   3.556461e-09
   1.098926e-04   1.835241e-02   1.196552e-02  -2.390108e-04   0.000000e+00   0.000000e+00  -0.000000e+00  -2.404499e-06   8.991736e-07   2.377194e-09
   1.098926e-04   1.367226e-02   9.401430e-03  -6.757320e-05   0.000000e+00   0.000000e+00  -0.000000e+00  -3.076950e-07  -9.488926e-06   9.526488e-10
   1.098926e-04   1.023998e-02   9.631886e-03  -1.671689e-09   0.000000e+00   0.000000e+00  -0.000000e+00  -5.400837e-10   1.932253e-12   8.129790e-13
                                               -4.641270e-03   0.000000e+00   0.000000e+00   0.000000e+00  -1.827694e-04   5.561431e-05   1.519129e-09

              2
             17
          pos_x          pos_y          pos_z       normal_x       normal_y       normal_z        tangt_x        tangt_y        tangt_z          pentr
   1.989007e-02   3.322355e-03   3.452847e-03   1.326559e-03   0.000000e+00   0.000000e+00  -0.000000e+00   1.718700e-04   1.979746e-04   5.665557e-09
   1.989007e-02   6.914064e-03   2.209060e-03   4.833328e-04   0.000000e+00   0.000000e+00  -0.000000e+00   9.148023e-05   1.532087e-04   3.357599e-09
   1.989007e-02   9.674653e-03   5.507784e-03   3.910560e-07   0.000000e+00   0.000000e+00  -0.000000e+00   5.184324e-08  -1.592900e-08   3.001551e-11
   1.989007e-02   1.226417e-03   9.289939e-03   2.541734e-04   0.000000e+00   0.000000e+00  -0.000000e+00   1.113933e-04   3.218132e-05   2.477961e-09
   1.989007e-02   9.608996e-03   1.170645e-03   3.610180e-04   0.000000e+00   0.000000e+00  -0.000000e+00   1.304651e-06   2.980723e-06   2.759351e-09
   1.989007e-02   2.289564e-03   1.561334e-02   4.741293e-04   0.000000e+00   0.000000e+00  -0.000000e+00   1.528370e-04  -4.787664e-06   3.584162e-09
   1.989007e-02   6.620150e-03   1.124492e-02   3.290108e-08   0.000000e+00   0.000000e+00  -0.000000e+00  -3.246047e-09  -1.167963e-08   5.551389e-12
   1.989007e-02   1.918695e-02   1.239079e-03   1.956071e-04   0.000000e+00   0.000000e+00  -0.000000e+00  -1.191421e-05   8.730730e-06   2.488018e-09
   1.989007e-02   1.625255e-02   5.416331e-03   3.687433e-09   0.000000e+00   0.000000e+00  -0.000000e+00   1.349810e-09   8.817475e-10   1.382908e-12
   1.989007e-02   1.800914e-02   6.082997e-03   2.180692e-04   0.000000e+00   0.000000e+00  -0.000000e+00  -9.569313e-05  -1.075007e-06   2.112125e-09
   1.989007e-02   1.400059e-02   8.706563e-04   1.103383e-04   0.000000e+00   0.000000e+00  -0.000000e+00   8.109652e-07   3.347328e-05   1.670936e-09
   1.989007e-02   1.262225e-02   4.347704e-03   2.081244e-08   0.000000e+00   0.000000e+00  -0.000000e+00  -8.610474e-10  -8.864791e-09   3.633305e-12
   1.989007e-02   1.209549e-02   7.345719e-04   9.732169e-05   0.000000e+00   0.000000e+00  -0.000000e+00   2.200806e-05   3.928916e-05   1.597182e-09
   1.989007e-02   1.873030e-02   9.902889e-03   1.972057e-04   0.000000e+00   0.000000e+00  -0.000000e+00  -6.343569e-05  -2.070261e-05   1.720116e-09
   1.989007e-02   1.707658e-02   1.239199e-02   8.777798e-06   0.000000e+00   0.000000e+00  -0.000000e+00   3.372046e-07   4.742350e-07   2.499689e-10
   1.989007e-02   1.102784e-02   1.251583e-02   2.407393e-08   0.000000e+00   0.000000e+00  -0.000000e+00   5.737543e-09  -9.699264e-09   4.516321e-12
   1.989007e-02   1.014030e-02   9.592427e-03   7.307631e-09   0.000000e+00   0.000000e+00  -0.000000e+00   1.385597e-09  -1.043232e-09   2.172078e-12
                                                3.727012e-03   0.000000e+00   0.000000e+00   0.000000e+00   3.810545e-04   4.417011e-04   1.631191e-09

              3
             25
          pos_x          pos_y          pos_z       normal_x       normal_y       normal_z        tangt_x        tangt_y        tangt_z          pentr
   2.405767e-03   1.098949e-04   1.062147e-03   0.000000e+00  -4.989845e-04   0.000000e+00  -2.112990e-06  -0.000000e+00   2.485298e-04   4.409390e-09
   6.255848e-03   1.098949e-04   1.030581e-03   0.000000e+00  -3.670414e-04   0.000000e+00  -4.012248e-05  -0.000000e+00   1.703526e-04   3.520882e-09
   7.325804e-04   1.098949e-04   1.936548e-03   0.000000e+00  -1.025878e-04   0.000000e+00   1.404233e-05  -0.000000e+00  -6.453808e-06   1.737645e-09
   7.506632e-03   1.098949e-04   2.685141e-03   0.000000e+00  -1.999865e-05   0.000000e+00   2.546431e-06  -0.000000e+00  -8.620565e-06   3.842714e-10
   4.055004e-03   1.098949e-04   2.237572e-03   0.000000e+00  -1.238052e-09   0.000000e+00   2.295369e-10  -0.000000e+00  -1.900793e-10   7.281792e-13
   1.504033e-03   1.098949e-04   8.544566e-03   0.000000e+00  -3.224286e-04   0.000000e+00   1.553236e-04   0.000000e+00   4.318127e-05   2.456935e-09
   9.678197e-04   1.098949e-04   4.192196e-03   0.000000e+00  -2.202676e-10   0.000000e+00  -4.305703e-12  -0.000000e+00   9.612109e-11   2.494316e-13
   5.731660e-03   1.098949e-04   6.408378e-03   0.000000e+00  -5.103842e-11   0.000000e+00   4.156103e-12  -0.000000e+00  -1.550567e-11   9.911883e-14
   9.610839e-03   1.098949e-04   1.525542e-03   0.000000e+00  -4.246413e-04   0.000000e+00   1.726869e-05  -0.000000e+00   1.959122e-04   3.568537e-09
   8.290451e-03   1.098949e-04   9.635533e-03   0.000000e+00  -7.846507e-10   0.000000e+00  -2.614725e-10  -0.000000e+00  -2.317629e-10   5.407838e-13
   1.734755e-03   1.098949e-04   1.453007e-02   0.000000e+00  -1.679624e-04   0.000000e+00   5.059603e-05  -0.000000e+00   1.417706e-05   1.585166e-09
   1.051667e-03   1.098949e-04   1.252418e-02   0.000000e+00  -1.108358e-04   0.000000e+00   4.515298e-05  -0.000000e+00   1.716912e-05   1.820577e-09
   9.402348e-04   1.098949e-04   1.069217e-02   0.000000e+00  -4.714834e-05   0.000000e+00  -5.125772e-06  -0.000000e+00   1.690590e-05   8.010074e-10
   3.094977e-03   1.098949e-04   1.073794e-02   0.000000e+00  -2.815839e-09   0.000000e+00   1.080511e-11  -0.000000e+00   1.071678e-10   1.272595e-12
   5.752818e-03   1.098949e-04   1.092874e-02   0.000000e+00  -7.610240e-06   0.000000e+00   2.800261e-06  -0.000000e+00  -1.682876e-06   2.712084e-10
   8.266396e-03   1.098949e-04   1.778972e-02   0.000000e+00  -9.239235e-05   0.000000e+00   6.300838e-06  -0.000000e+00  -2.625884e-05   1.382406e-09
   9.321888e-03   1.098949e-04   1.632588e-02   0.000000e+00  -2.353887e-08   0.000000e+00   8.102146e-09   0.000000e+00  -8.536674e-09   4.146632e-12
   1.750356e-02   1.098949e-04   1.920093e-03   0.000000e+00  -5.046796e-04   0.000000e+00  -4.675943e-05  -0.000000e+00   6.426125e-05   3.531013e-09
   1.854570e-02   1.098949e-04   8.969269e-03   0.000000e+00  -2.117640e-04   0.000000e+00  -5.919158e-05  -0.000000e+00  -1.373396e-05   1.877772e-09
   1.505103e-02   1.098949e-04   3.092492e-03   0.000000e+00  -3.372658e-04   0.000000e+00  -8.496441e-05  -0.000000e+00   1.239086e-04   2.617604e-09
   1.531440e-02   1.098949e-04   1.021275e-03   0.000000e+00  -8.349773e-04   0.000000e+00  -1.526756e-04  -0.000000e+00   2.099386e-04   6.697806e-09
   1.426196e-02   1.098949e-04   9.049256e-03   0.000000e+00  -1.635215e-06   0.000000e+00  -3.303177e-07  -0.000000e+00  -5.703353e-07   7.390268e-11
   1.016164e-02   1.098949e-04   3.774054e-03   0.000000e+00  -2.956918e-05   0.000000e+00  -2.777405e-06  -0.000000e+00   1.308863e-05   4.836316e-10
   1.348363e-02   1.098949e-04   1.229030e-02   0.000000e+00  -7.237569e-10   0.000000e+00   9.122193e-11   0.000000e+00   3.501922e-10   5.383358e-13
   1.732061e-02   1.098949e-04   1.568239e-02   0.000000e+00  -4.014943e-04   0.000000e+00  -1.056593e-04  -0.000000e+00   2.838369e-06   2.860640e-09
                                                0.000000e+00  -4.483046e-03   0.000000e+00  -2.056799e-04   0.000000e+00   1.062935e-03   1.603519e-09

              4
             24
          pos_x          pos_y          pos_z       normal_x       normal_y       normal_z        tangt_x        tangt_y        tangt_z          pentr
   1.967452e-03   1.989007e-02   2.562722e-03   0.000000e+00   1.164312e-04   0.000000e+00   6.746002e-06  -0.000000e+00   1.325370e-05   1.282566e-09
   3.977557e-03   1.989007e-02   4.350679e-03   0.000000e+00   2.419358e-04   0.000000e+00   1.481183e-05  -0.000000e+00   5.343627e-05   1.946179e-09
   7.868267e-03   1.989007e-02   2.752639e-03   0.000000e+00   1.026539e-05   0.000000e+00  -7.145229e-07  -0.000000e+00   4.897613e-06   2.760065e-10
   1.849219e-03   1.989007e-02   5.017722e-03   0.000000e+00   3.049430e-04   0.000000e+00   1.757755e-05  -0.000000e+00   7.295900e-06   2.863816e-09
   1.647737e-03   1.989007e-02   7.274061e-03   0.000000e+00   2.727968e-04   0.000000e+00   2.435696e-05  -0.000000e+00   5.918903e-07   2.886687e-09
   8.525690e-04   1.989007e-02   9.419102e-03   0.000000e+00   1.238598e-04   0.000000e+00   4.540678e-05  -0.000000e+00  -3.161585e-08   1.745871e-09
   4.972620e-03   1.989007e-02   1.549269e-02   0.000000e+00   1.949198e-04   0.000000e+00   1.087007e-05  -0.000000e+00  -6.485904e-06   2.085415e-09
   2.375009e-03   1.989007e-02   1.562530e-02   0.000000e+00   5.683296e-04   0.000000e+00   1.598733e-04  -0.000000e+00   4.987529e-05   3.528783e-09
   1.732516e-03   1.989007e-02   1.142509e-02   0.000000e+00   2.190510e-04   0.000000e+00   2.567124e-05  -0.000000e+00  -7.393077e-06   2.118898e-09
   4.168204e-03   1.989007e-02   9.609289e-03   0.000000e+00   9.605376e-05   0.000000e+00   1.054937e-05  -0.000000e+00   2.961494e-06   9.129192e-10
   1.906258e-02   1.989007e-02   7.299839e-04   0.000000e+00   3.448806e-04   0.000000e+00  -7.941203e-05  -0.000000e+00   8.601674e-05   3.291554e-09
   1.835441e-02   1.989007e-02   6.109767e-03   0.000000e+00   2.680032e-04   0.000000e+00  -1.174733e-04  -0.000000e+00   2.114464e-06   2.771044e-09
   1.543427e-02   1.989007e-02   1.053596e-03   0.000000e+00   8.720177e-05   0.000000e+00  -1.235919e-05  -0.000000e+00   3.849846e-05   1.199207e-09
   1.391988e-02   1.989007e-02   1.976874e-03   0.000000e+00   2.252754e-04   0.000000e+00   4.185103e-06  -0.000000e+00   1.038169e-04   2.188362e-09
   1.501255e-02   1.989007e-02   7.951387e-03   0.000000e+00   6.782722e-10   0.000000e+00   9.743419e-11  -0.000000e+00   3.037197e-12   4.523396e-13
   1.180239e-02   1.989007e-02   2.169456e-03   0.000000e+00   1.252726e-09   0.000000e+00  -2.218742e-10  -0.000000e+00   5.158934e-10   5.831620e-13
   1.352722e-02   1.989007e-02   6.163597e-03   0.000000e+00   2.592927e-11   0.000000e+00   4.223316e-12  -0.000000e+00   8.056057e-12   6.132941e-14
   1.574776e-02   1.989007e-02   5.477602e-03   0.000000e+00   1.273490e-09   0.000000e+00   3.158428e-10   0.000000e+00   5.528904e-10   7.902880e-13
   1.690956e-02   1.989007e-02   8.563591e-03   0.000000e+00   4.737457e-10   0.000000e+00   1.962732e-10  -0.000000e+00  -1.014414e-10   3.441414e-13
   1.028907e-02   1.989007e-02   1.230115e-03   0.000000e+00   9.190956e-05   0.000000e+00   6.665279e-06  -0.000000e+00   3.112703e-05   1.481492e-09
   1.907566e-02   1.989007e-02   1.026645e-02   0.000000e+00   2.530120e-04   0.000000e+00  -2.391315e-05  -0.000000e+00   9.922499e-06   2.614720e-09
   1.461348e-02   1.989007e-02   1.058364e-02   0.000000e+00   1.203054e-09   0.000000e+00   1.021665e-10  -0.000000e+00  -4.451360e-10   7.061920e-13
   1.585656e-02   1.989007e-02   1.053058e-02   0.000000e+00   2.378879e-09   0.000000e+00   9.295418e-10   0.000000e+00   7.421038e-10   1.227300e-12
   1.353975e-02   1.989007e-02   1.459488e-02   0.000000e+00   8.992462e-11   0.000000e+00  -2.348789e-12  -0.000000e+00   1.150759e-11   1.257015e-13
                                                0.000000e+00   3.418876e-03   0.000000e+00   9.284266e-05   0.000000e+00   3.898989e-04   1.383242e-09

              5
             35
          pos_x          pos_y          pos_z       normal_x       normal_y       normal_z        tangt_x        tangt_y        tangt_z          pentr
   2.464344e-03   1.610722e-03   1.099099e-04   0.000000e+00   0.000000e+00  -4.784545e-04   1.876808e-05   1.405320e-04  -0.000000e+00   3.155597e-09
   6.367822e-03   1.546869e-03   1.099099e-04   0.000000e+00   0.000000e+00  -2.603778e-04  -7.482513e-06   8.948395e-05  -0.000000e+00   2.062084e-09
   1.362614e-03   3.215736e-03   1.099099e-04   0.000000e+00   0.000000e+00  -9.938094e-05   4.700267e-05  -8.263319e-08  -0.000000e+00   1.447349e-09
   6.065806e-03   8.942482e-03   1.099099e-04   0.000000e+00   0.000000e+00  -1.651408e-05   6.487599e-06   3.932548e-06  -0.000000e+00   4.580493e-10
   1.243395e-03   9.631907e-03   1.099099e-04   0.000000e+00   0.000000e+00  -3.307964e-04   5.774182e-05   3.381676e-05  -0.000000e+00   2.633514e-09
   6.578711e-04   6.284036e-03   1.099099e-04   0.000000e+00   0.000000e+00  -8.560257e-05   1.801313e-05  -7.221737e-06  -0.000000e+00   1.255870e-09
   3.925567e-03   8.979396e-03   1.099099e-04   0.000000e+00   0.000000e+00  -2.641323e-06   7.746330e-08  -1.142187e-08  -0.000000e+00   9.409578e-11
   4.431245e-03   1.806491e-03   1.099099e-04   0.000000e+00   0.000000e+00  -5.394986e-10   4.103882e-11  -3.909019e-11  -0.000000e+00   3.986982e-13
   6.451165e-03   6.547567e-03   1.099099e-04   0.000000e+00   0.000000e+00  -6.998555e-10  -4.807605e-12   3.498947e-10   0.000000e+00   4.811493e-13
   8.624907e-03   5.141548e-03   1.099099e-04   0.000000e+00   0.000000e+00  -1.000335e-07  -1.039089e-08   9.064617e-09  -0.000000e+00   1.187993e-11
   9.284168e-03   2.358809e-03   1.099099e-04   0.000000e+00   0.000000e+00  -3.077323e-04  -2.194341e-05   7.831423e-05  -0.000000e+00   2.097461e-09
   1.160114e-03   1.830340e-02   1.099099e-04   0.000000e+00   0.000000e+00  -9.990682e-04   4.017844e-04  -4.253104e-07  -0.000000e+00   5.154826e-09
   2.387508e-03   1.674082e-02   1.099099e-04   0.000000e+00   0.000000e+00  -4.509342e-05   2.271303e-06  -1.098598e-06  -0.000000e+00   8.157831e-10
   6.338938e-03   1.813928e-02   1.099099e-04   0.000000e+00   0.000000e+00  -1.401410e-05   6.486712e-06  -2.649776e-06   0.000000e+00   3.330229e-10
   1.140444e-03   1.584809e-02   1.099099e-04   0.000000e+00   0.000000e+00  -1.029293e-04   6.188363e-06   1.887873e-06  -0.000000e+00   1.574180e-09
   7.000997e-03   1.485888e-02   1.099099e-04   0.000000e+00   0.000000e+00  -6.601670e-06   2.596126e-06  -1.968294e-06  -0.000000e+00   2.056443e-10
   3.232048e-03   1.236339e-02   1.099099e-04   0.000000e+00   0.000000e+00  -2.572622e-05   1.067089e-08   3.042957e-06  -0.000000e+00   5.061774e-10
   5.104443e-03   1.605080e-02   1.099099e-04   0.000000e+00   0.000000e+00  -1.620333e-04   3.122906e-05  -6.538128e-05  -0.000000e+00   1.498258e-09
   1.051502e-03   1.247922e-02   1.099099e-04   0.000000e+00   0.000000e+00  -7.824239e-05   2.466452e-05  -3.916183e-06  -0.000000e+00   1.049150e-09
   1.004263e-02   1.580357e-02   1.099099e-04   0.000000e+00   0.000000e+00  -1.765099e-09  -5.525436e-10  -2.168803e-10  -0.000000e+00   8.887541e-13
   1.780038e-02   5.720303e-03   1.099099e-04   0.000000e+00   0.000000e+00  -4.114663e-04  -6.321075e-05  -3.385327e-05  -0.000000e+00   3.055156e-09
   1.694017e-02   2.060469e-03   1.099099e-04   0.000000e+00   0.000000e+00  -1.172321e-03  -1.187859e-04   3.247281e-04  -0.000000e+00   6.056982e-09
   1.252002e-02   5.221596e-03   1.099099e-04   0.000000e+00   0.000000e+00  -6.315973e-07   6.973373e-09   2.488836e-07  -0.000000e+00   4.960192e-11
   1.844427e-02   3.828732e-03   1.099099e-04   0.000000e+00   0.000000e+00  -2.822839e-10  -9.675559e-11   8.082956e-11  -0.000000e+00   2.495413e-13
   1.508111e-02   1.325407e-03   1.099099e-04   0.000000e+00   0.000000e+00  -4.676463e-04  -4.931371e-06   5.838110e-06  -0.000000e+00   3.728759e-09
   1.390230e-02   7.018179e-03   1.099099e-04   0.000000e+00   0.000000e+00  -2.152154e-06  -2.728182e-07   5.547002e-07  -0.000000e+00   9.780430e-11
   1.875022e-02   9.110295e-03   1.099099e-04   0.000000e+00   0.000000e+00  -3.421913e-04  -4.722971e-05  -2.098882e-05  -0.000000e+00   2.481196e-09
   1.871748e-02   1.934293e-02   1.099099e-04   0.000000e+00   0.000000e+00  -2.071469e-04  -3.109319e-05  -4.841641e-05  -0.000000e+00   2.498411e-09
   1.909785e-02   1.397316e-02   1.099099e-04   0.000000e+00   0.000000e+00  -1.058873e-04  -1.932607e-05  -7.639327e-07  -0.000000e+00   1.577695e-09
   1.574282e-02   1.910081e-02   1.099099e-04   0.000000e+00   0.000000e+00  -1.041610e-04   1.661295e-05  -4.266074e-05  -0.000000e+00   1.569165e-09
   1.384173e-02   1.830073e-02   1.099099e-04   0.000000e+00   0.000000e+00  -2.620872e-04  -3.039252e-06  -6.191464e-05  -0.000000e+00   2.685048e-09
   1.899411e-02   1.174710e-02   1.099099e-04   0.000000e+00   0.000000e+00  -6.845877e-05  -1.767151e-05  -6.868297e-06  -0.000000e+00   9.746967e-10
   1.385622e-02   1.288922e-02   1.099099e-04   0.000000e+00   0.000000e+00  -2.901096e-09  -5.647510e-10  -1.060685e-09  -0.000000e+00   1.223869e-12
   1.107696e-02   1.070020e-02   1.099099e-04   0.000000e+00   0.000000e+00  -4.326218e-06  -1.819468e-06   1.039422e-06  -0.000000e+00   1.181869e-10
   1.005315e-02   1.890049e-02   1.099099e-04   0.000000e+00   0.000000e+00  -1.040761e-04  -2.558169e-06  -1.101786e-05  -0.000000e+00   1.733903e-09
                                                0.000000e+00   0.000000e+00  -6.267867e-03   3.005661e-04   3.741885e-04   0.000000e+00   1.456651e-09

              6
             13
          pos_x          pos_y          pos_z       normal_x       normal_y       normal_z        tangt_x        tangt_y        tangt_z          pentr
   1.990532e-03   8.638453e-03   1.897159e-02   0.000000e+00   0.000000e+00   3.840475e-04   1.909082e-04   2.066844e-05   0.000000e+00   2.480640e-09
   6.141929e-03   8.417872e-03   1.897159e-02   0.000000e+00   0.000000e+00   2.216762e-09  -2.983221e-10  -1.067480e-09   0.000000e+00   1.087259e-12
   2.554015e-03   3.880582e-03   1.897159e-02   0.000000e+00   0.000000e+00   5.109304e-09   1.460883e-10  -6.225518e-11  -0.000000e+00   1.378779e-12
   7.909912e-03   3.857035e-03   1.897159e-02   0.000000e+00   0.000000e+00   2.787180e-10  -1.869303e-23   2.962089e-23   0.000000e+00   3.106126e-13
   7.971678e-03   1.159504e-03   1.897159e-02   0.000000e+00   0.000000e+00   1.045947e-04  -1.161012e-05   4.140859e-05  -0.000000e+00   1.651781e-09
   3.115145e-03   1.598825e-02   1.897159e-02   0.000000e+00   0.000000e+00   2.713053e-04   9.177152e-05   4.847240e-05  -0.000000e+00   1.863443e-09
   6.116790e-03   1.836987e-02   1.897159e-02   0.000000e+00   0.000000e+00   1.080376e-04   1.714923e-05   1.118940e-05  -0.000000e+00   1.198988e-09
   5.150631e-03   1.402530e-02   1.897159e-02   0.000000e+00   0.000000e+00   3.025028e-10   1.184503e-21  -6.084853e-22   0.000000e+00   3.255451e-13
   7.318712e-03   1.346574e-02   1.897159e-02   0.000000e+00   0.000000e+00   2.360161e-07   1.112793e-07  -3.927871e-08   0.000000e+00   1.906594e-11
   1.312370e-02   3.840051e-03   1.897159e-02   0.000000e+00   0.000000e+00   2.586140e-08   1.186948e-09   4.698814e-10  -0.000000e+00   3.915351e-12
   1.200393e-02   1.292892e-02   1.897159e-02   0.000000e+00   0.000000e+00   2.297209e-07   1.136752e-07  -1.645792e-08   0.000000e+00   2.560946e-11
   1.108864e-02   1.045189e-02   1.897159e-02   0.000000e+00   0.000000e+00   6.019180e-10   3.271981e-11   1.165983e-10  -0.000000e+00   4.562808e-13
   1.032310e-02   1.238882e-02   1.897159e-02   0.000000e+00   0.000000e+00   2.214501e-06   7.923968e-07  -6.562248e-07  -0.000000e+00   1.196914e-10
                                                0.000000e+00   0.000000e+00   8.706997e-04   2.892372e-04   1.210263e-04   0.000000e+00   5.666687e-10

