              6

              1
             28
          pos_x          pos_y          pos_z       normal_x       normal_y       normal_z        tangt_x        tangt_y        tangt_z          pentr
   2.140536e-04   3.310514e-03   1.278124e-03  -2.654468e-04   0.000000e+00   0.000000e+00  -0.000000e+00   6.868691e-06   4.144490e-05   3.088356e-09
   2.140536e-04   9.052759e-03   1.451543e-03  -2.959903e-04   0.000000e+00   0.000000e+00  -0.000000e+00  -2.995127e-05   6.996938e-05   2.197364e-09
   2.140536e-04   1.155132e-03   2.290895e-03  -4.155089e-09   0.000000e+00   0.000000e+00   0.000000e+00  -9.123785e-10   1.866482e-09   1.488202e-12
   2.140536e-04   3.838037e-03   2.744583e-03  -1.945999e-10   0.000000e+00   0.000000e+00  -0.000000e+00  -3.290010e-11   2.500895e-11   1.989073e-13
   2.140536e-04   1.505803e-03   6.406606e-03  -3.242648e-04   0.000000e+00   0.000000e+00  -0.000000e+00   3.031737e-05  -2.826543e-06   3.233880e-09
   2.140536e-04   6.041386e-03   5.505212e-03  -3.907684e-05   0.000000e+00   0.000000e+00  -0.000000e+00   1.796756e-05   5.399140e-06   5.933666e-10
   2.140536e-04   1.315541e-03   9.179196e-03  -2.213485e-04   0.000000e+00   0.000000e+00  -0.000000e+00   7.304695e-05   2.935531e-05   2.308905e-09
   2.140536e-04   1.262486e-03   4.322940e-03  -9.145619e-05   0.000000e+00   0.000000e+00  -0.000000e+00   1.529179e-05   3.442796e-06   1.253444e-09
   2.140536e-04   6.709422e-03   1.080679e-02  -4.146704e-06   0.000000e+00   0.000000e+00  -0.000000e+00   3.355257e-07   1.668051e-06   1.504175e-10
   2.140536e-04   8.458693e-03   1.742307e-02  -5.417788e-04   0.000000e+00   0.000000e+00  -0.000000e+00  -1.380753e-05  -1.230589e-04   3.788575e-09
   2.140536e-04   5.780449e-03   1.568329e-02  -1.114136e-07   0.000000e+00   0.000000e+00  -0.000000e+00   1.598576e-08  -2.940303e-08   1.061092e-11
   2.140536e-04   1.250037e-03   1.406389e-02  -2.463908e-04   0.000000e+00   0.000000e+00  -0.000000e+00   7.898623e-05  -3.260259e-05   2.730902e-09
   2.140536e-04   1.786268e-02   1.035969e-03  -3.990528e-04   0.000000e+00   0.000000e+00  -0.000000e+00  -4.687792e-05   1.593024e-04   3.385286e-09
   2.140536e-04   1.424147e-02   5.083946e-03  -4.532894e-05   0.000000e+00   0.000000e+00  -0.000000e+00  -7.433308e-06  -7.444475e-06   9.198773e-10
   2.140536e-04   1.792372e-02   5.213255e-03  -2.430526e-04   0.000000e+00   0.000000e+00  -0.000000e+00  -1.166342e-04   1.371643e-05   2.347182e-09
   2.140536e-04   1.807835e-02   7.439540e-03  -7.783656e-08   0.000000e+00   0.000000e+00  -0.000000e+00   6.003092e-09   1.448780e-09   1.179074e-11
   2.140536e-04   1.546413e-02   1.333877e-03  -1.896456e-04   0.000000e+00   0.000000e+00  -0.000000e+00  -5.034050e-05   5.800708e-05   2.172072e-09
   2.140536e-04   1.479942e-02   7.405583e-03  -4.889480e-08   0.000000e+00   0.000000e+00   0.000000e+00   2.145243e-08   1.172470e-08   7.919552e-12
   2.140536e-04   1.142193e-02   1.956840e-03  -9.973922e-06   0.000000e+00   0.000000e+00  -0.000000e+00   2.235231e-06  -2.759487e-08   3.180402e-10
   2.140536e-04   1.570944e-02   4.610950e-03  -4.903093e-06   0.000000e+00   0.000000e+00  -0.000000e+00   2.659336e-07  -1.154840e-08   2.024821e-10
   2.140536e-04   1.577233e-02   8.978327e-03  -8.727888e-05   0.000000e+00   0.000000e+00  -0.000000e+00  -3.376401e-05   3.751033e-08   1.171590e-09
   2.140536e-04   1.256469e-02   8.122029e-04  -1.176582e-04   0.000000e+00   0.000000e+00  -0.000000e+00   9.786848e-06   3.213830e-05   1.840129e-09
   2.140536e-04   1.172666e-02   1.754563e-02  -2.274789e-04   0.000000e+00   0.000000e+00  -0.000000e+00  -3.782801e-05  -8.544691e-05   2.457789e-09
   2.140536e-04   1.164679e-02   1.589427e-02  -2.224310e-07   0.000000e+00   0.000000e+00  -0.000000e+00   9.446251e-09  -3.146041e-09   2.181408e-11
   2.140536e-04   1.724946e-02   1.485231e-02  -6.050524e-04   0.000000e+00   0.000000e+00  -0.000000e+00  -2.260303e-04  -5.618811e-05   3.454182e-09
   2.140536e-04   1.018039e-02   1.524751e-02  -1.106179e-05   0.000000e+00   0.000000e+00  -0.000000e+00  -3.084617e-07   8.442692e-07   2.852336e-10
   2.140536e-04   1.431529e-02   1.235886e-02  -2.189924e-10   0.000000e+00   0.000000e+00  -0.000000e+00  -2.437713e-11   1.875277e-11   2.110124e-13
   2.140536e-04   1.816282e-02   1.190486e-02  -2.360210e-04   0.000000e+00   0.000000e+00  -0.000000e+00  -7.885397e-06   2.344367e-06   2.344624e-09
                                               -4.206873e-03   0.000000e+00   0.000000e+00   0.000000e+00  -3.357069e-04   1.100458e-04   1.439205e-09

              2
             17
          pos_x          pos_y          pos_z       normal_x       normal_y       normal_z        tangt_x        tangt_y        tangt_z          pentr
   1.978508e-02   3.475712e-03   3.522294e-03   1.022869e-03   0.000000e+00   0.000000e+00  -0.000000e+00   2.563422e-04   2.839641e-04   4.764689e-09
   1.978508e-02   6.989891e-03   2.338461e-03   1.355930e-04   0.000000e+00   0.000000e+00  -0.000000e+00   5.442197e-05  -5.516995e-06   1.429562e-09
   1.978508e-02   9.661136e-03   5.759375e-03   1.157470e-07   0.000000e+00   0.000000e+00  -0.000000e+00   5.862787e-09   6.420724e-09   1.328539e-11
   1.978508e-02   1.341476e-03   9.550804e-03   6.262762e-10   0.000000e+00   0.000000e+00  -0.000000e+00   8.210121e-12   2.103448e-11   4.490540e-13
   1.978508e-02   2.362472e-03   1.516799e-02   4.727614e-04   0.000000e+00   0.000000e+00  -0.000000e+00   2.184248e-04   1.121805e-05   3.613895e-09
   1.978508e-02   1.911906e-02   1.329779e-03   1.057817e-04   0.000000e+00   0.000000e+00  -0.000000e+00  -5.263355e-06   3.814241e-05   1.670550e-09
   1.978508e-02   1.608407e-02   5.427570e-03   7.080268e-06   0.000000e+00   0.000000e+00  -0.000000e+00   1.444806e-06   5.020422e-07   2.156658e-10
   1.978508e-02   1.457832e-02   4.397174e-03   1.614848e-05   0.000000e+00   0.000000e+00  -0.000000e+00  -1.078956e-06  -4.195662e-06   3.730955e-10
   1.978508e-02   1.399187e-02   9.672092e-04   1.093431e-04   0.000000e+00   0.000000e+00  -0.000000e+00   2.047853e-06   4.455725e-05   1.667516e-09
   1.978508e-02   1.206945e-02   8.051352e-04   9.867108e-05   0.000000e+00   0.000000e+00  -0.000000e+00   5.625719e-06   1.059490e-05   1.596805e-09
   1.978508e-02   1.563551e-02   7.922868e-03   5.759166e-08   0.000000e+00   0.000000e+00   0.000000e+00  -2.775874e-08  -7.658465e-09   7.813437e-12
   1.978508e-02   1.030380e-02   8.616261e-03   2.964228e-11   0.000000e+00   0.000000e+00   0.000000e+00   1.368099e-25   8.425708e-25   6.456294e-14
   1.978508e-02   1.158284e-02   1.689296e-02   6.872142e-07   0.000000e+00   0.000000e+00  -0.000000e+00  -9.866416e-08   2.861971e-07   3.994633e-11
   1.978508e-02   1.906121e-02   1.666265e-02   2.225320e-04   0.000000e+00   0.000000e+00  -0.000000e+00  -3.827785e-05  -6.866092e-06   2.166244e-09
   1.978508e-02   1.267942e-02   1.493285e-02   1.475673e-07   0.000000e+00   0.000000e+00  -0.000000e+00  -5.760143e-09   9.093605e-09   1.644115e-11
   1.978508e-02   1.643699e-02   1.175122e-02   2.819000e-08   0.000000e+00   0.000000e+00  -0.000000e+00   1.294279e-08  -2.854025e-09   5.823082e-12
   1.978508e-02   1.196996e-02   1.262793e-02   1.908099e-07   0.000000e+00   0.000000e+00  -0.000000e+00  -7.557398e-08  -4.392222e-08   1.663752e-11
                                                2.192008e-03   0.000000e+00   0.000000e+00   0.000000e+00   4.934982e-04   3.726473e-04   1.035205e-09

              3
             21
          pos_x          pos_y          pos_z       normal_x       normal_y       normal_z        tangt_x        tangt_y        tangt_z          pentr
   2.469581e-03   2.128671e-04   1.153521e-03   0.000000e+00  -1.936187e-04   0.000000e+00  -2.991707e-05   0.000000e+00   9.207073e-05   2.354142e-09
   6.219995e-03   2.128671e-04   1.108544e-03   0.000000e+00  -2.767115e-04   0.000000e+00  -3.916451e-06  -0.000000e+00   8.315722e-05   2.926783e-09
   7.372240e-03   2.128671e-04   2.893736e-03   0.000000e+00  -9.274317e-06   0.000000e+00   3.588304e-06  -0.000000e+00  -1.952895e-06   2.271899e-10
   4.091639e-03   2.128671e-04   2.291688e-03   0.000000e+00  -1.433076e-04   0.000000e+00   4.012466e-05  -0.000000e+00   2.886104e-05   1.726982e-09
   1.843660e-03   2.128671e-04   6.515832e-03   0.000000e+00  -2.327524e-04   0.000000e+00   4.395174e-05  -0.000000e+00   2.586108e-06   2.271759e-09
   1.599651e-03   2.128671e-04   8.635916e-03   0.000000e+00  -1.849852e-04   0.000000e+00   8.240101e-05  -0.000000e+00  -1.856987e-05   1.700906e-09
   1.062838e-03   2.128671e-04   4.081828e-03   0.000000e+00  -1.126496e-04   0.000000e+00   1.917596e-05  -0.000000e+00  -5.440298e-06   1.669893e-09
   9.530356e-03   2.128671e-04   1.658203e-03   0.000000e+00  -5.390068e-04   0.000000e+00   1.944198e-05  -0.000000e+00   9.841664e-05   4.183299e-09
   1.814859e-03   2.128671e-04   1.449156e-02   0.000000e+00  -1.593898e-04   0.000000e+00   3.653810e-05  -0.000000e+00   9.682576e-06   1.518151e-09
   1.278525e-03   2.128671e-04   1.087492e-02   0.000000e+00  -1.851641e-05   0.000000e+00  -2.346375e-07  -0.000000e+00   1.948300e-06   4.140350e-10
   8.261856e-03   2.128671e-04   1.764186e-02   0.000000e+00  -1.027197e-04   0.000000e+00   2.716463e-06  -0.000000e+00  -2.102613e-05   1.503623e-09
   1.740703e-02   2.128671e-04   2.023585e-03   0.000000e+00  -4.388063e-04   0.000000e+00  -5.233217e-06  -0.000000e+00   4.542640e-06   3.205946e-09
   1.496320e-02   2.128671e-04   3.200526e-03   0.000000e+00  -3.674488e-10   0.000000e+00  -1.498337e-10  -0.000000e+00   6.391716e-11   2.774937e-13
   1.522441e-02   2.128671e-04   1.060886e-03   0.000000e+00  -9.984265e-04   0.000000e+00  -1.951626e-04  -0.000000e+00   1.785832e-04   7.548316e-09
   1.098790e-02   2.128671e-04   6.454217e-03   0.000000e+00  -1.140097e-06   0.000000e+00  -3.032366e-07  -0.000000e+00  -3.257681e-07   6.750367e-11
   1.004984e-02   2.128671e-04   3.917121e-03   0.000000e+00  -1.058912e-05   0.000000e+00   1.006671e-06  -0.000000e+00   1.630344e-07   2.452767e-10
   1.186139e-02   2.128671e-04   8.672731e-03   0.000000e+00  -7.179864e-08   0.000000e+00   2.848756e-08   0.000000e+00  -2.184537e-08   1.159902e-11
   1.387237e-02   2.128671e-04   1.212225e-02   0.000000e+00  -9.513659e-08   0.000000e+00   2.236667e-09  -0.000000e+00  -2.999872e-08   1.307162e-11
   1.725394e-02   2.128671e-04   1.505734e-02   0.000000e+00  -3.981985e-04   0.000000e+00  -1.403458e-04  -0.000000e+00  -5.555688e-06   2.880751e-09
   1.620782e-02   2.128671e-04   1.263655e-02   0.000000e+00  -4.888202e-08   0.000000e+00  -8.253607e-09  -0.000000e+00  -1.157323e-08   7.100247e-12
   1.259296e-02   2.128671e-04   1.050741e-02   0.000000e+00  -1.655327e-08   0.000000e+00  -3.630460e-09   0.000000e+00  -7.437909e-09   4.472351e-12
                                                0.000000e+00  -3.820325e-03   0.000000e+00  -1.261494e-04   0.000000e+00   4.470701e-04   1.641956e-09

              4
             18
          pos_x          pos_y          pos_z       normal_x       normal_y       normal_z        tangt_x        tangt_y        tangt_z          pentr
   2.153954e-03   1.978508e-02   2.669364e-03   0.000000e+00   2.852501e-04   0.000000e+00   1.153336e-05  -0.000000e+00   3.270969e-05   2.353517e-09
   6.319259e-03   1.978508e-02   6.401284e-03   0.000000e+00   2.711624e-06   0.000000e+00   2.825331e-07  -0.000000e+00   7.470027e-07   1.160853e-10
   4.205166e-03   1.978508e-02   4.624126e-03   0.000000e+00   1.037854e-04   0.000000e+00   3.295507e-05  -0.000000e+00   3.598009e-05   1.107562e-09
   1.950725e-03   1.978508e-02   5.158277e-03   0.000000e+00   2.634365e-04   0.000000e+00   2.124239e-05  -0.000000e+00   3.435059e-06   2.594483e-09
   5.045010e-03   1.978508e-02   1.478411e-03   0.000000e+00   2.129739e-05   0.000000e+00   2.995377e-06  -0.000000e+00  -5.888783e-06   4.091239e-10
   8.265591e-03   1.978508e-02   9.289433e-03   0.000000e+00   1.089690e-05   0.000000e+00  -1.048669e-06  -0.000000e+00   2.009823e-06   2.460299e-10
   7.607791e-03   1.978508e-02   1.639638e-02   0.000000e+00   1.167504e-08   0.000000e+00  -1.281369e-09  -0.000000e+00   4.691321e-09   3.596987e-12
   2.498374e-03   1.978508e-02   1.549035e-02   0.000000e+00   6.716620e-04   0.000000e+00   2.435754e-04  -0.000000e+00   6.819215e-05   3.923059e-09
   1.931527e-03   1.978508e-02   1.143857e-02   0.000000e+00   2.215255e-04   0.000000e+00   2.496087e-05  -0.000000e+00  -6.586222e-06   2.146232e-09
   4.353248e-03   1.978508e-02   9.670829e-03   0.000000e+00   8.297844e-05   0.000000e+00   2.604088e-05  -0.000000e+00   7.065329e-06   8.262690e-10
   1.747234e-02   1.978508e-02   4.443045e-03   0.000000e+00   8.146554e-07   0.000000e+00  -2.968092e-07   0.000000e+00   2.789626e-07   5.333053e-11
   1.196126e-02   1.978508e-02   2.449940e-03   0.000000e+00   5.092551e-06   0.000000e+00   6.906864e-07  -0.000000e+00  -4.130635e-07   1.482515e-10
   1.388681e-02   1.978508e-02   6.292292e-03   0.000000e+00   1.735485e-09   0.000000e+00  -9.444944e-11  -0.000000e+00   7.443262e-10   9.891359e-13
   1.140613e-02   1.978508e-02   5.689957e-03   0.000000e+00   4.512812e-06   0.000000e+00  -2.101720e-06  -0.000000e+00   4.271696e-07   1.491145e-10
   1.373181e-02   1.978508e-02   8.041222e-03   0.000000e+00   8.040965e-10   0.000000e+00   9.620733e-12   0.000000e+00   4.019331e-10   6.651450e-13
   1.027912e-02   1.978508e-02   1.332752e-03   0.000000e+00   8.926793e-05   0.000000e+00   7.407245e-06  -0.000000e+00   3.247315e-05   1.438450e-09
   1.066431e-02   1.978508e-02   1.820387e-02   0.000000e+00   1.061844e-04   0.000000e+00   1.539440e-06  -0.000000e+00  -4.254748e-06   1.807553e-09
   1.912855e-02   1.978508e-02   1.679336e-02   0.000000e+00   2.465714e-04   0.000000e+00  -4.226625e-05  -0.000000e+00   8.132735e-06   2.494582e-09
                                                0.000000e+00   2.116002e-03   0.000000e+00   3.275084e-04   0.000000e+00   1.743142e-04   1.101050e-09

              5
             28
          pos_x          pos_y          pos_z       normal_x       normal_y       normal_z        tangt_x        tangt_y        tangt_z          pentr
   2.583193e-03   1.694190e-03   2.114366e-04   0.000000e+00   0.000000e+00  -2.803530e-04   1.766258e-05   1.238321e-04  -0.000000e+00   2.223322e-09
   6.285185e-03   1.613789e-03   2.114366e-04   0.000000e+00   0.000000e+00  -1.875397e-04   6.025820e-06   6.893476e-05  -0.000000e+00   1.662908e-09
   1.488299e-03   3.348142e-03   2.114366e-04   0.000000e+00   0.000000e+00  -1.704913e-04   6.203556e-05   9.033566e-06  -0.000000e+00   2.038684e-09
   1.310826e-03   9.632894e-03   2.114366e-04   0.000000e+00   0.000000e+00  -3.637003e-04   6.953605e-05   3.824653e-05  -0.000000e+00   2.809227e-09
   7.316937e-04   6.426984e-03   2.114366e-04   0.000000e+00   0.000000e+00  -4.442127e-09   1.756929e-09  -1.358795e-09   0.000000e+00   1.744093e-12
   4.493180e-03   6.545826e-03   2.114366e-04   0.000000e+00   0.000000e+00  -4.297271e-10  -1.398543e-10  -1.183972e-11  -0.000000e+00   4.127760e-13
   5.210005e-03   3.626091e-03   2.114366e-04   0.000000e+00   0.000000e+00  -2.046458e-09   3.868807e-10  -5.437444e-10  -0.000000e+00   9.242081e-13
   9.208535e-03   2.499467e-03   2.114366e-04   0.000000e+00   0.000000e+00  -3.754468e-04  -1.108358e-05   1.745507e-04  -0.000000e+00   2.403022e-09
   1.278814e-03   1.819917e-02   2.114366e-04   0.000000e+00   0.000000e+00  -5.522834e-04   2.237331e-05   6.610280e-07  -0.000000e+00   3.448168e-09
   2.561799e-03   1.666822e-02   2.114366e-04   0.000000e+00   0.000000e+00  -2.287602e-10   1.004636e-10  -3.863364e-12  -0.000000e+00   2.322354e-13
   6.574795e-03   1.808713e-02   2.114366e-04   0.000000e+00   0.000000e+00  -7.464370e-10  -1.253509e-10  -4.950254e-11  -0.000000e+00   4.748410e-13
   1.230774e-03   1.582116e-02   2.114366e-04   0.000000e+00   0.000000e+00  -2.875460e-04   7.455747e-05  -5.782183e-05  -0.000000e+00   3.120500e-09
   3.122734e-03   1.256125e-02   2.114366e-04   0.000000e+00   0.000000e+00  -2.014374e-09   8.941609e-12  -4.353434e-10  -0.000000e+00   9.319733e-13
   5.156083e-03   1.593639e-02   2.114366e-04   0.000000e+00   0.000000e+00  -5.701912e-05   1.072873e-05  -2.518049e-05  -0.000000e+00   7.518004e-10
   1.122081e-03   1.238500e-02   2.114366e-04   0.000000e+00   0.000000e+00  -7.706980e-05   1.213507e-05  -2.376843e-06  -0.000000e+00   1.037228e-09
   7.159386e-03   1.086928e-02   2.114366e-04   0.000000e+00   0.000000e+00  -3.503787e-06  -1.118138e-06  -6.479951e-07  -0.000000e+00   1.180736e-10
   9.947330e-03   1.538155e-02   2.114366e-04   0.000000e+00   0.000000e+00  -3.761090e-09  -3.985056e-12   1.297860e-11  -0.000000e+00   1.436249e-12
   1.684672e-02   2.160670e-03   2.114366e-04   0.000000e+00   0.000000e+00  -5.167813e-04  -1.332475e-05   5.045625e-05  -0.000000e+00   3.499964e-09
   1.496266e-02   1.379004e-03   2.114366e-04   0.000000e+00   0.000000e+00  -5.455116e-04  -5.553572e-05   3.918524e-05  -0.000000e+00   4.043165e-09
   1.383212e-02   7.344738e-03   2.114366e-04   0.000000e+00   0.000000e+00  -1.371775e-04  -8.590123e-06  -1.522348e-07  -0.000000e+00   1.570670e-09
   1.100657e-02   6.359833e-03   2.114366e-04   0.000000e+00   0.000000e+00  -3.679865e-05  -1.308465e-05  -6.636543e-06  -0.000000e+00   5.629997e-10
   1.108418e-02   8.421115e-03   2.114366e-04   0.000000e+00   0.000000e+00  -4.258364e-09  -9.013734e-10  -8.250805e-11  -0.000000e+00   1.891277e-12
   1.864083e-02   1.927346e-02   2.114366e-04   0.000000e+00   0.000000e+00  -1.032368e-04  -1.161481e-05   1.525629e-06  -0.000000e+00   1.604945e-09
   1.424878e-02   1.630837e-02   2.114366e-04   0.000000e+00   0.000000e+00  -3.277630e-05   1.061220e-05   3.786180e-06  -0.000000e+00   5.961031e-10
   1.899879e-02   1.395582e-02   2.114366e-04   0.000000e+00   0.000000e+00  -1.054171e-04  -3.926533e-05  -1.782642e-06  -0.000000e+00   1.578693e-09
   1.572274e-02   1.910945e-02   2.114366e-04   0.000000e+00   0.000000e+00  -8.114952e-09   4.006666e-09   6.401073e-10   0.000000e+00   2.888310e-12
   1.894416e-02   1.174818e-02   2.114366e-04   0.000000e+00   0.000000e+00  -6.933176e-05  -1.835908e-05  -6.956574e-06  -0.000000e+00   9.811604e-10
   1.002170e-02   1.880815e-02   2.114366e-04   0.000000e+00   0.000000e+00  -1.024913e-04  -9.904583e-06  -3.760849e-05  -0.000000e+00   1.717370e-09
                                                0.000000e+00   0.000000e+00  -4.004501e-03   1.037911e-04   3.710466e-04   0.000000e+00   1.277819e-09

              6
             14
          pos_x          pos_y          pos_z       normal_x       normal_y       normal_z        tangt_x        tangt_y        tangt_z          pentr
   2.081382e-03   8.614831e-03   1.886660e-02   0.000000e+00   0.000000e+00   4.165101e-04   1.624851e-04   1.331385e-05  -0.000000e+00   2.622446e-09
   4.830191e-03   6.457108e-03   1.886660e-02   0.000000e+00   0.000000e+00   6.460592e-09   2.243468e-09  -2.228888e-09  -0.000000e+00   2.075947e-12
   8.451796e-03   4.451211e-03   1.886660e-02   0.000000e+00   0.000000e+00   4.681650e-10   3.100143e-11   1.049149e-12  -0.000000e+00   3.780275e-13
   3.501106e-03   6.025470e-03   1.886660e-02   0.000000e+00   0.000000e+00   8.223599e-09  -2.921548e-09   2.893346e-09   0.000000e+00   3.160763e-12
   8.091793e-03   6.422709e-03   1.886660e-02   0.000000e+00   0.000000e+00   1.709084e-09  -1.931989e-10   2.358554e-10  -0.000000e+00   9.179185e-13
   8.098615e-03   1.340599e-03   1.886660e-02   0.000000e+00   0.000000e+00   1.125973e-04  -4.919379e-07   3.780949e-06  -0.000000e+00   1.702733e-09
   7.577233e-03   9.846051e-03   1.886660e-02   0.000000e+00   0.000000e+00   5.042360e-07   4.680006e-08  -2.792509e-09  -0.000000e+00   3.332657e-11
   1.918861e-03   1.231400e-02   1.886660e-02   0.000000e+00   0.000000e+00   1.761716e-04   7.577517e-05   2.552765e-05  -0.000000e+00   1.712854e-09
   5.631234e-03   1.445588e-02   1.886660e-02   0.000000e+00   0.000000e+00   3.885036e-06   1.090097e-07  -4.323659e-07  -0.000000e+00   1.783127e-10
   4.070725e-03   1.275838e-02   1.886660e-02   0.000000e+00   0.000000e+00   2.383326e-09   4.283432e-10   1.112017e-09   0.000000e+00   1.203915e-12
   7.597770e-03   1.378343e-02   1.886660e-02   0.000000e+00   0.000000e+00   1.486559e-06   4.672864e-07   7.953218e-08  -0.000000e+00   6.317725e-11
   1.500714e-02   7.282222e-03   1.886660e-02   0.000000e+00   0.000000e+00   1.617773e-06   3.286976e-07  -1.032105e-07  -0.000000e+00   6.740933e-11
   1.041465e-02   1.886208e-02   1.886660e-02   0.000000e+00   0.000000e+00   7.686354e-05  -1.018919e-05  -3.705646e-05   0.000000e+00   1.182503e-09
   1.569043e-02   1.080469e-02   1.886660e-02   0.000000e+00   0.000000e+00   3.339898e-08   1.596583e-08  -4.895424e-09   0.000000e+00   7.098589e-12
                                                0.000000e+00   0.000000e+00   7.896888e-04   2.285464e-04   5.104268e-06   0.000000e+00   5.412569e-10

