   1.748926e-04   1.748949e-04   1.749098e-04   1.982507e-02   1.982507e-02   1.890659e-02

              6

              1              0
              1  -1.000000e+00   0.000000e+00   0.000000e+00   1.748926e-04   1.000000e-02   1.000000e-02

              1              0
              2   1.000000e+00   0.000000e+00   0.000000e+00   1.982507e-02   1.000000e-02   1.000000e-02

              1              0
              3   0.000000e+00  -1.000000e+00   0.000000e+00   1.000000e-02   1.748949e-04   1.000000e-02

              1              0
              4   0.000000e+00   1.000000e+00   0.000000e+00   1.000000e-02   1.982507e-02   1.000000e-02

              1              0
              5   0.000000e+00   0.000000e+00  -1.000000e+00   1.000000e-02   1.000000e-02   1.749098e-04

              1              0
              6   0.000000e+00   0.000000e+00   1.000000e+00   1.000000e-02   1.000000e-02   1.890659e-02
