              6

              1
             33
          pos_x          pos_y          pos_z       normal_x       normal_y       normal_z        tangt_x        tangt_y        tangt_z          pentr
   1.298926e-04   3.205827e-03   1.183213e-03  -1.176192e-04   0.000000e+00   0.000000e+00  -0.000000e+00   1.263350e-07   5.232985e-05   1.815186e-09
   1.298926e-04   8.980508e-03   1.377332e-03  -2.952191e-04   0.000000e+00   0.000000e+00  -0.000000e+00  -5.981552e-05   1.149932e-04   2.218214e-09
   1.298926e-04   1.089457e-03   2.252647e-03  -4.232279e-04   0.000000e+00   0.000000e+00  -0.000000e+00   2.375751e-05   6.428999e-05   3.308239e-09
   1.298926e-04   4.063050e-03   2.731021e-03  -9.004849e-10   0.000000e+00   0.000000e+00  -0.000000e+00  -1.249129e-10   2.497685e-10   5.831964e-13
   1.298926e-04   6.520257e-03   6.091920e-04  -9.863963e-05   0.000000e+00   0.000000e+00  -0.000000e+00   1.100317e-05   2.727764e-05   1.490253e-09
   1.298926e-04   1.469525e-03   6.371969e-03  -3.944879e-05   0.000000e+00   0.000000e+00  -0.000000e+00   8.164423e-06  -1.613300e-05   7.990788e-10
   1.298926e-04   1.228102e-03   9.086989e-03  -2.542568e-04   0.000000e+00   0.000000e+00  -0.000000e+00   1.240142e-05   5.757501e-06   2.535226e-09
   1.298926e-04   7.052516e-03   7.582345e-03  -1.366939e-10   0.000000e+00   0.000000e+00   0.000000e+00  -5.057007e-11  -4.597793e-11   1.796399e-13
   1.298926e-04   5.126766e-03   7.442527e-03  -8.432706e-10   0.000000e+00   0.000000e+00  -0.000000e+00  -2.690033e-10   2.248720e-10   5.136572e-13
   1.298926e-04   6.654717e-03   1.073006e-02  -1.077187e-05   0.000000e+00   0.000000e+00  -0.000000e+00   1.292277e-06   4.630328e-06   2.844611e-10
   1.298926e-04   8.453303e-03   1.750265e-02  -4.937107e-04   0.000000e+00   0.000000e+00  -0.000000e+00  -2.249235e-05  -1.597158e-04   3.559948e-09
   1.298926e-04   5.854474e-03   1.544343e-02  -2.338076e-05   0.000000e+00   0.000000e+00  -0.000000e+00  -9.079235e-07  -9.096328e-06   3.781570e-10
   1.298926e-04   1.191022e-03   1.408065e-02  -2.537049e-04   0.000000e+00   0.000000e+00  -0.000000e+00   1.159385e-04  -4.751898e-05   2.781190e-09
   1.298926e-04   1.240559e-03   1.225511e-02  -8.170411e-05   0.000000e+00   0.000000e+00  -0.000000e+00   2.924726e-05  -6.282545e-06   1.341616e-09
   1.298926e-04   2.655911e-03   1.109813e-02  -2.423540e-09   0.000000e+00   0.000000e+00  -0.000000e+00  -4.206823e-10   1.938250e-10   1.268217e-12
   1.298926e-04   1.793184e-02   9.537141e-04  -5.841842e-04   0.000000e+00   0.000000e+00  -0.000000e+00   8.417365e-06   2.610958e-04   4.350365e-09
   1.298926e-04   1.802282e-02   5.092307e-03  -2.733125e-04   0.000000e+00   0.000000e+00  -0.000000e+00  -1.043723e-04   4.360133e-05   2.557279e-09
   1.298926e-04   1.816164e-02   7.316548e-03  -2.606567e-04   0.000000e+00   0.000000e+00  -0.000000e+00  -1.614823e-05   1.623620e-06   2.643731e-09
   1.298926e-04   1.550412e-02   1.268284e-03  -9.123692e-05   0.000000e+00   0.000000e+00  -0.000000e+00  -8.160241e-06   2.783021e-05   1.333867e-09
   1.298926e-04   1.468151e-02   7.651402e-03  -3.981672e-10   0.000000e+00   0.000000e+00  -0.000000e+00  -8.689233e-11  -1.397685e-10   3.247308e-13
   1.298926e-04   1.139280e-02   1.808104e-03  -9.559445e-11   0.000000e+00   0.000000e+00   0.000000e+00   4.451570e-11  -1.740479e-11   1.495357e-13
   1.298926e-04   1.581059e-02   4.560114e-03  -6.943757e-06   0.000000e+00   0.000000e+00  -0.000000e+00  -2.699094e-06   1.652207e-06   2.606871e-10
   1.298926e-04   1.578919e-02   8.931627e-03  -1.337282e-05   0.000000e+00   0.000000e+00  -0.000000e+00  -3.480820e-06   5.158028e-07   3.360426e-10
   1.298926e-04   1.261412e-02   7.330925e-04  -1.255833e-04   0.000000e+00   0.000000e+00  -0.000000e+00   1.594628e-05   5.845835e-05   1.947545e-09
   1.298926e-04   1.350948e-02   6.527940e-03  -3.081067e-10   0.000000e+00   0.000000e+00  -0.000000e+00  -5.937761e-12  -1.705565e-11   2.846400e-13
   1.298926e-04   1.894817e-02   9.413989e-03  -1.004708e-04   0.000000e+00   0.000000e+00  -0.000000e+00  -2.338039e-05   5.744986e-08   1.279989e-09
   1.298926e-04   1.175153e-02   1.759625e-02  -2.231722e-04   0.000000e+00   0.000000e+00  -0.000000e+00  -1.331352e-05  -3.099897e-05   2.427033e-09
   1.298926e-04   1.171291e-02   1.504880e-02  -6.612755e-10   0.000000e+00   0.000000e+00   0.000000e+00   1.080322e-10   3.124906e-10   5.010210e-13
   1.298926e-04   1.417854e-02   1.548606e-02  -8.343973e-06   0.000000e+00   0.000000e+00  -0.000000e+00  -4.916882e-07  -2.420920e-06   2.108511e-10
   1.298926e-04   1.734684e-02   1.500827e-02  -6.028030e-04   0.000000e+00   0.000000e+00  -0.000000e+00  -2.231845e-04  -5.451181e-05   3.461275e-09
   1.298926e-04   1.019115e-02   1.516420e-02  -1.897574e-06   0.000000e+00   0.000000e+00  -0.000000e+00  -8.822587e-09   2.181242e-08   8.779797e-11
   1.298926e-04   1.833624e-02   1.196431e-02  -2.207345e-04   0.000000e+00   0.000000e+00  -0.000000e+00  -8.941957e-05   3.161753e-05   2.254571e-09
   1.298926e-04   1.011784e-02   9.655518e-03  -9.708385e-07   0.000000e+00   0.000000e+00  -0.000000e+00  -2.708260e-07   2.090774e-07   5.679807e-11
                                               -4.605373e-03   0.000000e+00   0.000000e+00   0.000000e+00  -3.418520e-04   3.692842e-04   1.324946e-09

              2
             19
          pos_x          pos_y          pos_z       normal_x       normal_y       normal_z        tangt_x        tangt_y        tangt_z          pentr
   1.987007e-02   3.347471e-03   3.474309e-03   1.348668e-05   0.000000e+00   0.000000e+00  -0.000000e+00  -2.321722e-07   5.864135e-08   2.659529e-10
   1.987007e-02   6.923319e-03   2.218871e-03   3.878932e-04   0.000000e+00   0.000000e+00  -0.000000e+00   7.928517e-05   1.372070e-04   2.900110e-09
   1.987007e-02   2.350202e-03   6.586977e-03   2.165011e-04   0.000000e+00   0.000000e+00  -0.000000e+00   6.881047e-05   6.804778e-05   1.660011e-09
   1.987007e-02   7.106794e-03   8.102104e-03   7.849675e-06   0.000000e+00   0.000000e+00  -0.000000e+00   2.161064e-07   1.412684e-07   2.319779e-10
   1.987007e-02   1.246742e-03   9.404760e-03   2.649588e-04   0.000000e+00   0.000000e+00  -0.000000e+00   9.360040e-05   2.153002e-05   2.540978e-09
   1.987007e-02   9.599342e-03   1.184942e-03   3.776960e-04   0.000000e+00   0.000000e+00  -0.000000e+00   6.331903e-05   1.361202e-04   2.842512e-09
   1.987007e-02   2.309072e-03   1.555869e-02   4.817837e-04   0.000000e+00   0.000000e+00  -0.000000e+00   2.377895e-04  -5.285476e-06   3.621386e-09
   1.987007e-02   4.897832e-03   1.558706e-02   1.161154e-09   0.000000e+00   0.000000e+00  -0.000000e+00   3.535972e-10   1.851601e-10   6.589694e-13
   1.987007e-02   6.609016e-03   1.142688e-02   7.930943e-05   0.000000e+00   0.000000e+00  -0.000000e+00   7.087190e-06  -2.273211e-05   9.980655e-10
   1.987007e-02   1.917710e-02   1.256516e-03   1.994533e-04   0.000000e+00   0.000000e+00  -0.000000e+00  -7.442516e-05   5.449948e-05   2.527489e-09
   1.987007e-02   1.625201e-02   5.413466e-03   7.267247e-10   0.000000e+00   0.000000e+00  -0.000000e+00  -2.618458e-10  -4.037798e-11   4.684586e-13
   1.987007e-02   1.800268e-02   6.028017e-03   2.186256e-04   0.000000e+00   0.000000e+00  -0.000000e+00  -3.364464e-05  -1.299042e-06   2.128501e-09
   1.987007e-02   1.399106e-02   8.870119e-04   1.109441e-04   0.000000e+00   0.000000e+00  -0.000000e+00   2.131116e-06   5.216836e-05   1.682338e-09
   1.987007e-02   1.248570e-02   4.685441e-03   3.955226e-08   0.000000e+00   0.000000e+00  -0.000000e+00   1.067316e-09  -4.320260e-09   5.478430e-12
   1.987007e-02   1.210274e-02   7.479621e-04   9.856184e-05   0.000000e+00   0.000000e+00  -0.000000e+00   1.864033e-05   3.458435e-05   1.611017e-09
   1.987007e-02   1.573516e-02   7.741374e-03   5.947855e-06   0.000000e+00   0.000000e+00  -0.000000e+00   2.016460e-06  -4.743629e-07   1.776804e-10
   1.987007e-02   1.871745e-02   9.959720e-03   1.705878e-04   0.000000e+00   0.000000e+00  -0.000000e+00  -5.514222e-05  -1.554293e-05   1.559296e-09
   1.987007e-02   1.300095e-02   1.339419e-02   5.278204e-08   0.000000e+00   0.000000e+00   0.000000e+00   1.311299e-08  -2.290274e-08   8.801813e-12
   1.987007e-02   1.036286e-02   9.563151e-03   9.010822e-10   0.000000e+00   0.000000e+00  -0.000000e+00  -3.466978e-10   2.178820e-10   5.529500e-13
                                                2.633694e-03   0.000000e+00   0.000000e+00   0.000000e+00   4.094655e-04   4.589963e-04   1.303330e-09

              3
             25
          pos_x          pos_y          pos_z       normal_x       normal_y       normal_z        tangt_x        tangt_y        tangt_z          pentr
   2.424130e-03   1.298949e-04   1.075147e-03   0.000000e+00  -1.661448e-04   0.000000e+00   1.872181e-06  -0.000000e+00   1.363734e-05   2.120895e-09
   6.246122e-03   1.298949e-04   1.043755e-03   0.000000e+00  -2.903976e-04   0.000000e+00  -1.020101e-05  -0.000000e+00   1.040020e-04   3.014396e-09
   7.508158e-04   1.298949e-04   1.954401e-03   0.000000e+00  -1.183099e-04   0.000000e+00   3.498306e-05  -0.000000e+00  -1.574421e-05   1.903883e-09
   7.477366e-03   1.298949e-04   2.725636e-03   0.000000e+00  -6.584034e-05   0.000000e+00   2.604687e-07  -0.000000e+00  -2.877446e-06   8.474195e-10
   3.901263e-03   1.298949e-04   2.302758e-03   0.000000e+00  -1.635615e-04   0.000000e+00   3.518773e-06  -0.000000e+00   3.120008e-06   1.906246e-09
   1.521998e-03   1.298949e-04   8.552595e-03   0.000000e+00  -2.122496e-04   0.000000e+00   3.155933e-05  -0.000000e+00  -2.180129e-06   1.856795e-09
   9.890921e-04   1.298949e-04   4.198953e-03   0.000000e+00  -2.665137e-10   0.000000e+00  -1.264728e-11  -0.000000e+00   5.903519e-11   2.847665e-13
   5.488788e-03   1.298949e-04   8.293885e-03   0.000000e+00  -2.240951e-10   0.000000e+00   1.096586e-10   0.000000e+00  -2.301395e-11   2.775846e-13
   9.600686e-03   1.298949e-04   1.540069e-03   0.000000e+00  -5.009231e-04   0.000000e+00   5.780444e-06  -0.000000e+00   2.542046e-05   3.983567e-09
   8.380838e-03   1.298949e-04   9.689713e-03   0.000000e+00  -7.160000e-10   0.000000e+00  -3.072950e-10  -0.000000e+00  -1.463413e-10   5.123628e-13
   1.746688e-03   1.298949e-04   1.453090e-02   0.000000e+00  -1.626349e-04   0.000000e+00   6.251059e-05  -0.000000e+00   1.645732e-05   1.549872e-09
   8.323489e-03   1.298949e-04   1.266918e-02   0.000000e+00  -1.524163e-09   0.000000e+00  -3.136369e-10  -0.000000e+00  -2.955547e-11   6.685374e-13
   2.644713e-03   1.298949e-04   1.271173e-02   0.000000e+00  -1.068057e-10   0.000000e+00  -1.056185e-12  -0.000000e+00  -2.457196e-11   1.597488e-13
   1.068673e-03   1.298949e-04   1.252708e-02   0.000000e+00  -1.051780e-04   0.000000e+00   2.688712e-05  -0.000000e+00   7.404826e-06   1.757930e-09
   9.883654e-04   1.298949e-04   1.071113e-02   0.000000e+00  -2.760674e-05   0.000000e+00  -3.795391e-06  -0.000000e+00   1.135225e-05   5.563372e-10
   8.214951e-03   1.298949e-04   1.771989e-02   0.000000e+00  -1.035466e-04   0.000000e+00   6.187671e-06   0.000000e+00  -5.140220e-05   1.508972e-09
   1.714722e-02   1.298949e-04   4.801120e-03   0.000000e+00  -7.143628e-05   0.000000e+00  -2.063721e-05  -0.000000e+00  -1.208412e-05   9.071909e-10
   1.849669e-02   1.298949e-04   9.144950e-03   0.000000e+00  -2.152733e-04   0.000000e+00  -9.696300e-05  -0.000000e+00  -1.823728e-05   1.871935e-09
   1.504660e-02   1.298949e-04   3.134341e-03   0.000000e+00  -1.696320e-10   0.000000e+00  -3.709684e-11   0.000000e+00   7.627304e-11   1.655997e-13
   1.530154e-02   1.298949e-04   1.027555e-03   0.000000e+00  -1.171136e-04   0.000000e+00   1.559208e-06  -0.000000e+00   6.522073e-06   1.809739e-09
   1.007489e-02   1.298949e-04   3.890720e-03   0.000000e+00  -3.680548e-05   0.000000e+00  -6.899790e-06  -0.000000e+00  -1.199878e-06   5.649815e-10
   1.028516e-02   1.298949e-04   1.071457e-02   0.000000e+00  -6.517409e-05   0.000000e+00  -2.483431e-05  -0.000000e+00  -7.320438e-06   9.697219e-10
   1.729609e-02   1.298949e-04   1.560684e-02   0.000000e+00  -4.022556e-04   0.000000e+00  -1.136907e-04  -0.000000e+00   1.986506e-06   2.859476e-09
   1.319552e-02   1.298949e-04   1.505935e-02   0.000000e+00  -3.658433e-08   0.000000e+00  -6.654376e-09  -0.000000e+00  -4.962651e-10   6.024504e-12
   1.573784e-02   1.298949e-04   1.270155e-02   0.000000e+00  -1.028134e-06   0.000000e+00   2.356856e-08  -0.000000e+00   9.452176e-09   5.488842e-11
                                                0.000000e+00  -2.825519e-03   0.000000e+00  -1.018862e-04   0.000000e+00   7.886597e-05   1.202094e-09

              4
             22
          pos_x          pos_y          pos_z       normal_x       normal_y       normal_z        tangt_x        tangt_y        tangt_z          pentr
   6.314658e-03   1.987007e-02   6.349930e-03   0.000000e+00   8.672177e-10   0.000000e+00   1.687948e-10  -0.000000e+00  -3.896765e-10   5.414107e-13
   3.990232e-03   1.987007e-02   4.413228e-03   0.000000e+00   1.121270e-04   0.000000e+00   4.308905e-06  -0.000000e+00   3.995072e-05   1.165854e-09
   7.858992e-03   1.987007e-02   2.772886e-03   0.000000e+00   1.712193e-06   0.000000e+00   7.312677e-07  -0.000000e+00   9.097453e-08   8.372978e-11
   1.871617e-03   1.987007e-02   5.047695e-03   0.000000e+00   2.349512e-04   0.000000e+00   2.614326e-05  -0.000000e+00   7.413282e-06   2.403623e-09
   1.666549e-03   1.987007e-02   7.289486e-03   0.000000e+00   2.863262e-04   0.000000e+00   2.467588e-05  -0.000000e+00   1.330016e-06   2.983025e-09
   4.944890e-03   1.987007e-02   1.348297e-03   0.000000e+00   4.751362e-05   0.000000e+00   7.327958e-06  -0.000000e+00   1.273476e-05   7.017743e-10
   8.256219e-03   1.987007e-02   9.088486e-03   0.000000e+00   1.297846e-05   0.000000e+00   4.240574e-06  -0.000000e+00   4.049307e-07   2.793011e-10
   8.708336e-04   1.987007e-02   9.414597e-03   0.000000e+00   1.251212e-04   0.000000e+00   1.625259e-05  -0.000000e+00   1.093755e-07   1.758407e-09
   7.451954e-03   1.987007e-02   1.642435e-02   0.000000e+00   1.420994e-08   0.000000e+00  -3.353620e-09  -0.000000e+00   3.266107e-09   3.949424e-12
   2.392854e-03   1.987007e-02   1.562764e-02   0.000000e+00   6.705048e-04   0.000000e+00   1.846801e-04  -0.000000e+00   5.129251e-05   3.939414e-09
   1.750158e-03   1.987007e-02   1.142206e-02   0.000000e+00   2.088850e-04   0.000000e+00   1.344360e-05  -0.000000e+00  -4.162209e-06   2.051123e-09
   4.257471e-03   1.987007e-02   9.650747e-03   0.000000e+00   1.743219e-05   0.000000e+00   3.536514e-06  -0.000000e+00   1.196129e-06   2.940124e-10
   1.904245e-02   1.987007e-02   7.496739e-04   0.000000e+00   3.567139e-04   0.000000e+00  -8.326832e-05  -0.000000e+00   9.197952e-05   3.333953e-09
   1.834327e-02   1.987007e-02   6.074089e-03   0.000000e+00   2.663316e-04   0.000000e+00  -4.377717e-05  -0.000000e+00   1.024112e-06   2.770845e-09
   1.545167e-02   1.987007e-02   1.074077e-03   0.000000e+00   8.688622e-05   0.000000e+00  -1.128719e-05  -0.000000e+00   3.591848e-05   1.191559e-09
   1.391834e-02   1.987007e-02   1.996764e-03   0.000000e+00   2.252228e-04   0.000000e+00   1.041532e-06  -0.000000e+00   3.345983e-05   2.187432e-09
   1.498296e-02   1.987007e-02   7.938632e-03   0.000000e+00   7.713945e-10   0.000000e+00  -1.024641e-10  -0.000000e+00   1.255624e-11   4.968803e-13
   1.182475e-02   1.987007e-02   2.246245e-03   0.000000e+00   5.793035e-10   0.000000e+00  -1.565378e-10  -0.000000e+00   7.005315e-11   3.480827e-13
   1.121141e-02   1.987007e-02   5.567550e-03   0.000000e+00   1.319596e-05   0.000000e+00  -4.873884e-06  -0.000000e+00   1.459319e-06   3.059508e-10
   1.560930e-02   1.987007e-02   5.691331e-03   0.000000e+00   6.959971e-09   0.000000e+00   2.172115e-09   0.000000e+00   2.718863e-09   2.576120e-12
   1.029595e-02   1.987007e-02   1.247264e-03   0.000000e+00   9.150935e-05   0.000000e+00   9.743799e-06   0.000000e+00   4.470513e-05   1.477749e-09
   1.906432e-02   1.987007e-02   1.028729e-02   0.000000e+00   2.474071e-04   0.000000e+00  -6.635444e-05  -0.000000e+00   2.711279e-05   2.580086e-09
                                                0.000000e+00   3.004842e-03   0.000000e+00   8.656366e-05   0.000000e+00   3.460253e-04   1.341625e-09

              5
             32
          pos_x          pos_y          pos_z       normal_x       normal_y       normal_z        tangt_x        tangt_y        tangt_z          pentr
   2.510250e-03   1.613238e-03   1.299099e-04   0.000000e+00   0.000000e+00  -5.474275e-04   7.849524e-05   2.528926e-04  -0.000000e+00   3.468217e-09
   6.341397e-03   1.555103e-03   1.299099e-04   0.000000e+00   0.000000e+00  -1.891252e-04   4.090454e-06   5.819297e-05  -0.000000e+00   1.668724e-09
   1.380070e-03   3.202435e-03   1.299099e-04   0.000000e+00   0.000000e+00  -9.831924e-05   3.021364e-05   1.087013e-08  -0.000000e+00   1.439003e-09
   6.083537e-03   8.924363e-03   1.299099e-04   0.000000e+00   0.000000e+00  -7.756206e-07   3.053924e-07   1.970507e-07  -0.000000e+00   5.916456e-11
   1.254288e-03   9.631025e-03   1.299099e-04   0.000000e+00   0.000000e+00  -3.297975e-04   9.924300e-05   5.720548e-05  -0.000000e+00   2.628160e-09
   6.721871e-04   6.330649e-03   1.299099e-04   0.000000e+00   0.000000e+00  -8.680993e-05   1.796782e-05  -6.072660e-06  -0.000000e+00   1.264895e-09
   8.614081e-03   5.122013e-03   1.299099e-04   0.000000e+00   0.000000e+00  -1.478286e-06   4.642721e-09  -5.129989e-07  -0.000000e+00   7.217521e-11
   9.262216e-03   2.370455e-03   1.299099e-04   0.000000e+00   0.000000e+00  -3.156329e-04  -1.577357e-05   1.029869e-04  -0.000000e+00   2.132545e-09
   1.180934e-03   1.828076e-02   1.299099e-04   0.000000e+00   0.000000e+00  -5.387454e-04   2.112266e-04  -3.671180e-05  -0.000000e+00   3.407189e-09
   2.430336e-03   1.673003e-02   1.299099e-04   0.000000e+00   0.000000e+00  -8.188657e-05   3.731232e-06  -1.518862e-06  -0.000000e+00   1.205539e-09
   6.367997e-03   1.813357e-02   1.299099e-04   0.000000e+00   0.000000e+00  -1.688539e-04   4.802530e-05  -1.907804e-05  -0.000000e+00   1.749705e-09
   1.156935e-03   1.584912e-02   1.299099e-04   0.000000e+00   0.000000e+00  -1.016769e-04   4.013051e-05   1.347279e-05  -0.000000e+00   1.561465e-09
   1.063327e-03   1.245326e-02   1.299099e-04   0.000000e+00   0.000000e+00  -8.987030e-05   1.717329e-05  -3.336634e-06  -0.000000e+00   1.149692e-09
   7.144215e-03   1.088616e-02   1.299099e-04   0.000000e+00   0.000000e+00  -6.750115e-09  -5.358348e-11   3.788051e-10  -0.000000e+00   1.832946e-12
   1.008604e-02   1.588182e-02   1.299099e-04   0.000000e+00   0.000000e+00  -5.000958e-10  -2.262933e-10  -5.743274e-11  -0.000000e+00   3.893125e-13
   1.778569e-02   5.724325e-03   1.299099e-04   0.000000e+00   0.000000e+00  -3.876811e-04  -5.879525e-05  -3.349246e-05  -0.000000e+00   2.931575e-09
   1.506544e-02   1.336812e-03   1.299099e-04   0.000000e+00   0.000000e+00  -8.718654e-05  -6.186670e-06   3.114871e-05  -0.000000e+00   1.211235e-09
   1.423027e-02   3.279065e-03   1.299099e-04   0.000000e+00   0.000000e+00  -1.716434e-07   5.218977e-08   1.426522e-08  -0.000000e+00   2.168995e-11
   1.389537e-02   7.155759e-03   1.299099e-04   0.000000e+00   0.000000e+00  -1.625381e-08  -4.069623e-09   5.703896e-09  -0.000000e+00   3.809414e-12
   1.873514e-02   9.116384e-03   1.299099e-04   0.000000e+00   0.000000e+00  -3.398172e-04  -1.564094e-04  -6.637041e-05   0.000000e+00   2.467825e-09
   1.139463e-02   8.332810e-03   1.299099e-04   0.000000e+00   0.000000e+00  -7.109462e-11   8.219618e-23   1.319642e-22   0.000000e+00   1.229955e-13
   1.870475e-02   1.933331e-02   1.299099e-04   0.000000e+00   0.000000e+00  -2.131216e-04  -5.670875e-05  -9.021820e-05   0.000000e+00   2.559899e-09
   1.678079e-02   1.513129e-02   1.299099e-04   0.000000e+00   0.000000e+00  -1.108234e-06  -7.453616e-08  -3.602669e-07  -0.000000e+00   5.741171e-11
   1.908208e-02   1.396208e-02   1.299099e-04   0.000000e+00   0.000000e+00  -1.065945e-04  -5.305012e-05  -1.797667e-06  -0.000000e+00   1.590260e-09
   1.575084e-02   1.908566e-02   1.299099e-04   0.000000e+00   0.000000e+00  -1.046007e-04   1.399982e-05  -3.697588e-05  -0.000000e+00   1.573541e-09
   1.384061e-02   1.828257e-02   1.299099e-04   0.000000e+00   0.000000e+00  -2.636318e-04  -2.613111e-06  -4.898018e-05  -0.000000e+00   2.696731e-09
   1.897898e-02   1.176959e-02   1.299099e-04   0.000000e+00   0.000000e+00  -6.831678e-05  -3.084723e-05  -1.154004e-05  -0.000000e+00   9.702449e-10
   1.154919e-02   1.664553e-02   1.299099e-04   0.000000e+00   0.000000e+00  -2.939625e-09   6.702076e-10   1.389485e-10  -0.000000e+00   1.241087e-12
   1.387514e-02   1.277713e-02   1.299099e-04   0.000000e+00   0.000000e+00  -9.914071e-10   1.060122e-11  -4.229795e-10  -0.000000e+00   5.917562e-13
   1.158048e-02   1.424670e-02   1.299099e-04   0.000000e+00   0.000000e+00  -1.020395e-10  -4.805446e-12   4.162287e-13  -0.000000e+00   1.453706e-13
   1.508764e-02   1.411118e-02   1.299099e-04   0.000000e+00   0.000000e+00  -2.267209e-09   5.419756e-23  -2.133202e-21   0.000000e+00   1.108552e-12
   1.005401e-02   1.888230e-02   1.299099e-04   0.000000e+00   0.000000e+00  -1.034870e-04  -6.807823e-06  -2.813950e-05  -0.000000e+00   1.726736e-09
                                                0.000000e+00   0.000000e+00  -4.226146e-03   1.773890e-04   1.310218e-04   0.000000e+00   1.238214e-09

              6
             14
          pos_x          pos_y          pos_z       normal_x       normal_y       normal_z        tangt_x        tangt_y        tangt_z          pentr
   2.009057e-03   8.649378e-03   1.895159e-02   0.000000e+00   0.000000e+00   3.953128e-04   6.750887e-05   8.267495e-06  -0.000000e+00   2.527193e-09
   6.139310e-03   8.513992e-03   1.895159e-02   0.000000e+00   0.000000e+00   2.774419e-09  -7.126889e-11  -1.385377e-09   0.000000e+00   1.311465e-12
   2.813818e-03   3.804827e-03   1.895159e-02   0.000000e+00   0.000000e+00   1.632533e-05   4.291941e-06  -5.000005e-06  -0.000000e+00   2.996195e-10
   8.067584e-03   1.266204e-03   1.895159e-02   0.000000e+00   0.000000e+00   1.116613e-04  -5.868761e-06   4.540478e-05  -0.000000e+00   1.686026e-09
   1.826367e-03   1.235840e-02   1.895159e-02   0.000000e+00   0.000000e+00   1.788493e-04   6.899693e-05   2.537897e-05  -0.000000e+00   1.764907e-09
   2.970370e-03   1.588224e-02   1.895159e-02   0.000000e+00   0.000000e+00   1.046074e-05   3.541824e-06   3.120916e-06  -0.000000e+00   2.113724e-10
   6.183411e-03   1.827951e-02   1.895159e-02   0.000000e+00   0.000000e+00   1.497716e-09  -1.042255e-10   2.951326e-10  -0.000000e+00   6.862844e-13
   3.733445e-03   1.262215e-02   1.895159e-02   0.000000e+00   0.000000e+00   3.234219e-10  -2.615670e-11  -3.069738e-14  -0.000000e+00   3.375772e-13
   1.323809e-02   3.890959e-03   1.895159e-02   0.000000e+00   0.000000e+00   9.683596e-09  -3.476872e-10   2.077869e-10  -0.000000e+00   2.019929e-12
   1.204115e-02   7.382702e-03   1.895159e-02   0.000000e+00   0.000000e+00   7.667491e-06   1.594343e-07   5.564342e-09  -0.000000e+00   1.758271e-10
   1.225100e-02   1.285392e-02   1.895159e-02   0.000000e+00   0.000000e+00   2.711105e-09   5.427048e-21   6.549933e-23   0.000000e+00   1.337624e-12
   1.098730e-02   1.850998e-02   1.895159e-02   0.000000e+00   0.000000e+00   3.417926e-08   2.127665e-09   2.850799e-10  -0.000000e+00   6.053793e-12
   1.106669e-02   1.040001e-02   1.895159e-02   0.000000e+00   0.000000e+00   3.210905e-07  -8.662709e-08  -3.684475e-08  -0.000000e+00   3.007313e-11
   1.034223e-02   1.244881e-02   1.895159e-02   0.000000e+00   0.000000e+00   1.542112e-06   3.936239e-07  -3.402534e-07  -0.000000e+00   9.422616e-11
                                                0.000000e+00   0.000000e+00   7.221913e-04   1.389388e-04   7.680003e-05   0.000000e+00   4.857850e-10

