     iteration=        5299999       process=              0       (i,j,k)=              0              0              0       (x,y,z)=   5.131227e-03   5.130040e-03   4.899317e-03     particles=             68
fabric=[ ...   
   3.685798e-01  -2.323925e-02  -5.264212e-02;
  -2.323925e-02   3.129851e-01   2.653073e-02;
  -5.264212e-02   2.653073e-02   3.094260e-01]
sigma=[ ...    
  -1.311288e+03   6.407491e+01   3.431323e+02;
   5.350029e+01  -2.279739e+03  -3.474177e+02;
   3.359102e+02  -3.434085e+02  -7.744614e+02]
sigmaDot=[ ... 
  -3.253896e+05  -8.438521e+05  -9.865498e+05;
   7.154337e+06  -5.554689e+05  -6.315379e+05;
   2.784294e+05   8.122874e+06  -8.117865e+04]
intgraE=[ ...  
   8.794829e-03  -1.333875e-02   2.581661e-02;
  -1.333875e-02  -1.204240e-02  -2.557865e-03;
   2.581661e-02  -2.557865e-03   3.489972e-02]
E=[ ...        
   3.317449e-02   1.212070e-02   1.445659e-02;
   1.212070e-02  -1.034508e-02   4.915043e-04;
   1.445659e-02   4.915043e-04   2.252658e-02]
e=[ ...        
   3.081579e-02   1.137316e-02   1.295274e-02;
   1.137316e-02  -1.094554e-02  -1.551370e-04;
   1.295274e-02  -1.551370e-04   2.096933e-02]
intgraF=[ ...  
   1.008510e+00  -1.748958e-02   3.028677e-02;
  -9.026954e-03   9.877110e-01   1.667765e-03;
   2.041250e-02  -6.029112e-03   1.033866e+00]
F=[ ...        
   1.032601e+00   1.607317e-02   2.300352e-02;
   7.698695e-03   9.894564e-01  -4.807140e-03;
   5.084825e-03   5.254091e-03   1.022008e+00]
R=[ ...        
   9.999533e-01   4.127431e-03   8.739011e-03;
  -4.083467e-03   9.999789e-01  -5.042640e-03;
  -8.759640e-03   5.006719e-03   9.999491e-01]
U=[ ...        
   1.032476e+00   1.198598e-02   1.406965e-02;
   1.198598e-02   9.895282e-01   4.048149e-04;
   1.406965e-02   4.048149e-04   1.022182e+00]
l=[ ...        
  -3.059827e-02   2.991512e-02  -2.828669e-02;
  -5.406304e-02   5.145524e-03  -4.975991e-02;
  -4.699250e-03  -2.250797e-02   1.696688e-03]
d=[ ...        
  -3.059827e-02  -1.207396e-02  -1.649297e-02;
  -1.207396e-02   5.145524e-03  -3.613394e-02;
  -1.649297e-02  -3.613394e-02   1.696688e-03]
     iteration=        5299999       process=              1       (i,j,k)=              0              0              1       (x,y,z)=   5.131227e-03   5.130040e-03   1.417750e-02     particles=             57
fabric=[ ...   
   2.444224e-01  -1.623830e-02  -2.030894e-02;
  -1.623830e-02   3.645760e-01   9.479944e-03;
  -2.030894e-02   9.479944e-03   3.789534e-01]
sigma=[ ...    
  -1.196884e+02   2.451354e+01   5.150226e+01;
   1.874092e+01  -2.887945e+02  -1.546893e+01;
   4.499842e+01  -1.884825e+01  -2.279379e+02]
sigmaDot=[ ... 
   7.929444e+04  -1.627832e+05   1.227550e+06;
  -4.695762e+05   2.258983e+05   1.201271e+04;
  -1.813834e+05  -2.326750e+06  -1.283887e+05]
intgraE=[ ...  
  -9.772008e-02   1.458009e-02  -2.793899e-01;
   1.458009e-02   5.051816e-02  -2.423000e-02;
  -2.793899e-01  -2.423000e-02   5.717405e-01]
E=[ ...        
   4.169654e-02   4.694509e-02  -1.444121e-01;
   4.694509e-02  -2.180573e-01  -1.414208e-01;
  -1.444121e-01  -1.414208e-01   2.259456e-01]
e=[ ...        
   1.599157e-03   1.371652e-01  -5.756799e-02;
   1.371652e-01  -4.214493e-01  -2.335765e-01;
  -5.756799e-02  -2.335765e-01   4.744759e-02]
intgraF=[ ...  
   8.956259e-01   3.561858e-02  -6.945572e-01;
  -4.484239e-03   1.047934e+00  -7.178787e-02;
   4.892799e-02   4.002728e-02   1.286825e+00]
F=[ ...        
   1.020492e+00  -5.761675e-02  -2.259000e-01;
   2.049038e-01   7.445103e-01  -2.749456e-01;
  -1.700529e-03  -7.918461e-02   1.151202e+00]
R=[ ...        
   9.823488e-01  -1.556855e-01  -1.036959e-01;
   1.458811e-01   9.846069e-01  -9.627063e-02;
   1.170876e-01   7.944406e-02   9.899390e-01]
U=[ ...        
   1.032172e+00   4.273871e-02  -1.272305e-01;
   4.273871e-02   7.357293e-01  -1.440878e-01;
  -1.272305e-01  -1.440878e-01   1.189513e+00]
l=[ ...        
  -8.921923e-03   2.274390e-02  -6.089832e-04;
   2.298095e-02  -1.910904e-02  -6.243163e-02;
  -1.144178e-02  -1.391307e-02  -6.871845e-02]
d=[ ...        
  -8.921923e-03   2.286243e-02  -6.025380e-03;
   2.286243e-02  -1.910904e-02  -3.817235e-02;
  -6.025380e-03  -3.817235e-02  -6.871845e-02]
     iteration=        5299999       process=              2       (i,j,k)=              0              1              0       (x,y,z)=   5.131227e-03   1.486674e-02   4.899317e-03     particles=             74
fabric=[ ...   
   3.269573e-01   6.497424e-03  -2.201267e-02;
   6.497424e-03   3.230633e-01   5.958946e-03;
  -2.201267e-02   5.958946e-03   3.499794e-01]
sigma=[ ...    
  -7.735523e+02  -8.352113e+01  -1.741291e+01;
  -9.515513e+01  -1.371612e+03  -6.732904e+01;
   4.538335e+01  -5.800628e+01  -1.057094e+03]
sigmaDot=[ ... 
   3.908434e+07  -2.153890e+07  -2.436114e+08;
  -1.620103e+07   2.076166e+06   9.680944e+06;
  -4.539927e+05   5.465653e+07   4.996187e+06]
intgraE=[ ...  
   2.193123e-02   1.217042e-02   1.429667e-02;
   1.217042e-02  -4.865492e-02  -8.066413e-03;
   1.429667e-02  -8.066413e-03   1.549015e-03]
E=[ ...        
   1.723829e-03   2.055565e-02   2.190844e-02;
   2.055565e-02   1.609953e-02   6.104299e-02;
   2.190844e-02   6.104299e-02   1.897122e-02]
e=[ ...        
  -5.857214e-05   1.692707e-02   1.941249e-02;
   1.692707e-02   8.166631e-03   5.717874e-02;
   1.941249e-02   5.717874e-02   1.095238e-02]
intgraF=[ ...  
   1.021347e+00   8.645231e-03   7.557439e-03;
   1.655554e-02   9.500044e-01  -6.139862e-03;
   2.094479e-02  -1.034974e-02   1.001500e+00]
F=[ ...        
   1.001013e+00   2.981157e-02   6.033286e-03;
   9.067009e-03   1.013948e+00   6.332798e-02;
   3.658836e-02   5.674121e-02   1.016807e+00]
R=[ ...        
   9.998217e-01   1.081922e-02  -1.547578e-02;
  -1.076492e-02   9.999356e-01   3.588089e-03;
   1.551360e-02  -3.420854e-03   9.998738e-01]
U=[ ...        
   1.001304e+00   1.977144e-02   2.112482e-02;
   1.977144e-02   1.014011e+00   5.991083e-02;
   2.112482e-02   5.991083e-02   1.016812e+00]
l=[ ...        
   2.803382e-02  -3.314694e-02   3.836734e-02;
   2.892930e-02  -7.800600e-03   1.916448e-03;
  -3.166784e-02  -3.991163e-02  -2.250431e-02]
d=[ ...        
   2.803382e-02  -2.108820e-03   3.349749e-03;
  -2.108820e-03  -7.800600e-03  -1.899759e-02;
   3.349749e-03  -1.899759e-02  -2.250431e-02]
     iteration=        5299999       process=              3       (i,j,k)=              0              1              1       (x,y,z)=   5.131227e-03   1.486674e-02   1.417750e-02     particles=             46
fabric=[ ...   
   3.249305e-01   3.285872e-02   1.779450e-03;
   3.285872e-02   3.197279e-01   1.984994e-02;
   1.779450e-03   1.984994e-02   3.444720e-01]
sigma=[ ...    
  -1.211210e+03  -3.041600e+02  -3.250362e+02;
  -2.953275e+02  -9.728678e+02  -2.203390e+02;
  -2.641068e+02   3.572457e+01  -1.699918e+03]
sigmaDot=[ ... 
  -3.136219e+07   2.970776e+07  -3.201909e+08;
   1.162065e+08  -1.071771e+07   1.318690e+06;
  -2.201445e+07   1.072135e+09   4.615093e+07]
intgraE=[ ...  
   4.542490e-03   8.474560e-02  -8.611382e-02;
   8.474560e-02  -2.878860e-02  -3.391689e-02;
  -8.611382e-02  -3.391689e-02   1.529113e-01]
E=[ ...        
   5.145676e-02   9.754412e-02   1.339083e-01;
   9.754412e-02  -2.739726e-02   5.239587e-02;
   1.339083e-01   5.239587e-02   3.221892e-01]
e=[ ...        
  -1.634202e-02   8.680500e-02   1.992396e-02;
   8.680500e-02  -4.144856e-02   5.414623e-02;
   1.992396e-02   5.414623e-02   2.026312e-01]
intgraF=[ ...  
   1.000604e+00   8.405380e-02  -1.569356e-01;
   8.806784e-02   9.669049e-01  -3.161745e-02;
  -1.097060e-02  -2.127495e-02   1.131457e+00]
F=[ ...        
   9.787602e-01   5.775850e-02  -1.986133e-01;
   1.363418e-01   9.703398e-01   9.689701e-02;
   3.554615e-01   1.760707e-02   1.263148e+00]
R=[ ...        
   9.701222e-01  -2.498566e-02  -2.413266e-01;
   3.565589e-02   9.985653e-01   3.994900e-02;
   2.399823e-01  -4.736013e-02   9.696213e-01]
U=[ ...        
   1.039683e+00   9.485652e-02   1.139088e-01;
   9.485652e-02   9.666707e-01   4.189763e-02;
   1.139088e-01   4.189763e-02   1.276577e+00]
l=[ ...        
  -1.421049e-03   9.671531e-04   2.916936e-03;
  -9.452258e-03  -4.546775e-03   6.182274e-03;
   4.029495e-02   1.291738e-02  -2.158045e-02]
d=[ ...        
  -1.421049e-03  -4.242553e-03   2.160594e-02;
  -4.242553e-03  -4.546775e-03   9.549825e-03;
   2.160594e-02   9.549825e-03  -2.158045e-02]
     iteration=        5299999       process=              4       (i,j,k)=              1              0              0       (x,y,z)=   1.486713e-02   5.130040e-03   4.899317e-03     particles=             66
fabric=[ ...   
   3.944340e-01  -6.138897e-03   6.433740e-03;
  -6.138897e-03   3.577429e-01  -2.641473e-02;
   6.433740e-03  -2.641473e-02   2.381143e-01]
sigma=[ ...    
  -1.614237e+03  -1.209479e+02  -9.315771e+01;
  -9.880395e+01  -9.973274e+02   3.206905e+01;
  -8.549441e+01   4.023448e+01  -3.539157e+02]
sigmaDot=[ ... 
   8.994152e+04   5.607704e+05  -5.760038e+05;
   1.282363e+06   1.833079e+04   1.319370e+05;
  -5.276609e+05  -9.594772e+05  -2.544173e+05]
intgraE=[ ...  
  -2.019492e-02   3.587386e-02  -2.505829e-02;
   3.587386e-02   8.221590e-03  -9.601306e-03;
  -2.505829e-02  -9.601306e-03   6.591293e-02]
E=[ ...        
   1.430723e-01  -5.358551e-01   2.151145e-01;
  -5.358551e-01   1.465529e+00  -5.113319e-01;
   2.151145e-01  -5.113319e-01   1.401077e-02]
e=[ ...        
   4.124834e-02  -1.752539e-01   7.677526e-02;
  -1.752539e-01   2.877946e-01  -6.308790e-02;
   7.677526e-02  -6.308790e-02  -2.213772e-01]
intgraF=[ ...  
   9.775383e-01   3.620144e-02   6.263748e-03;
   3.535452e-02   1.007440e+00  -4.424966e-03;
  -5.271742e-02  -1.407299e-02   1.063845e+00]
F=[ ...        
   1.115710e+00  -6.173722e-01   3.097578e-01;
  -2.033040e-01   1.882825e+00  -4.091452e-01;
   1.656041e-03  -6.984794e-02   8.744552e-01]
R=[ ...        
   9.847953e-01  -1.256574e-01   1.199517e-01;
   1.383012e-01   9.849526e-01  -1.036397e-01;
  -1.051237e-01   1.186533e-01   9.873553e-01]
U=[ ...        
   1.070455e+00  -3.402456e-01   1.565368e-01;
  -3.402456e-01   1.923783e+00  -3.381550e-01;
   1.565368e-01  -3.381550e-01   9.429576e-01]
l=[ ...        
  -1.450223e-02   1.676999e-02  -3.825653e-03;
  -3.475588e-02  -3.273027e-03  -2.183555e-02;
  -8.208952e-03  -1.743050e-02   9.381576e-03]
d=[ ...        
  -1.450223e-02  -8.992947e-03  -6.017303e-03;
  -8.992947e-03  -3.273027e-03  -1.963303e-02;
  -6.017303e-03  -1.963303e-02   9.381576e-03]
     iteration=        5299999       process=              5       (i,j,k)=              1              0              1       (x,y,z)=   1.486713e-02   5.130040e-03   1.417750e-02     particles=             42
fabric=[ ...   
   3.572047e-01   1.676661e-02  -8.091923e-03;
   1.676661e-02   3.573341e-01  -4.582940e-04;
  -8.091923e-03  -4.582940e-04   2.711754e-01]
sigma=[ ...    
  -1.842937e+02  -4.707742e+01  -1.185715e+00;
  -4.837822e+01  -1.719931e+02   3.393581e+00;
  -4.292813e-01   9.202551e+00  -8.845401e+01]
sigmaDot=[ ... 
   4.090185e+05  -4.348112e+04  -1.416811e+06;
   9.234678e+05  -4.914634e+03  -1.730929e+05;
  -1.180684e+05  -6.299468e+05   4.167705e+04]
intgraE=[ ...  
   2.945416e-02   1.713833e-02  -1.029791e-01;
   1.713833e-02   1.395154e-02  -3.767418e-02;
  -1.029791e-01  -3.767418e-02  -2.334713e-03]
E=[ ...        
   5.201255e-01  -3.263654e-01  -7.504662e-01;
  -3.263654e-01   2.154170e-01   3.104283e-01;
  -7.504662e-01   3.104283e-01   4.349610e-01]
e=[ ...        
  -1.667488e-01  -2.009083e-01  -4.400112e-01;
  -2.009083e-01   5.060291e-02  -1.883489e-02;
  -4.400112e-01  -1.883489e-02  -8.164078e-02]
intgraF=[ ...  
   1.026095e+00   5.033507e-02  -1.289626e-01;
  -3.182908e-02   9.925364e-01   1.288673e-01;
  -7.088504e-02  -2.006014e-01   9.808631e-01]
F=[ ...        
   1.248834e+00  -3.808675e-01  -4.966004e-01;
  -1.541169e-01   1.133914e+00   3.770244e-01;
  -6.759529e-01   3.454488e-03   1.217030e+00]
R=[ ...        
   9.831850e-01  -1.599747e-01   8.806401e-02;
   1.386661e-01   9.678205e-01   2.099885e-01;
  -1.188230e-01  -1.942461e-01   9.737297e-01]
U=[ ...        
   1.286783e+00  -2.176382e-01  -5.805808e-01;
  -2.176382e-01   1.157684e+00   2.079321e-01;
  -5.805808e-01   2.079321e-01   1.220497e+00]
l=[ ...        
  -3.829434e-02  -3.697552e-02   2.927212e-02;
   1.471490e-02   3.142700e-02   3.495476e-02;
  -6.056652e-02   1.515266e-02  -4.315044e-02]
d=[ ...        
  -3.829434e-02  -1.113031e-02  -1.564720e-02;
  -1.113031e-02   3.142700e-02   2.505371e-02;
  -1.564720e-02   2.505371e-02  -4.315044e-02]
     iteration=        5299999       process=              6       (i,j,k)=              1              1              0       (x,y,z)=   1.486713e-02   1.486674e-02   4.899317e-03     particles=             58
fabric=[ ...   
   3.411627e-01   1.263095e-02  -8.093243e-03;
   1.263095e-02   3.671779e-01   2.867706e-02;
  -8.093243e-03   2.867706e-02   2.802958e-01]
sigma=[ ...    
  -5.501657e+02   1.293591e+02   6.342189e-01;
   1.243709e+02  -7.782192e+02  -8.442909e+01;
   9.153825e+00  -8.289410e+01  -3.203199e+02]
sigmaDot=[ ... 
   1.955781e+05   2.041035e+05  -1.310566e+06;
  -2.940621e+06  -1.953527e+05  -4.900787e+05;
  -1.251606e+06   3.759792e+06   3.369275e+05]
intgraE=[ ...  
  -7.874805e-02   6.370006e-02  -4.735752e-02;
   6.370006e-02  -9.158466e-02   8.405591e-04;
  -4.735752e-02   8.405591e-04  -2.342366e-02]
E=[ ...        
  -1.071062e-01   8.293303e-03   3.476939e-02;
   8.293303e-03  -1.260761e-01   3.794627e-02;
   3.476939e-02   3.794627e-02  -3.651146e-02]
e=[ ...        
  -1.533004e-01   4.970408e-03   3.471463e-02;
   4.970408e-03  -1.512888e-01   7.357856e-02;
   3.471463e-02   7.357856e-02  -5.782115e-02]
intgraF=[ ...  
   9.119027e-01   6.472803e-02  -2.712518e-02;
   6.869628e-02   8.974231e-01   9.611830e-02;
  -7.885561e-02  -8.528023e-02   9.711736e-01]
F=[ ...        
   8.654321e-01   8.020409e-02  -1.124555e-01;
  -3.701583e-02   8.536413e-01   2.223020e-01;
   1.882675e-01  -1.127456e-01   9.300068e-01]
R=[ ...        
   9.830672e-01   9.070735e-02  -1.592202e-01;
  -5.940049e-02   9.797155e-01   1.913873e-01;
   1.733507e-01  -1.786889e-01   9.685142e-01]
U=[ ...        
   8.856130e-01   8.594759e-03   3.746117e-02;
   8.594759e-03   8.637471e-01   4.141028e-02;
   3.746117e-02   4.141028e-02   9.611758e-01]
l=[ ...        
   4.634149e-03  -1.399652e-02   6.216435e-03;
  -7.191948e-03   3.122783e-02   2.549098e-02;
  -9.044272e-03   1.069261e-02  -4.493536e-02]
d=[ ...        
   4.634149e-03  -1.059423e-02  -1.413919e-03;
  -1.059423e-02   3.122783e-02   1.809179e-02;
  -1.413919e-03   1.809179e-02  -4.493536e-02]
     iteration=        5299999       process=              7       (i,j,k)=              1              1              1       (x,y,z)=   1.486713e-02   1.486674e-02   1.417750e-02     particles=             54
fabric=[ ...   
   4.210339e-01   5.124222e-03   3.560871e-03;
   5.124222e-03   2.736443e-01  -2.437968e-02;
   3.560871e-03  -2.437968e-02   2.891927e-01]
sigma=[ ...    
  -6.926357e+02  -1.222417e+01  -1.697812e+02;
  -7.628308e+00  -1.531757e+02   3.311048e+00;
  -1.678157e+02  -8.662092e+00  -2.557824e+02]
sigmaDot=[ ... 
   1.914148e+05   1.963703e+07   2.156330e+07;
  -8.991294e+06   1.624579e+06  -1.012419e+06;
   1.443755e+06  -7.533515e+06  -3.998694e+05]
intgraE=[ ...  
   1.415335e-02  -5.411206e-02   4.519336e-03;
  -5.411206e-02   9.438637e-02  -9.872462e-02;
   4.519336e-03  -9.872462e-02  -6.296822e-02]
E=[ ...        
  -1.122015e-01   6.183485e-02   2.742888e-01;
   6.183485e-02  -3.210497e-01   3.725790e-02;
   2.742888e-01   3.725790e-02   9.206886e-02]
e=[ ...        
  -1.294599e-01   2.136772e-01   4.223149e-01;
   2.136772e-01  -1.048190e+00  -6.553361e-02;
   4.223149e-01  -6.553361e-02  -4.322915e-01]
intgraF=[ ...  
   9.944803e-01   1.070037e-01  -3.889104e-02;
  -1.960217e-01   1.081360e+00  -1.020218e-01;
   2.985039e-02  -8.935280e-02   9.285164e-01]
F=[ ...        
   8.805651e-01   1.419936e-01   6.369566e-01;
  -4.387983e-03   5.748196e-01   1.027256e-01;
  -1.352681e-02  -8.556219e-02   8.762827e-01]
R=[ ...        
   9.336463e-01   9.434028e-02   3.455497e-01;
  -1.392561e-01   9.844040e-01   1.075013e-01;
  -3.300188e-01  -1.484881e-01   9.322226e-01]
U=[ ...        
   8.272115e-01   8.076178e-02   2.911973e-01;
   8.076178e-02   5.919554e-01   3.109666e-02;
   2.911973e-01   3.109666e-02   1.048034e+00]
l=[ ...        
  -6.444669e-02   2.704697e-02   5.079021e-02;
  -3.314424e-02  -3.675592e-02  -3.310489e-02;
   4.419206e-02   3.073763e-02   2.345383e-02]
d=[ ...        
  -6.444669e-02  -3.048637e-03   4.749114e-02;
  -3.048637e-03  -3.675592e-02  -1.183628e-03;
   4.749114e-02  -1.183628e-03   2.345383e-02]
