              6

              1
             35
          pos_x          pos_y          pos_z       normal_x       normal_y       normal_z        tangt_x        tangt_y        tangt_z          pentr
   1.648926e-04   3.232017e-03   1.219675e-03  -1.175890e-04   0.000000e+00   0.000000e+00  -0.000000e+00  -2.709482e-07   1.516037e-05   1.810190e-09
   1.648926e-04   8.979950e-03   1.399576e-03  -6.988085e-04   0.000000e+00   0.000000e+00  -0.000000e+00  -2.362451e-05   9.935764e-05   3.937945e-09
   1.648926e-04   1.101504e-03   2.290755e-03  -1.026135e-03   0.000000e+00   0.000000e+00  -0.000000e+00   6.936440e-05   1.655979e-04   5.965154e-09
   1.648926e-04   1.466316e-03   6.379271e-03  -2.502256e-03   0.000000e+00   0.000000e+00  -0.000000e+00  -1.447928e-04   7.274918e-04   1.271165e-08
   1.648926e-04   6.006104e-03   5.394663e-03  -9.362372e-04   0.000000e+00   0.000000e+00  -0.000000e+00   5.279661e-05   1.323567e-05   4.964690e-09
   1.648926e-04   1.261755e-03   9.110976e-03  -6.536786e-04   0.000000e+00   0.000000e+00  -0.000000e+00   5.583868e-05   5.086254e-05   4.757850e-09
   1.648926e-04   5.109116e-03   7.474575e-03  -1.313199e-04   0.000000e+00   0.000000e+00  -0.000000e+00  -3.074962e-05   5.360646e-05   1.485456e-09
   1.648926e-04   6.663401e-03   1.075758e-02  -5.460384e-04   0.000000e+00   0.000000e+00  -0.000000e+00   1.923701e-04   1.288755e-04   3.902517e-09
   1.648926e-04   8.456408e-03   1.747221e-02  -5.058332e-04   0.000000e+00   0.000000e+00   0.000000e+00  -4.415789e-06  -2.528780e-04   3.618079e-09
   1.648926e-04   5.904533e-03   1.535976e-02  -1.706869e-03   0.000000e+00   0.000000e+00  -0.000000e+00  -1.979130e-05  -1.331040e-05   6.628124e-09
   1.648926e-04   2.999337e-03   1.452931e-02  -7.517002e-08   0.000000e+00   0.000000e+00  -0.000000e+00   7.662581e-09  -2.531624e-08   1.110894e-11
   1.648926e-04   1.214180e-03   1.405065e-02  -2.379257e-04   0.000000e+00   0.000000e+00  -0.000000e+00   4.372176e-05  -1.686975e-05   2.668035e-09
   1.648926e-04   1.261625e-03   1.222521e-02  -9.967221e-05   0.000000e+00   0.000000e+00  -0.000000e+00   4.386374e-06  -1.310801e-06   1.540640e-09
   1.648926e-04   1.790724e-02   9.838752e-04  -3.272698e-03   0.000000e+00   0.000000e+00  -0.000000e+00  -2.428720e-04   1.542988e-03   1.373591e-08
   1.648926e-04   1.425877e-02   5.101596e-03  -2.935161e-05   0.000000e+00   0.000000e+00  -0.000000e+00  -1.224955e-05  -5.463595e-06   6.850619e-10
   1.648926e-04   1.798366e-02   5.138987e-03  -2.096162e-04   0.000000e+00   0.000000e+00  -0.000000e+00  -7.959222e-06   1.162161e-05   2.137939e-09
   1.648926e-04   1.812861e-02   7.342255e-03  -1.330125e-03   0.000000e+00   0.000000e+00  -0.000000e+00  -5.291534e-04   1.146685e-04   7.843527e-09
   1.648926e-04   1.713439e-02   2.955935e-03  -1.947517e-04   0.000000e+00   0.000000e+00  -0.000000e+00   1.440256e-05  -9.299492e-05   1.919480e-09
   1.648926e-04   1.550189e-02   1.300188e-03  -9.183511e-05   0.000000e+00   0.000000e+00  -0.000000e+00  -3.483638e-06   1.102268e-05   1.336395e-09
   1.648926e-04   1.465613e-02   7.672091e-03  -1.451506e-10   0.000000e+00   0.000000e+00  -0.000000e+00   5.383111e-11  -2.080350e-11   1.671226e-13
   1.648926e-04   1.138340e-02   1.859216e-03  -4.677393e-11   0.000000e+00   0.000000e+00  -0.000000e+00   6.510137e-12  -1.961263e-12   9.246727e-14
   1.648926e-04   1.576690e-02   4.581460e-03  -2.650687e-05   0.000000e+00   0.000000e+00  -0.000000e+00  -1.103572e-05   5.183031e-06   6.326345e-10
   1.648926e-04   1.576659e-02   8.974438e-03  -1.720812e-03   0.000000e+00   0.000000e+00  -0.000000e+00  -7.879100e-04  -7.615482e-05   8.557554e-09
   1.648926e-04   1.258415e-02   7.627605e-04  -1.189882e-04   0.000000e+00   0.000000e+00  -0.000000e+00   2.671388e-07   6.866752e-07   1.869540e-09
   1.648926e-04   1.183037e-02   4.879745e-03  -2.079533e-03   0.000000e+00   0.000000e+00  -0.000000e+00  -4.613249e-05   2.015596e-04   9.044298e-09
   1.648926e-04   1.891424e-02   9.402703e-03  -1.002709e-04   0.000000e+00   0.000000e+00  -0.000000e+00  -2.342005e-05  -3.531691e-08   1.276178e-09
   1.648926e-04   1.171002e-02   1.757333e-02  -2.947512e-04   0.000000e+00   0.000000e+00  -0.000000e+00  -4.852967e-05  -1.061928e-04   2.921544e-09
   1.648926e-04   1.161057e-02   1.523438e-02  -7.037359e-10   0.000000e+00   0.000000e+00  -0.000000e+00   8.457950e-11  -1.582905e-10   5.041400e-13
   1.648926e-04   1.423675e-02   1.552847e-02  -1.578438e-08   0.000000e+00   0.000000e+00  -0.000000e+00   3.436540e-09  -2.204618e-10   3.248099e-12
   1.648926e-04   1.729923e-02   1.495153e-02  -1.922789e-03   0.000000e+00   0.000000e+00  -0.000000e+00  -6.423286e-04  -3.467999e-04   7.508567e-09
   1.648926e-04   1.430726e-02   1.230749e-02  -1.154647e-05   0.000000e+00   0.000000e+00  -0.000000e+00  -1.166996e-06  -4.268826e-06   2.951315e-10
   1.648926e-04   1.640397e-02   1.242170e-02  -6.953348e-10   0.000000e+00   0.000000e+00   0.000000e+00  -3.306098e-10   1.075631e-10   4.662962e-13
   1.648926e-04   1.820915e-02   1.195737e-02  -2.372158e-04   0.000000e+00   0.000000e+00  -0.000000e+00  -1.175936e-05   3.060436e-06   2.354461e-09
   1.648926e-04   1.360872e-02   9.472947e-03  -3.817991e-04   0.000000e+00   0.000000e+00  -0.000000e+00   4.239989e-05   3.964088e-05   3.019128e-09
   1.648926e-04   1.005113e-02   9.862454e-03  -1.997265e-04   0.000000e+00   0.000000e+00  -0.000000e+00  -4.970762e-05   5.585194e-05   1.977934e-09
                                               -2.138477e-02   0.000000e+00   0.000000e+00   0.000000e+00  -2.165795e-03   2.324166e-03   3.460606e-09

              2
             27
          pos_x          pos_y          pos_z       normal_x       normal_y       normal_z        tangt_x        tangt_y        tangt_z          pentr
   1.983507e-02   3.399751e-03   3.503439e-03   3.665829e-03   0.000000e+00   0.000000e+00  -0.000000e+00   2.358819e-04   3.510569e-04   1.116046e-08
   1.983507e-02   6.950140e-03   2.243189e-03   4.250538e-03   0.000000e+00   0.000000e+00  -0.000000e+00   1.744662e-03   5.729629e-04   1.428970e-08
   1.983507e-02   2.410042e-03   6.606541e-03   6.801446e-04   0.000000e+00   0.000000e+00  -0.000000e+00   2.147836e-06   2.066590e-06   3.569031e-09
   1.983507e-02   5.405916e-03   5.665490e-03   8.871886e-10   0.000000e+00   0.000000e+00  -0.000000e+00   7.411809e-11   3.875604e-11   5.168678e-13
   1.983507e-02   5.400685e-03   9.271731e-03   2.289857e-09   0.000000e+00   0.000000e+00  -0.000000e+00  -3.941542e-10  -2.288982e-10   1.019448e-12
   1.983507e-02   7.224621e-03   8.092782e-03   1.911871e-04   0.000000e+00   0.000000e+00  -0.000000e+00   6.779795e-05   1.200821e-05   1.956285e-09
   1.983507e-02   1.278798e-03   9.545302e-03   6.197432e-04   0.000000e+00   0.000000e+00  -0.000000e+00   1.380481e-04   5.696340e-05   4.473986e-09
   1.983507e-02   8.973896e-03   3.012941e-03   2.109418e-04   0.000000e+00   0.000000e+00  -0.000000e+00   4.642847e-05   2.117152e-05   2.322532e-09
   1.983507e-02   9.711786e-03   1.325412e-03   3.031031e-03   0.000000e+00   0.000000e+00  -0.000000e+00   1.208624e-03  -5.957966e-04   1.119321e-08
   1.983507e-02   2.339995e-03   1.559578e-02   5.142845e-04   0.000000e+00   0.000000e+00  -0.000000e+00   1.077859e-04  -3.281096e-06   3.786164e-09
   1.983507e-02   4.929393e-03   1.558641e-02   1.008005e-05   0.000000e+00   0.000000e+00  -0.000000e+00  -1.686359e-06  -2.075013e-06   2.779148e-10
   1.983507e-02   3.909692e-03   1.196143e-02   4.400652e-09   0.000000e+00   0.000000e+00  -0.000000e+00   2.381868e-10   6.596925e-11   1.643442e-12
   1.983507e-02   9.138948e-03   1.181106e-02   3.094172e-09   0.000000e+00   0.000000e+00  -0.000000e+00  -5.134236e-10   1.344344e-09   1.226283e-12
   1.983507e-02   1.915879e-02   1.287139e-03   2.052596e-04   0.000000e+00   0.000000e+00  -0.000000e+00  -5.174888e-05   3.640307e-05   2.588769e-09
   1.983507e-02   1.801787e-02   5.860934e-03   3.121235e-04   0.000000e+00   0.000000e+00  -0.000000e+00  -3.813219e-05  -9.718122e-07   2.762628e-09
   1.983507e-02   1.750583e-02   8.108978e-03   4.632032e-10   0.000000e+00   0.000000e+00  -0.000000e+00  -8.330466e-12  -4.222692e-11   4.667655e-13
   1.983507e-02   1.396526e-02   9.126155e-04   1.324727e-04   0.000000e+00   0.000000e+00  -0.000000e+00   2.006599e-07   1.044729e-05   1.909189e-09
   1.983507e-02   1.249955e-02   4.880678e-03   8.976926e-10   0.000000e+00   0.000000e+00  -0.000000e+00  -1.463703e-10   4.113586e-10   4.431663e-13
   1.983507e-02   1.208523e-02   7.731587e-04   9.782576e-05   0.000000e+00   0.000000e+00  -0.000000e+00   1.229810e-05   2.250386e-05   1.596237e-09
   1.983507e-02   1.575038e-02   7.719480e-03   6.382044e-04   0.000000e+00   0.000000e+00  -0.000000e+00   9.690605e-05   2.702311e-06   4.012780e-09
   1.983507e-02   1.045558e-02   9.138577e-03   2.293993e-08   0.000000e+00   0.000000e+00  -0.000000e+00  -7.178877e-09   1.006513e-09   5.122208e-12
   1.983507e-02   1.869629e-02   1.009411e-02   1.793304e-04   0.000000e+00   0.000000e+00  -0.000000e+00  -7.534243e-05  -1.661088e-05   1.610573e-09
   1.983507e-02   1.103183e-02   1.650693e-02   1.388413e-08   0.000000e+00   0.000000e+00  -0.000000e+00   2.691913e-09   4.616200e-09   3.239669e-12
   1.983507e-02   1.911351e-02   1.661001e-02   2.200843e-04   0.000000e+00   0.000000e+00  -0.000000e+00  -1.086890e-05  -2.350961e-06   2.164938e-09
   1.983507e-02   1.728779e-02   1.429476e-02   3.890859e-05   0.000000e+00   0.000000e+00  -0.000000e+00  -1.155904e-05  -4.746812e-06   5.784592e-10
   1.983507e-02   1.292143e-02   1.438357e-02   1.142552e-08   0.000000e+00   0.000000e+00   0.000000e+00  -9.750629e-10   5.628932e-09   3.182024e-12
   1.983507e-02   1.140483e-02   1.297321e-02   4.581820e-08   0.000000e+00   0.000000e+00  -0.000000e+00   8.574738e-10  -9.098838e-09   6.681860e-12
                                                1.499809e-02   0.000000e+00   0.000000e+00   0.000000e+00   3.471438e-03   4.624567e-04   2.602829e-09

              3
             29
          pos_x          pos_y          pos_z       normal_x       normal_y       normal_z        tangt_x        tangt_y        tangt_z          pentr
   2.443990e-03   1.648949e-04   1.106775e-03   0.000000e+00  -2.845299e-04   0.000000e+00  -1.793676e-06  -0.000000e+00   3.045965e-05   3.038854e-09
   6.234561e-03   1.648949e-04   1.065213e-03   0.000000e+00  -1.412236e-03   0.000000e+00  -2.455667e-04  -0.000000e+00   5.631671e-04   8.661822e-09
   7.766036e-04   1.648949e-04   1.981731e-03   0.000000e+00  -5.106562e-04   0.000000e+00   1.997115e-04  -0.000000e+00  -8.765593e-05   5.016218e-09
   7.424729e-03   1.648949e-04   2.777815e-03   0.000000e+00  -4.919468e-05   0.000000e+00   8.067561e-06  -0.000000e+00   1.735448e-05   6.961856e-10
   4.002457e-03   1.648949e-04   2.278821e-03   0.000000e+00  -6.644327e-05   0.000000e+00   2.612720e-05   0.000000e+00   2.051942e-05   1.031737e-09
   1.799102e-03   1.648949e-04   6.464372e-03   0.000000e+00  -2.117944e-03   0.000000e+00   7.618239e-04  -0.000000e+00   2.504512e-04   9.999068e-09
   1.558718e-03   1.648949e-04   8.582623e-03   0.000000e+00  -8.453553e-04   0.000000e+00   2.247525e-04  -0.000000e+00   2.962585e-04   4.658915e-09
   1.029471e-03   1.648949e-04   4.199873e-03   0.000000e+00  -3.461876e-10   0.000000e+00  -1.706007e-11  -0.000000e+00   3.413647e-11   3.437221e-13
   5.689089e-03   1.648949e-04   6.604361e-03   0.000000e+00  -5.773923e-05   0.000000e+00   1.910186e-05  -0.000000e+00  -4.014564e-07   1.084085e-09
   9.582190e-03   1.648949e-04   1.572464e-03   0.000000e+00  -2.430865e-03   0.000000e+00  -4.027199e-04  -0.000000e+00   2.913159e-04   1.141858e-08
   9.687977e-04   1.648949e-04   1.754982e-02   0.000000e+00  -2.410878e-09   0.000000e+00   7.105223e-10   0.000000e+00  -9.737768e-10   1.346411e-12
   6.703361e-03   1.648949e-04   1.612711e-02   0.000000e+00  -4.864739e-05   0.000000e+00  -3.370580e-06  -0.000000e+00   5.146911e-06   6.323301e-10
   1.787659e-03   1.648949e-04   1.446373e-02   0.000000e+00  -1.594675e-04   0.000000e+00   6.300787e-05  -0.000000e+00   1.517488e-05   1.516025e-09
   5.562000e-03   1.648949e-04   1.376162e-02   0.000000e+00  -6.980580e-04   0.000000e+00   3.262579e-05  -0.000000e+00   2.288642e-04   5.190102e-09
   1.101423e-03   1.648949e-04   1.251380e-02   0.000000e+00  -1.155867e-04   0.000000e+00   2.067691e-05  -0.000000e+00   5.772539e-06   1.866991e-09
   1.174301e-03   1.648949e-04   1.081352e-02   0.000000e+00  -3.247324e-05   0.000000e+00  -4.325677e-07  -0.000000e+00   4.881389e-06   6.032505e-10
   5.734054e-03   1.648949e-04   1.102173e-02   0.000000e+00  -4.083004e-04   0.000000e+00   3.537255e-05  -0.000000e+00  -3.842384e-05   3.854110e-09
   8.016359e-03   1.648949e-04   1.766465e-02   0.000000e+00  -1.029560e-04   0.000000e+00   1.845585e-06  -0.000000e+00  -2.001761e-05   1.486625e-09
   1.745418e-02   1.648949e-04   1.985501e-03   0.000000e+00  -5.573880e-03   0.000000e+00   6.712591e-04  -0.000000e+00   2.112158e-03   1.749712e-08
   1.709274e-02   1.648949e-04   4.859221e-03   0.000000e+00  -2.035216e-03   0.000000e+00  -7.405059e-04  -0.000000e+00   3.948154e-04   8.453832e-09
   1.844308e-02   1.648949e-04   9.369551e-03   0.000000e+00  -4.475572e-04   0.000000e+00  -7.320940e-05  -0.000000e+00   2.252193e-06   3.022655e-09
   1.502592e-02   1.648949e-04   3.184387e-03   0.000000e+00  -1.470574e-03   0.000000e+00  -3.328058e-05  -0.000000e+00   6.592829e-05   6.990295e-09
   1.527309e-02   1.648949e-04   1.041804e-03   0.000000e+00  -6.793770e-04   0.000000e+00  -9.662145e-05  -0.000000e+00   1.853206e-04   5.848809e-09
   1.099105e-02   1.648949e-04   6.419984e-03   0.000000e+00  -6.469728e-04   0.000000e+00  -7.735620e-05  -0.000000e+00   2.665664e-04   4.645695e-09
   1.431789e-02   1.648949e-04   9.259537e-03   0.000000e+00  -2.419834e-04   0.000000e+00   4.953757e-05  -0.000000e+00   5.984169e-05   2.073850e-09
   1.004233e-02   1.648949e-04   3.936474e-03   0.000000e+00  -3.753425e-04   0.000000e+00  -3.735831e-05  -0.000000e+00   2.553880e-05   2.660758e-09
   1.726254e-02   1.648949e-04   1.565953e-02   0.000000e+00  -4.364328e-04   0.000000e+00  -9.708386e-05  -0.000000e+00   2.572933e-06   3.019324e-09
   1.584297e-02   1.648949e-04   1.268235e-02   0.000000e+00  -4.952503e-05   0.000000e+00   4.774213e-08  -0.000000e+00   9.115567e-06   7.279355e-10
   1.244982e-02   1.648949e-04   1.059667e-02   0.000000e+00  -5.130284e-11   0.000000e+00   2.096002e-11   0.000000e+00  -1.478760e-11   9.016914e-14
                                                0.000000e+00  -2.129732e-02   0.000000e+00   3.046591e-04   0.000000e+00   4.706976e-03   3.989550e-09

              4
             28
          pos_x          pos_y          pos_z       normal_x       normal_y       normal_z        tangt_x        tangt_y        tangt_z          pentr
   2.048901e-03   1.983507e-02   2.611800e-03   0.000000e+00   1.122148e-04   0.000000e+00   1.371472e-05  -0.000000e+00   2.899744e-05   1.260614e-09
   6.303272e-03   1.983507e-02   6.385338e-03   0.000000e+00   2.391158e-05   0.000000e+00   1.672988e-07  -0.000000e+00   1.010521e-05   4.966622e-10
   4.062141e-03   1.983507e-02   4.506578e-03   0.000000e+00   7.167238e-04   0.000000e+00  -7.491002e-05  -0.000000e+00   2.525127e-04   4.014017e-09
   7.826923e-03   1.983507e-02   2.812982e-03   0.000000e+00   5.357972e-03   0.000000e+00   2.782169e-04  -0.000000e+00   1.506884e-03   1.794342e-08
   9.988929e-03   1.983507e-02   7.776618e-03   0.000000e+00   6.761298e-09   0.000000e+00   1.581378e-09   0.000000e+00   2.987981e-09   2.194647e-12
   1.907853e-03   1.983507e-02   5.090132e-03   0.000000e+00   2.852653e-04   0.000000e+00   8.513100e-05  -0.000000e+00   6.766534e-05   2.732858e-09
   1.700252e-03   1.983507e-02   7.310724e-03   0.000000e+00   2.426005e-04   0.000000e+00   9.309748e-05  -0.000000e+00   2.511465e-05   2.672575e-09
   4.979777e-03   1.983507e-02   1.388461e-03   0.000000e+00   9.010523e-04   0.000000e+00   3.857246e-04  -0.000000e+00  -3.066001e-05   4.999183e-09
   8.329686e-03   1.983507e-02   9.184631e-03   0.000000e+00   1.489562e-03   0.000000e+00   2.881684e-05  -0.000000e+00  -7.362659e-05   6.557397e-09
   9.027578e-04   1.983507e-02   9.406533e-03   0.000000e+00   1.252544e-04   0.000000e+00   1.621485e-05  -0.000000e+00   1.670010e-07   1.760892e-09
   5.041344e-03   1.983507e-02   1.547950e-02   0.000000e+00   1.030701e-03   0.000000e+00   1.641823e-04  -0.000000e+00   2.059608e-05   6.353101e-09
   1.898172e-03   1.983507e-02   1.150613e-02   0.000000e+00   2.212216e-04   0.000000e+00   6.446764e-05  -0.000000e+00  -1.645008e-05   2.142965e-09
   4.300555e-03   1.983507e-02   9.670798e-03   0.000000e+00   2.191444e-03   0.000000e+00   2.176484e-04  -0.000000e+00   4.701665e-05   7.349399e-09
   1.900492e-02   1.983507e-02   7.873156e-04   0.000000e+00   3.626140e-04   0.000000e+00  -8.840354e-05  -0.000000e+00   1.078683e-04   3.310011e-09
   1.833406e-02   1.983507e-02   5.963873e-03   0.000000e+00   3.826026e-04   0.000000e+00  -1.798410e-04  -0.000000e+00   4.117072e-05   3.574994e-09
   1.571963e-02   1.983507e-02   3.286001e-03   0.000000e+00   1.901502e-09   0.000000e+00  -1.012060e-10  -0.000000e+00  -6.048073e-10   9.420416e-13
   1.546398e-02   1.983507e-02   1.106034e-03   0.000000e+00   8.726803e-05   0.000000e+00  -8.316073e-06  -0.000000e+00   2.772650e-05   1.190052e-09
   1.391743e-02   1.983507e-02   2.031830e-03   0.000000e+00   2.251116e-04   0.000000e+00   4.408729e-06  -0.000000e+00   9.966673e-05   2.185379e-09
   1.182554e-02   1.983507e-02   2.372703e-03   0.000000e+00   4.862796e-10   0.000000e+00  -1.039328e-10  -0.000000e+00   3.937067e-11   3.098112e-13
   1.352641e-02   1.983507e-02   6.348278e-03   0.000000e+00   1.579388e-08   0.000000e+00  -2.043900e-10  -0.000000e+00   2.010318e-10   4.175160e-12
   1.126065e-02   1.983507e-02   5.622098e-03   0.000000e+00   1.345607e-04   0.000000e+00   5.023806e-05  -0.000000e+00  -1.408361e-05   1.435300e-09
   1.554534e-02   1.983507e-02   5.900349e-03   0.000000e+00   7.803538e-10   0.000000e+00   2.810714e-10  -0.000000e+00   2.185184e-11   6.215167e-13
   1.702305e-02   1.983507e-02   8.437460e-03   0.000000e+00   4.751614e-08   0.000000e+00  -2.101483e-09  -0.000000e+00   3.709528e-10   7.331993e-12
   1.029334e-02   1.983507e-02   1.282288e-03   0.000000e+00   9.008289e-05   0.000000e+00   4.873289e-06  -0.000000e+00   2.088159e-05   1.457571e-09
   1.904554e-02   1.983507e-02   1.034157e-02   0.000000e+00   2.619979e-04   0.000000e+00  -8.326089e-05  -0.000000e+00   2.637818e-05   2.693049e-09
   1.917415e-02   1.983507e-02   1.676153e-02   0.000000e+00   2.416573e-04   0.000000e+00  -9.792474e-05  -0.000000e+00   2.255915e-05   2.460273e-09
   1.672011e-02   1.983507e-02   1.320647e-02   0.000000e+00   7.136635e-05   0.000000e+00   5.108456e-06  -0.000000e+00  -2.762787e-05   8.086894e-10
   1.189651e-02   1.983507e-02   1.188805e-02   0.000000e+00   7.263123e-07   0.000000e+00  -2.864660e-08  -0.000000e+00  -2.481011e-07   4.169843e-11
                                                0.000000e+00   1.455598e-02   0.000000e+00   8.793251e-04   0.000000e+00   2.142617e-03   2.766274e-09

              5
             35
          pos_x          pos_y          pos_z       normal_x       normal_y       normal_z        tangt_x        tangt_y        tangt_z          pentr
   2.547505e-03   1.640282e-03   1.649098e-04   0.000000e+00   0.000000e+00  -1.271571e-03   3.419426e-04   2.731475e-04  -0.000000e+00   6.098498e-09
   6.312672e-03   1.569096e-03   1.649098e-04   0.000000e+00   0.000000e+00  -1.262187e-03  -6.014360e-05   1.130806e-04  -0.000000e+00   5.921061e-09
   1.423134e-03   3.237899e-03   1.649098e-04   0.000000e+00   0.000000e+00  -9.895381e-05   2.338055e-05  -5.526409e-08  -0.000000e+00   1.435357e-09
   6.123236e-03   8.851769e-03   1.649098e-04   0.000000e+00   0.000000e+00  -2.013004e-05   8.327193e-06   5.215130e-06  -0.000000e+00   5.090313e-10
   1.278435e-03   9.607057e-03   1.649098e-04   0.000000e+00   0.000000e+00  -1.214291e-03   3.164890e-04   3.896827e-04  -0.000000e+00   6.258585e-09
   2.603556e-03   6.665550e-03   1.649098e-04   0.000000e+00   0.000000e+00  -1.616012e-04   2.557361e-05  -1.498515e-05  -0.000000e+00   1.708739e-09
   4.002811e-03   8.981490e-03   1.649098e-04   0.000000e+00   0.000000e+00  -1.167702e-03   3.469703e-05  -4.582724e-04  -0.000000e+00   5.445774e-09
   4.366056e-03   1.788750e-03   1.649098e-04   0.000000e+00   0.000000e+00  -2.747332e-09  -8.588879e-11   1.370978e-09   0.000000e+00   1.145431e-12
   4.593414e-03   6.527960e-03   1.649098e-04   0.000000e+00   0.000000e+00  -4.762749e-09  -2.357624e-09   3.354910e-10   0.000000e+00   2.049715e-12
   8.546237e-03   5.046812e-03   1.649098e-04   0.000000e+00   0.000000e+00  -1.041925e-03   1.403355e-04   3.628575e-05  -0.000000e+00   5.849641e-09
   9.243616e-03   2.402305e-03   1.649098e-04   0.000000e+00   0.000000e+00  -1.724977e-03  -4.511820e-04   6.085752e-04  -0.000000e+00   6.614832e-09
   1.216640e-03   1.823080e-02   1.649098e-04   0.000000e+00   0.000000e+00  -3.462897e-03   2.032084e-04   3.405864e-06  -0.000000e+00   1.174130e-08
   2.466035e-03   1.670125e-02   1.649098e-04   0.000000e+00   0.000000e+00  -5.968501e-05   1.027129e-05  -4.508300e-06  -0.000000e+00   9.654734e-10
   6.420825e-03   1.810872e-02   1.649098e-04   0.000000e+00   0.000000e+00  -1.576557e-10  -5.043837e-11  -3.942154e-11  -0.000000e+00   1.671366e-13
   1.185696e-03   1.585036e-02   1.649098e-04   0.000000e+00   0.000000e+00  -1.018727e-04   1.953895e-05   6.627453e-06  -0.000000e+00   1.563617e-09
   6.997652e-03   1.473611e-02   1.649098e-04   0.000000e+00   0.000000e+00  -2.399442e-03   7.307205e-04  -6.174873e-04  -0.000000e+00   1.061432e-08
   4.974019e-03   1.165782e-02   1.649098e-04   0.000000e+00   0.000000e+00  -6.062394e-11  -9.000625e-12  -2.777371e-12  -0.000000e+00   1.098481e-13
   8.931770e-03   1.334524e-02   1.649098e-04   0.000000e+00   0.000000e+00  -9.600655e-05  -3.520999e-05   3.213039e-05  -0.000000e+00   1.210815e-09
   1.082839e-03   1.239564e-02   1.649098e-04   0.000000e+00   0.000000e+00  -7.895618e-05   3.218047e-06  -6.283937e-07  -0.000000e+00   1.053753e-09
   7.165980e-03   1.089022e-02   1.649098e-04   0.000000e+00   0.000000e+00  -3.505400e-05  -3.076299e-06   1.665144e-05  -0.000000e+00   5.499451e-10
   1.776098e-02   5.744295e-03   1.649098e-04   0.000000e+00   0.000000e+00  -1.320752e-03  -3.494634e-04   2.803046e-04  -0.000000e+00   6.629247e-09
   1.688222e-02   2.123554e-03   1.649098e-04   0.000000e+00   0.000000e+00  -4.221493e-03  -3.904991e-04   1.871168e-03  -0.000000e+00   1.423324e-08
   1.259596e-02   5.185190e-03   1.649098e-04   0.000000e+00   0.000000e+00  -5.613645e-04   2.020488e-05  -1.287170e-04  -0.000000e+00   4.715140e-09
   1.521446e-02   5.045832e-03   1.649098e-04   0.000000e+00   0.000000e+00  -1.969065e-04  -2.263659e-05   2.159917e-05  -0.000000e+00   2.257083e-09
   1.502608e-02   1.357574e-03   1.649098e-04   0.000000e+00   0.000000e+00  -3.849616e-04  -5.105488e-05   5.799456e-05  -0.000000e+00   3.234529e-09
   1.380949e-02   7.153433e-03   1.649098e-04   0.000000e+00   0.000000e+00  -1.600377e-09   2.072412e-10   5.036989e-11  -0.000000e+00   8.135080e-13
   1.125971e-02   8.352922e-03   1.649098e-04   0.000000e+00   0.000000e+00  -3.348162e-05   1.141780e-06   2.243610e-06  -0.000000e+00   7.444103e-10
   1.868269e-02   1.931440e-02   1.649098e-04   0.000000e+00   0.000000e+00  -2.301536e-04  -3.287542e-05  -5.687453e-05  -0.000000e+00   2.720944e-09
   1.678147e-02   1.520555e-02   1.649098e-04   0.000000e+00   0.000000e+00  -3.930694e-05  -1.286121e-06  -3.773715e-06  -0.000000e+00   6.243388e-10
   1.905851e-02   1.393273e-02   1.649098e-04   0.000000e+00   0.000000e+00  -1.455178e-04  -4.262382e-05  -8.592299e-06  -0.000000e+00   1.976084e-09
   1.575218e-02   1.905846e-02   1.649098e-04   0.000000e+00   0.000000e+00  -1.058955e-04   1.304719e-05  -3.545150e-05  -0.000000e+00   1.586793e-09
   1.383976e-02   1.825043e-02   1.649098e-04   0.000000e+00   0.000000e+00  -2.669423e-04  -6.440889e-06  -1.333157e-04   0.000000e+00   2.720826e-09
   1.896560e-02   1.175299e-02   1.649098e-04   0.000000e+00   0.000000e+00  -6.782169e-05  -9.646872e-06  -3.582774e-06  -0.000000e+00   9.665975e-10
   1.098971e-02   1.070883e-02   1.649098e-04   0.000000e+00   0.000000e+00  -1.470298e-03  -5.902483e-05  -4.280790e-04  -0.000000e+00   5.760399e-09
   1.004394e-02   1.885211e-02   1.649098e-04   0.000000e+00   0.000000e+00  -1.024913e-04  -5.448010e-06  -2.127268e-05  -0.000000e+00   1.716278e-09
                                                0.000000e+00   0.000000e+00  -2.334465e-02   3.714824e-04   1.802517e-03   0.000000e+00   3.355170e-09

              6
             17
          pos_x          pos_y          pos_z       normal_x       normal_y       normal_z        tangt_x        tangt_y        tangt_z          pentr
   2.037053e-03   8.634069e-03   1.891659e-02   0.000000e+00   0.000000e+00   1.021727e-03   3.107408e-04   2.844543e-04  -0.000000e+00   4.760775e-09
   2.500977e-03   3.414314e-03   1.891659e-02   0.000000e+00   0.000000e+00   6.212243e-04   7.202930e-05  -1.756850e-04  -0.000000e+00   3.313038e-09
   8.368962e-03   4.270030e-03   1.891659e-02   0.000000e+00   0.000000e+00   1.879189e-09   4.330319e-10   6.868674e-10  -0.000000e+00   1.007402e-12
   7.899196e-03   1.299165e-03   1.891659e-02   0.000000e+00   0.000000e+00   1.136333e-04  -3.152337e-06   3.017518e-05  -0.000000e+00   1.699735e-09
   1.876489e-03   1.229816e-02   1.891659e-02   0.000000e+00   0.000000e+00   2.859368e-04   6.911477e-05   3.405975e-05  -0.000000e+00   2.386178e-09
   2.939945e-03   1.576434e-02   1.891659e-02   0.000000e+00   0.000000e+00   1.730530e-05  -3.072812e-06   7.613817e-06  -0.000000e+00   2.931725e-10
   6.259820e-03   1.823311e-02   1.891659e-02   0.000000e+00   0.000000e+00   1.699386e-03   8.267955e-04  -4.900488e-05  -0.000000e+00   7.464514e-09
   5.907714e-03   1.480647e-02   1.891659e-02   0.000000e+00   0.000000e+00   1.572645e-08  -5.450837e-10   1.917269e-10  -0.000000e+00   4.257688e-12
   4.151252e-03   1.264223e-02   1.891659e-02   0.000000e+00   0.000000e+00   3.220327e-10  -5.873079e-11  -2.078093e-11  -0.000000e+00   3.355649e-13
   7.541560e-03   1.363835e-02   1.891659e-02   0.000000e+00   0.000000e+00   5.069551e-04  -5.270224e-05  -1.857582e-04  -0.000000e+00   3.101668e-09
   7.907243e-03   1.045725e-02   1.891659e-02   0.000000e+00   0.000000e+00   3.986316e-04  -4.968623e-05   1.924809e-04  -0.000000e+00   2.722447e-09
   1.348309e-02   3.963762e-03   1.891659e-02   0.000000e+00   0.000000e+00   3.633637e-05  -1.861482e-06  -8.407483e-06  -0.000000e+00   4.850219e-10
   1.195448e-02   7.474009e-03   1.891659e-02   0.000000e+00   0.000000e+00   6.492844e-04   1.271257e-04  -5.561217e-06  -0.000000e+00   3.355859e-09
   1.040013e-02   1.468480e-02   1.891659e-02   0.000000e+00   0.000000e+00   1.503157e-04   7.031107e-05  -5.023409e-06  -0.000000e+00   1.698515e-09
   1.359889e-02   1.484352e-02   1.891659e-02   0.000000e+00   0.000000e+00   7.158696e-05  -1.507347e-06  -1.944791e-06  -0.000000e+00   8.345412e-10
   1.495408e-02   1.815954e-02   1.891659e-02   0.000000e+00   0.000000e+00   8.613910e-06  -2.329716e-06   2.979580e-06  -0.000000e+00   2.341536e-10
   1.125033e-02   1.055487e-02   1.891659e-02   0.000000e+00   0.000000e+00   7.848294e-08  -1.578006e-09  -1.751790e-09  -0.000000e+00   1.157136e-11
                                                0.000000e+00   0.000000e+00   5.581033e-03   1.361803e-03   1.203778e-04   0.000000e+00   1.903929e-09

