              6

              1
             25
          pos_x          pos_y          pos_z       normal_x       normal_y       normal_z        tangt_x        tangt_y        tangt_z          pentr
   2.737943e-04   3.396533e-03   1.336877e-03  -7.128261e-04   0.000000e+00   0.000000e+00  -0.000000e+00   1.665056e-04   3.526333e-05   5.944621e-09
   2.737943e-04   5.997671e-03   3.033585e-03  -2.673656e-03   0.000000e+00   0.000000e+00  -0.000000e+00  -7.165637e-04   5.397461e-04   1.156403e-08
   2.737943e-04   2.987611e-03   4.917374e-03  -3.509361e-02   0.000000e+00   0.000000e+00  -0.000000e+00  -7.911834e-03  -1.238911e-03   6.361521e-08
   2.737943e-04   6.158573e-03   5.671470e-03  -1.313288e-02   0.000000e+00   0.000000e+00  -0.000000e+00   6.394225e-04  -5.840719e-04   2.854253e-08
   2.737943e-04   1.316982e-03   4.397489e-03  -1.079975e-03   0.000000e+00   0.000000e+00  -0.000000e+00   3.478302e-04   3.239868e-04   6.466791e-09
   2.737943e-04   8.515717e-03   8.862305e-03  -7.055834e-03   0.000000e+00   0.000000e+00  -0.000000e+00   1.984481e-03  -2.748757e-03   2.199644e-08
   2.737943e-04   4.959741e-03   7.679274e-03  -3.551077e-02   0.000000e+00   0.000000e+00  -0.000000e+00  -4.058126e-03   8.438499e-04   6.192208e-08
   2.737943e-04   6.798066e-03   1.089582e-02  -1.599333e-02   0.000000e+00   0.000000e+00  -0.000000e+00   5.174496e-03  -3.358934e-03   3.700802e-08
   2.737943e-04   8.406672e-03   1.735725e-02  -2.628615e-03   0.000000e+00   0.000000e+00  -0.000000e+00  -2.338257e-04  -1.205702e-03   1.086972e-08
   2.737943e-04   5.690504e-03   1.582363e-02  -1.612483e-03   0.000000e+00   0.000000e+00  -0.000000e+00  -5.126184e-04  -2.388095e-04   6.299792e-09
   2.737943e-04   2.932323e-03   1.506696e-02  -1.214266e-04   0.000000e+00   0.000000e+00  -0.000000e+00   7.370851e-08   6.464671e-08   1.501490e-09
   2.737943e-04   8.492832e-03   1.357909e-02  -1.087245e-04   0.000000e+00   0.000000e+00  -0.000000e+00  -3.890239e-08  -5.774557e-08   1.677608e-09
   2.737943e-04   4.580177e-03   1.287852e-02  -9.235731e-03   0.000000e+00   0.000000e+00  -0.000000e+00   7.832142e-04  -3.868774e-03   2.462169e-08
   2.737943e-04   1.780983e-02   1.081300e-03  -3.571631e-02   0.000000e+00   0.000000e+00  -0.000000e+00  -9.543814e-03  -1.268714e-02   6.782062e-08
   2.737943e-04   1.785079e-02   5.306828e-03  -1.056805e-02   0.000000e+00   0.000000e+00  -0.000000e+00  -4.378074e-03  -1.634830e-04   2.894502e-08
   2.737943e-04   1.699582e-02   3.156699e-03  -2.932584e-04   0.000000e+00   0.000000e+00  -0.000000e+00  -5.921370e-05  -1.013926e-05   2.492149e-09
   2.737943e-04   1.367293e-02   2.929218e-03  -4.081237e-04   0.000000e+00   0.000000e+00  -0.000000e+00   2.368583e-05  -1.620428e-04   2.927179e-09
   2.737943e-04   1.180587e-02   4.955110e-03  -3.026363e-02   0.000000e+00   0.000000e+00  -0.000000e+00  -7.387868e-03  -1.372653e-03   5.455130e-08
   2.737943e-04   1.160073e-02   9.307644e-03  -1.533827e-02   0.000000e+00   0.000000e+00  -0.000000e+00  -5.760398e-03   2.852809e-04   4.952976e-08
   2.737943e-04   1.396051e-02   1.554651e-02  -1.606229e-02   0.000000e+00   0.000000e+00  -0.000000e+00  -8.022901e-04  -6.940592e-03   3.269893e-08
   2.737943e-04   1.718514e-02   1.481281e-02  -4.287220e-02   0.000000e+00   0.000000e+00  -0.000000e+00  -1.794672e-02  -1.086845e-02   5.888980e-08
   2.737943e-04   1.137684e-02   1.323611e-02  -3.292091e-02   0.000000e+00   0.000000e+00  -0.000000e+00   9.642528e-03  -4.907596e-03   5.647625e-08
   2.737943e-04   1.424215e-02   1.241889e-02  -5.099330e-02   0.000000e+00   0.000000e+00  -0.000000e+00  -2.569509e-03  -1.390888e-02   8.057619e-08
   2.737943e-04   1.634315e-02   1.229940e-02  -1.841412e-04   0.000000e+00   0.000000e+00  -0.000000e+00  -7.938784e-05   1.648886e-05   1.900757e-09
   2.737943e-04   1.814234e-02   1.221072e-02  -6.205399e-03   0.000000e+00   0.000000e+00  -0.000000e+00  -2.510120e-04  -2.563089e-03   2.094497e-08
                                               -3.667857e-01   0.000000e+00   0.000000e+00   0.000000e+00  -4.344906e-02  -6.478340e-02   2.959132e-08

              2
             15
          pos_x          pos_y          pos_z       normal_x       normal_y       normal_z        tangt_x        tangt_y        tangt_z          pentr
   1.971748e-02   3.578265e-03   3.560465e-03   7.175871e-02   0.000000e+00   0.000000e+00  -0.000000e+00   1.641964e-02   3.075822e-02   8.093748e-08
   1.971748e-02   2.448426e-03   6.591086e-03   5.613542e-06   0.000000e+00   0.000000e+00  -0.000000e+00   6.422004e-07  -2.071894e-06   1.469135e-10
   1.971748e-02   9.648423e-03   5.874449e-03   5.667039e-03   0.000000e+00   0.000000e+00  -0.000000e+00   1.406170e-03   1.180547e-03   1.778846e-08
   1.971748e-02   7.304471e-03   8.122686e-03   4.167294e-02   0.000000e+00   0.000000e+00  -0.000000e+00   9.776586e-03  -6.053290e-04   7.122840e-08
   1.971748e-02   9.808579e-03   1.399521e-03   4.747310e-02   0.000000e+00   0.000000e+00  -0.000000e+00   2.068183e-02  -8.907983e-03   6.958011e-08
   1.971748e-02   9.880230e-03   7.950144e-03   3.241074e-03   0.000000e+00   0.000000e+00  -0.000000e+00  -1.196455e-05  -7.248352e-05   1.317381e-08
   1.971748e-02   4.959010e-03   1.573948e-02   4.626865e-03   0.000000e+00   0.000000e+00  -0.000000e+00  -2.284380e-03  -1.273369e-04   1.562470e-08
   1.971748e-02   6.856509e-03   1.130830e-02   2.067863e-02   0.000000e+00   0.000000e+00  -0.000000e+00   5.098676e-03  -7.389942e-03   4.128865e-08
   1.971748e-02   1.410476e-03   9.697894e-03   2.116358e-02   0.000000e+00   0.000000e+00  -0.000000e+00   8.424011e-03   5.806065e-03   4.691050e-08
   1.971748e-02   1.844007e-02   4.610697e-03   1.816139e-02   0.000000e+00   0.000000e+00  -0.000000e+00  -1.611042e-03  -2.301224e-03   5.022478e-08
   1.971748e-02   1.206937e-02   7.884705e-03   2.440714e-03   0.000000e+00   0.000000e+00  -0.000000e+00  -4.143666e-04  -9.644343e-04   1.014956e-08
   1.971748e-02   1.251848e-02   4.994067e-03   2.317601e-02   0.000000e+00   0.000000e+00  -0.000000e+00  -8.910374e-03   5.212510e-03   3.878343e-08
   1.971748e-02   1.837385e-02   9.719001e-03   9.772203e-03   0.000000e+00   0.000000e+00  -0.000000e+00  -1.599592e-05   3.926154e-03   2.335991e-08
   1.971748e-02   1.475393e-02   1.684684e-02   1.370324e-02   0.000000e+00   0.000000e+00  -0.000000e+00   1.109093e-03  -5.393592e-03   2.747044e-08
   1.971748e-02   1.752919e-02   1.478137e-02   6.968866e-02   0.000000e+00   0.000000e+00  -0.000000e+00  -6.771844e-03   2.055213e-02   8.569599e-08
                                                3.532298e-01   0.000000e+00   0.000000e+00   0.000000e+00   4.289668e-02   4.167123e-02   3.949088e-08

              3
             21
          pos_x          pos_y          pos_z       normal_x       normal_y       normal_z        tangt_x        tangt_y        tangt_z          pentr
   2.453840e-03   2.790313e-04   1.180967e-03   0.000000e+00  -1.541544e-03   0.000000e+00   5.804694e-05  -0.000000e+00  -6.546932e-04   9.412254e-09
   6.211488e-03   2.790313e-04   1.146582e-03   0.000000e+00  -1.234351e-02   0.000000e+00  -2.793989e-03  -0.000000e+00   1.854391e-03   3.684969e-08
   2.532423e-03   2.790313e-04   3.711469e-03   0.000000e+00  -6.380455e-03   0.000000e+00  -1.122840e-03  -0.000000e+00  -1.338594e-03   2.105746e-08
   1.118864e-03   2.790313e-04   4.147225e-03   0.000000e+00  -1.954471e-03   0.000000e+00  -4.703988e-04  -0.000000e+00   6.203622e-04   1.112564e-08
   7.975660e-03   2.790313e-04   7.133230e-03   0.000000e+00  -7.445227e-03   0.000000e+00   8.707336e-04  -0.000000e+00  -1.194988e-03   2.050145e-08
   4.105430e-03   2.790313e-04   8.286090e-03   0.000000e+00  -2.216839e-02   0.000000e+00   5.615074e-03  -0.000000e+00  -6.035216e-03   4.670618e-08
   9.508955e-03   2.790313e-04   1.703505e-03   0.000000e+00  -1.808469e-02   0.000000e+00  -4.407558e-03  -0.000000e+00   6.320754e-03   4.354957e-08
   4.292457e-03   2.790313e-04   1.550030e-02   0.000000e+00  -3.828991e-03   0.000000e+00   1.123927e-03  -0.000000e+00   1.520743e-04   1.667165e-08
   5.831465e-03   2.790313e-04   1.387418e-02   0.000000e+00  -3.756162e-04   0.000000e+00   1.570266e-04  -0.000000e+00  -9.392843e-05   3.490204e-09
   8.775512e-03   2.790313e-04   1.285478e-02   0.000000e+00  -1.487515e-03   0.000000e+00   5.177632e-04  -0.000000e+00  -5.181296e-04   6.439643e-09
   2.706547e-03   2.790313e-04   1.300910e-02   0.000000e+00  -1.963239e-02   0.000000e+00  -4.366651e-03  -0.000000e+00   5.651437e-03   5.172553e-08
   3.120660e-03   2.790313e-04   1.101418e-02   0.000000e+00  -2.738337e-03   0.000000e+00   5.273770e-04  -0.000000e+00   8.474495e-04   1.200751e-08
   5.702054e-03   2.790313e-04   1.121143e-02   0.000000e+00  -1.067249e-02   0.000000e+00   3.121008e-03  -0.000000e+00  -2.376932e-03   3.356334e-08
   1.833181e-02   2.790313e-04   6.476673e-03   0.000000e+00  -1.539781e-04   0.000000e+00  -1.880096e-06  -0.000000e+00  -9.150470e-06   1.810352e-09
   1.736139e-02   2.790313e-04   2.092827e-03   0.000000e+00  -9.438794e-02   0.000000e+00   1.183867e-02  -0.000000e+00   3.188109e-03   1.147311e-07
   1.692051e-02   2.790313e-04   4.988183e-03   0.000000e+00  -1.077952e-02   0.000000e+00  -3.777041e-03  -0.000000e+00   5.963497e-04   2.567547e-08
   1.267042e-02   2.790313e-04   5.276294e-03   0.000000e+00  -5.689350e-02   0.000000e+00  -1.941095e-02  -0.000000e+00   1.463311e-02   8.828032e-08
   1.443040e-02   2.790313e-04   9.656529e-03   0.000000e+00  -1.349461e-02   0.000000e+00  -1.528047e-04  -0.000000e+00   1.203936e-03   3.045415e-08
   1.025663e-02   2.790313e-04   1.097649e-02   0.000000e+00  -2.312595e-02   0.000000e+00  -8.863311e-03  -0.000000e+00  -4.054007e-03   4.817625e-08
   1.365723e-02   2.790313e-04   1.514920e-02   0.000000e+00  -3.187031e-02   0.000000e+00  -4.312414e-03  -0.000000e+00   9.244755e-03   5.622331e-08
   1.831876e-02   2.790313e-04   9.623837e-03   0.000000e+00  -1.404826e-02   0.000000e+00  -2.765434e-03  -0.000000e+00   5.765354e-03   3.027229e-08
                                                0.000000e+00  -3.534077e-01   0.000000e+00  -2.861564e-02   0.000000e+00   3.380244e-02   3.374873e-08

              4
             16
          pos_x          pos_y          pos_z       normal_x       normal_y       normal_z        tangt_x        tangt_y        tangt_z          pentr
   2.254048e-03   1.971766e-02   2.748694e-03   0.000000e+00   6.402090e-02   0.000000e+00   1.566861e-02  -0.000000e+00   1.915200e-02   8.704630e-08
   4.295431e-03   1.971766e-02   4.714484e-03   0.000000e+00   3.300473e-02   0.000000e+00  -5.397295e-03  -0.000000e+00   2.297159e-03   5.169422e-08
   7.777941e-03   1.971766e-02   2.897527e-03   0.000000e+00   2.143146e-02   0.000000e+00   9.803125e-03  -0.000000e+00  -4.343030e-04   4.540158e-08
   2.010008e-03   1.971766e-02   5.254813e-03   0.000000e+00   4.632225e-03   0.000000e+00   1.656865e-03  -0.000000e+00  -5.396923e-04   1.754242e-08
   5.106842e-03   1.971766e-02   1.548749e-03   0.000000e+00   1.315629e-02   0.000000e+00   5.697544e-03  -0.000000e+00  -2.524987e-03   2.961361e-08
   2.549776e-03   1.971766e-02   1.544100e-02   0.000000e+00   3.241969e-02   0.000000e+00  -1.126385e-02  -0.000000e+00  -1.536651e-03   5.194887e-08
   1.014572e-02   1.971766e-02   1.501635e-02   0.000000e+00   1.384852e-02   0.000000e+00   4.242540e-03  -0.000000e+00  -2.012551e-03   2.577669e-08
   6.270459e-03   1.971766e-02   1.264635e-02   0.000000e+00   2.724836e-02   0.000000e+00  -7.029266e-03  -0.000000e+00  -1.037207e-02   4.715820e-08
   2.009121e-03   1.971766e-02   1.179338e-02   0.000000e+00   3.932195e-03   0.000000e+00   9.019792e-04  -0.000000e+00  -1.382651e-03   1.459437e-08
   4.462106e-03   1.971766e-02   9.636467e-03   0.000000e+00   5.759139e-03   0.000000e+00   1.472680e-03  -0.000000e+00  -1.448042e-03   1.393740e-08
   1.754766e-02   1.971766e-02   4.705849e-03   0.000000e+00   7.807408e-03   0.000000e+00  -3.501766e-03  -0.000000e+00  -1.227249e-03   2.385433e-08
   1.196875e-02   1.971766e-02   2.404450e-03   0.000000e+00   7.089312e-02   0.000000e+00  -4.487370e-03  -0.000000e+00   8.306298e-03   8.575563e-08
   1.151007e-02   1.971766e-02   5.762992e-03   0.000000e+00   8.865134e-03   0.000000e+00  -5.943839e-04  -0.000000e+00   7.515184e-04   2.315960e-08
   1.145160e-02   1.971766e-02   9.558293e-03   0.000000e+00   6.895352e-03   0.000000e+00  -9.702339e-05  -0.000000e+00  -2.544542e-03   1.885403e-08
   1.676440e-02   1.971766e-02   8.700133e-03   0.000000e+00   8.819649e-03   0.000000e+00  -1.680882e-03  -0.000000e+00   4.420114e-05   2.433342e-08
   1.685899e-02   1.971766e-02   1.343741e-02   0.000000e+00   3.031050e-02   0.000000e+00  -8.734615e-03  -0.000000e+00  -1.135136e-02   4.635853e-08
                                                0.000000e+00   3.530447e-01   0.000000e+00  -3.343109e-03   0.000000e+00  -4.822926e-03   3.793933e-08

              5
             20
          pos_x          pos_y          pos_z       normal_x       normal_y       normal_z        tangt_x        tangt_y        tangt_z          pentr
   6.254851e-03   1.648224e-03   2.685888e-04   0.000000e+00   0.000000e+00  -1.224146e-02   2.658241e-03   2.505725e-03  -0.000000e+00   2.700630e-08
   1.555516e-03   3.471045e-03   2.685888e-04   0.000000e+00   0.000000e+00  -1.157682e-03  -2.721760e-04   5.071718e-04  -0.000000e+00   7.248230e-09
   6.220035e-03   8.868439e-03   2.685888e-04   0.000000e+00   0.000000e+00  -3.184246e-03  -1.193464e-03   8.660461e-04  -0.000000e+00   1.493328e-08
   4.054195e-03   8.987073e-03   2.685888e-04   0.000000e+00   0.000000e+00  -1.252783e-02  -5.032846e-03  -1.203023e-03  -0.000000e+00   2.622411e-08
   5.423765e-03   3.470713e-03   2.685888e-04   0.000000e+00   0.000000e+00  -8.253488e-04   2.560927e-04   1.096023e-04  -0.000000e+00   5.194823e-09
   8.466264e-03   4.970641e-03   2.685888e-04   0.000000e+00   0.000000e+00  -1.270695e-02   3.151744e-04  -5.736768e-03  -0.000000e+00   3.205395e-08
   9.209675e-03   2.555957e-03   2.685888e-04   0.000000e+00   0.000000e+00  -1.598460e-02  -1.993593e-05   7.253919e-03  -0.000000e+00   2.925010e-08
   1.332827e-03   1.809204e-02   2.685888e-04   0.000000e+00   0.000000e+00  -6.667432e-02  -1.752995e-02  -2.111498e-02  -0.000000e+00   8.387177e-08
   5.240658e-03   1.585947e-02   2.685888e-04   0.000000e+00   0.000000e+00  -3.524970e-02  -1.042083e-02  -1.053051e-02  -0.000000e+00   5.459811e-08
   2.702713e-03   1.428966e-02   2.685888e-04   0.000000e+00   0.000000e+00  -2.821052e-04  -7.885349e-05  -2.111104e-05  -0.000000e+00   2.462552e-09
   9.173439e-03   1.331352e-02   2.685888e-04   0.000000e+00   0.000000e+00  -1.847384e-02  -3.524366e-04  -7.738762e-03  -0.000000e+00   4.116753e-08
   1.763354e-02   5.872520e-03   2.685888e-04   0.000000e+00   0.000000e+00  -3.287209e-03   1.072584e-03   2.909182e-04  -0.000000e+00   1.233008e-08
   1.679592e-02   2.234636e-03   2.685888e-04   0.000000e+00   0.000000e+00  -5.823964e-02   7.774848e-03   2.121740e-02  -0.000000e+00   8.148687e-08
   1.408553e-02   3.491032e-03   2.685888e-04   0.000000e+00   0.000000e+00  -1.583297e-02  -3.111076e-03   4.976838e-03  -0.000000e+00   4.437678e-08
   1.860111e-02   9.162966e-03   2.685888e-04   0.000000e+00   0.000000e+00  -1.753652e-02   1.924430e-03   7.213067e-03  -0.000000e+00   3.556238e-08
   1.120428e-02   6.378899e-03   2.685888e-04   0.000000e+00   0.000000e+00  -1.337879e-02  -1.067719e-03  -1.854727e-04  -0.000000e+00   2.884093e-08
   1.426835e-02   1.619322e-02   2.685888e-04   0.000000e+00   0.000000e+00  -3.522346e-02   9.085336e-03  -2.320434e-03  -0.000000e+00   6.291445e-08
   1.159523e-02   1.671042e-02   2.685888e-04   0.000000e+00   0.000000e+00  -1.169198e-02  -2.548334e-03  -5.126867e-03  -0.000000e+00   3.107780e-08
   1.375264e-02   1.278747e-02   2.685888e-04   0.000000e+00   0.000000e+00  -7.433382e-03   6.013841e-04   1.710104e-04  -0.000000e+00   2.263016e-08
   1.084841e-02   1.080701e-02   2.685888e-04   0.000000e+00   0.000000e+00  -4.357643e-02  -7.443532e-03   2.196837e-03  -0.000000e+00   5.503543e-08
                                                0.000000e+00   0.000000e+00  -3.855085e-01  -2.538307e-02  -6.669395e-03   0.000000e+00   3.491328e-08

              6
             19
          pos_x          pos_y          pos_z       normal_x       normal_y       normal_z        tangt_x        tangt_y        tangt_z          pentr
   2.118906e-03   8.487629e-03   1.879615e-02   0.000000e+00   0.000000e+00   2.636379e-03   6.391691e-04  -5.534441e-05  -0.000000e+00   9.041707e-09
   2.674715e-03   3.091900e-03   1.879615e-02   0.000000e+00   0.000000e+00   3.600400e-02  -2.911157e-04  -2.802611e-03  -0.000000e+00   4.983579e-08
   8.468228e-03   4.786891e-03   1.879615e-02   0.000000e+00   0.000000e+00   1.017374e-03   4.835304e-04  -1.511329e-04  -0.000000e+00   5.924532e-09
   5.893420e-03   4.639298e-03   1.879615e-02   0.000000e+00   0.000000e+00   2.680477e-03  -1.414216e-04  -2.817737e-04  -0.000000e+00   9.908528e-09
   8.160912e-03   6.674306e-03   1.879615e-02   0.000000e+00   0.000000e+00   4.039730e-03  -9.154887e-04  -1.349978e-04  -0.000000e+00   1.592374e-08
   7.640324e-03   9.927395e-03   1.879615e-02   0.000000e+00   0.000000e+00   2.739456e-03  -1.485110e-04  -2.374405e-05  -0.000000e+00   1.009692e-08
   2.913131e-03   1.551069e-02   1.879615e-02   0.000000e+00   0.000000e+00   8.713104e-02   1.435464e-02   1.673678e-02  -0.000000e+00   8.424766e-08
   6.280915e-03   1.816392e-02   1.879615e-02   0.000000e+00   0.000000e+00   7.074920e-02   2.787603e-02   4.874886e-03  -0.000000e+00   8.880470e-08
   7.775975e-03   1.384403e-02   1.879615e-02   0.000000e+00   0.000000e+00   2.072632e-03  -2.622136e-04   5.854112e-04  -0.000000e+00   7.738142e-09
   4.454662e-03   1.073388e-02   1.879615e-02   0.000000e+00   0.000000e+00   6.841401e-02   9.632183e-03  -1.704123e-02  -0.000000e+00   9.515649e-08
   1.513872e-02   8.140227e-03   1.879615e-02   0.000000e+00   0.000000e+00   1.368658e-03  -3.767592e-04   4.571047e-04  -0.000000e+00   5.744206e-09
   1.382877e-02   4.015463e-03   1.879615e-02   0.000000e+00   0.000000e+00   2.900587e-02   1.343915e-03   3.940924e-03  -0.000000e+00   4.267515e-08
   1.109643e-02   7.404416e-03   1.879615e-02   0.000000e+00   0.000000e+00   9.883831e-03  -7.292088e-05   1.805050e-03  -0.000000e+00   2.059807e-08
   1.092326e-02   1.437848e-02   1.879615e-02   0.000000e+00   0.000000e+00   1.279295e-02  -1.465053e-03  -5.083265e-03  -0.000000e+00   3.340551e-08
   1.554591e-02   1.466831e-02   1.879615e-02   0.000000e+00   0.000000e+00   3.186311e-04   1.256859e-04  -6.486682e-05  -0.000000e+00   2.435796e-09
   1.276195e-02   1.334040e-02   1.879615e-02   0.000000e+00   0.000000e+00   8.225703e-05   3.307883e-05  -1.799971e-05  -0.000000e+00   1.115206e-09
   1.227879e-02   1.068829e-02   1.879615e-02   0.000000e+00   0.000000e+00   7.264705e-04   1.526436e-04   2.613091e-04  -0.000000e+00   4.792615e-09
   1.835500e-02   1.514949e-02   1.879615e-02   0.000000e+00   0.000000e+00   3.223902e-02  -8.463211e-03  -5.375546e-04  -0.000000e+00   6.158293e-08
   1.435388e-02   1.206464e-02   1.879615e-02   0.000000e+00   0.000000e+00   6.521338e-03   1.684296e-03  -1.676566e-03  -0.000000e+00   2.082924e-08
                                                0.000000e+00   0.000000e+00   3.704233e-01   4.418847e-02   7.903788e-04   0.000000e+00   2.999247e-08

