              6

              1
             29
          pos_x          pos_y          pos_z       normal_x       normal_y       normal_z        tangt_x        tangt_y        tangt_z          pentr
   1.548926e-04   3.221819e-03   1.208830e-03  -1.160845e-04   0.000000e+00   0.000000e+00  -0.000000e+00  -1.626915e-07   2.934748e-05   1.796693e-09
   1.548926e-04   8.982327e-03   1.393786e-03  -4.540565e-04   0.000000e+00   0.000000e+00  -0.000000e+00  -8.997131e-05   1.430727e-04   2.953717e-09
   1.548926e-04   1.098163e-03   2.279914e-03  -4.696914e-04   0.000000e+00   0.000000e+00  -0.000000e+00   5.882607e-05   1.953050e-04   3.544133e-09
   1.548926e-04   1.466118e-03   6.376233e-03  -2.942141e-04   0.000000e+00   0.000000e+00  -0.000000e+00  -9.508314e-05   7.098664e-05   3.051125e-09
   1.548926e-04   5.998906e-03   5.377242e-03  -2.120503e-04   0.000000e+00   0.000000e+00  -0.000000e+00   7.261235e-06   2.283751e-05   1.846697e-09
   1.548926e-04   1.251556e-03   9.102507e-03  -3.269513e-04   0.000000e+00   0.000000e+00  -0.000000e+00   1.376594e-04   7.270887e-05   2.997919e-09
   1.548926e-04   5.127846e-03   7.469144e-03  -5.114050e-05   0.000000e+00   0.000000e+00  -0.000000e+00  -1.138926e-05   2.057436e-05   7.927450e-10
   1.548926e-04   8.459186e-03   1.748020e-02  -4.179510e-04   0.000000e+00   0.000000e+00  -0.000000e+00  -1.395503e-05  -8.763790e-05   3.185286e-09
   1.548926e-04   5.891815e-03   1.537465e-02  -3.159593e-04   0.000000e+00   0.000000e+00  -0.000000e+00  -1.843242e-05  -3.635706e-05   2.151573e-09
   1.548926e-04   2.977166e-03   1.457639e-02  -1.874168e-09   0.000000e+00   0.000000e+00  -0.000000e+00  -3.885245e-10   1.436391e-11   9.426156e-13
   1.548926e-04   1.205702e-03   1.406296e-02  -2.480404e-04   0.000000e+00   0.000000e+00  -0.000000e+00   5.297800e-05  -2.142593e-05   2.741762e-09
   1.548926e-04   8.898079e-03   1.343185e-02  -1.691951e-10   0.000000e+00   0.000000e+00  -0.000000e+00   3.661815e-11   4.573241e-11   2.126292e-13
   1.548926e-04   1.256758e-03   1.223685e-02  -8.734823e-05   0.000000e+00   0.000000e+00   0.000000e+00   4.234082e-05  -1.070900e-05   1.407363e-09
   1.548926e-04   1.791492e-02   9.754506e-04  -1.032188e-03   0.000000e+00   0.000000e+00  -0.000000e+00  -5.261553e-05   3.593028e-04   6.363020e-09
   1.548926e-04   1.799447e-02   5.127229e-03  -3.992942e-04   0.000000e+00   0.000000e+00  -0.000000e+00  -6.424573e-05   4.863005e-05   3.286723e-09
   1.548926e-04   1.813824e-02   7.334553e-03  -2.525015e-04   0.000000e+00   0.000000e+00  -0.000000e+00  -1.264628e-05   9.411518e-07   2.590089e-09
   1.548926e-04   1.550259e-02   1.291104e-03  -9.198735e-05   0.000000e+00   0.000000e+00  -0.000000e+00  -7.238397e-06   2.334433e-05   1.338808e-09
   1.548926e-04   1.464513e-02   7.674293e-03  -3.776823e-09   0.000000e+00   0.000000e+00   0.000000e+00   1.038692e-09   1.577091e-09   1.467946e-12
   1.548926e-04   1.138697e-02   1.842013e-03  -1.123104e-05   0.000000e+00   0.000000e+00  -0.000000e+00   2.425651e-06  -2.916302e-07   3.580901e-10
   1.548926e-04   1.260358e-02   7.526032e-04  -1.212745e-04   0.000000e+00   0.000000e+00  -0.000000e+00   1.428070e-06   5.506099e-06   1.899015e-09
   1.548926e-04   1.183292e-02   4.856494e-03  -4.830060e-05   0.000000e+00   0.000000e+00  -0.000000e+00   6.236796e-06   1.041728e-05   7.351460e-10
   1.548926e-04   1.892392e-02   9.405956e-03  -1.010577e-04   0.000000e+00   0.000000e+00  -0.000000e+00  -4.661465e-05  -1.794952e-07   1.283445e-09
   1.548926e-04   1.170202e-02   1.758106e-02  -2.579073e-04   0.000000e+00   0.000000e+00  -0.000000e+00  -3.875614e-05  -1.070174e-04   2.672658e-09
   1.548926e-04   1.164067e-02   1.517017e-02  -5.510685e-10   0.000000e+00   0.000000e+00  -0.000000e+00   1.270140e-11  -1.640978e-11   4.326713e-13
   1.548926e-04   1.411379e-02   1.549934e-02  -6.169404e-05   0.000000e+00   0.000000e+00  -0.000000e+00   2.372259e-06   2.584941e-06   7.985959e-10
   1.548926e-04   1.732400e-02   1.499090e-02  -6.104078e-04   0.000000e+00   0.000000e+00  -0.000000e+00  -1.614293e-04  -3.913892e-05   3.492806e-09
   1.548926e-04   1.431192e-02   1.229034e-02  -1.584474e-05   0.000000e+00   0.000000e+00  -0.000000e+00   6.882402e-07   1.903460e-06   3.657259e-10
   1.548926e-04   1.631007e-02   1.236603e-02  -9.882230e-10   0.000000e+00   0.000000e+00  -0.000000e+00   2.892522e-10  -3.672175e-10   5.922217e-13
   1.548926e-04   1.003918e-02   9.796577e-03  -8.714583e-06   0.000000e+00   0.000000e+00  -0.000000e+00  -2.631149e-06   1.191362e-06   2.454927e-10
                                               -6.005898e-03   0.000000e+00   0.000000e+00   0.000000e+00  -3.029535e-04   7.058980e-04   1.789734e-09

              2
             22
          pos_x          pos_y          pos_z       normal_x       normal_y       normal_z        tangt_x        tangt_y        tangt_z          pentr
   1.984507e-02   3.387243e-03   3.492061e-03   2.256383e-03   0.000000e+00   0.000000e+00  -0.000000e+00   7.791777e-04   7.012694e-04   8.074414e-09
   1.984507e-02   6.939623e-03   2.237660e-03   8.960410e-04   0.000000e+00   0.000000e+00  -0.000000e+00   1.318690e-05   1.074951e-05   5.063540e-09
   1.984507e-02   1.269599e-03   9.504484e-03   3.913753e-04   0.000000e+00   0.000000e+00  -0.000000e+00   1.380693e-04   3.378315e-05   3.293180e-09
   1.984507e-02   8.956282e-03   2.992058e-03   1.140989e-04   0.000000e+00   0.000000e+00  -0.000000e+00   3.226203e-05   1.911613e-05   1.546513e-09
   1.984507e-02   9.692848e-03   1.314080e-03   1.493468e-04   0.000000e+00   0.000000e+00  -0.000000e+00   4.064618e-05  -2.572402e-05   1.506499e-09
   1.984507e-02   3.215751e-03   1.331457e-02   8.512234e-09   0.000000e+00   0.000000e+00   0.000000e+00  -1.185797e-09   4.087593e-09   2.973854e-12
   1.984507e-02   2.331426e-03   1.557633e-02   4.733253e-04   0.000000e+00   0.000000e+00  -0.000000e+00   1.706848e-04  -4.339335e-06   3.580922e-09
   1.984507e-02   4.908272e-03   1.559371e-02   4.042069e-07   0.000000e+00   0.000000e+00  -0.000000e+00  -4.135362e-08  -9.827421e-09   3.258152e-11
   1.984507e-02   3.772015e-03   1.203576e-02   4.153511e-09   0.000000e+00   0.000000e+00  -0.000000e+00   5.059867e-10  -5.540864e-10   1.594991e-12
   1.984507e-02   9.148838e-03   1.172776e-02   4.755450e-06   0.000000e+00   0.000000e+00  -0.000000e+00   2.060483e-06  -2.448502e-07   1.645407e-10
   1.984507e-02   1.916420e-02   1.278367e-03   2.049619e-04   0.000000e+00   0.000000e+00  -0.000000e+00  -2.865432e-05   2.047515e-05   2.582725e-09
   1.984507e-02   1.803324e-02   5.845410e-03   2.159235e-04   0.000000e+00   0.000000e+00  -0.000000e+00  -9.458289e-05  -6.008942e-06   2.167289e-09
   1.984507e-02   1.748749e-02   8.118132e-03   5.145109e-10   0.000000e+00   0.000000e+00  -0.000000e+00  -2.368660e-12  -3.649319e-11   5.014357e-13
   1.984507e-02   1.396645e-02   9.031960e-04   1.090225e-04   0.000000e+00   0.000000e+00  -0.000000e+00   1.116261e-06   3.487169e-05   1.675835e-09
   1.984507e-02   1.209640e-02   7.648689e-04   9.984274e-05   0.000000e+00   0.000000e+00  -0.000000e+00   7.984577e-06   1.520674e-05   1.621613e-09
   1.984507e-02   1.574460e-02   7.713664e-03   6.443349e-05   0.000000e+00   0.000000e+00  -0.000000e+00   1.344804e-06  -1.539179e-08   8.691956e-10
   1.984507e-02   1.870209e-02   1.006074e-02   1.856013e-04   0.000000e+00   0.000000e+00  -0.000000e+00  -7.472507e-05  -1.785739e-05   1.647627e-09
   1.984507e-02   1.101428e-02   1.670761e-02   1.727241e-08   0.000000e+00   0.000000e+00  -0.000000e+00   5.389605e-10   9.632034e-10   3.792553e-12
   1.984507e-02   1.912298e-02   1.660540e-02   2.161099e-04   0.000000e+00   0.000000e+00   0.000000e+00  -1.056920e-04  -2.247385e-05   2.139934e-09
   1.984507e-02   1.722550e-02   1.423871e-02   2.558515e-06   0.000000e+00   0.000000e+00  -0.000000e+00  -2.401577e-07   1.138713e-07   9.453849e-11
   1.984507e-02   1.704851e-02   1.204068e-02   4.436316e-09   0.000000e+00   0.000000e+00  -0.000000e+00   1.106453e-09   1.826617e-10   1.556161e-12
   1.984507e-02   1.123242e-02   1.270893e-02   3.590259e-08   0.000000e+00   0.000000e+00  -0.000000e+00   3.298147e-09  -8.699981e-09   5.740471e-12
                                                5.384255e-03   0.000000e+00   0.000000e+00   0.000000e+00   8.826016e-04   7.589080e-04   1.639868e-09

              3
             26
          pos_x          pos_y          pos_z       normal_x       normal_y       normal_z        tangt_x        tangt_y        tangt_z          pentr
   2.438537e-03   1.548949e-04   1.097050e-03   0.000000e+00  -2.170047e-04   0.000000e+00   7.203254e-06  -0.000000e+00   5.773246e-05   2.536039e-09
   6.238471e-03   1.548949e-04   1.059625e-03   0.000000e+00  -4.260252e-04   0.000000e+00  -2.852153e-05  -0.000000e+00   1.709987e-04   3.894789e-09
   7.692775e-04   1.548949e-04   1.973523e-03   0.000000e+00  -1.201626e-04   0.000000e+00   3.037197e-05  -0.000000e+00  -1.689808e-05   1.915482e-09
   7.427857e-03   1.548949e-04   2.766540e-03   0.000000e+00  -5.180266e-06   0.000000e+00   1.031977e-07  -0.000000e+00   1.616135e-07   1.553397e-10
   3.970267e-03   1.548949e-04   2.288866e-03   0.000000e+00  -1.474731e-04   0.000000e+00   2.362666e-05  -0.000000e+00   1.927849e-05   1.762608e-09
   1.547811e-03   1.548949e-04   8.573019e-03   0.000000e+00  -3.441676e-04   0.000000e+00   1.531016e-04  -0.000000e+00   3.885970e-05   2.559811e-09
   1.017363e-03   1.548949e-04   4.201366e-03   0.000000e+00  -3.238774e-10   0.000000e+00  -6.010659e-11  -0.000000e+00   1.450887e-10   3.272998e-13
   7.957379e-03   1.548949e-04   6.709082e-03   0.000000e+00  -7.104791e-05   0.000000e+00   3.349554e-05  -0.000000e+00  -8.156103e-06   9.314291e-10
   5.694966e-03   1.548949e-04   6.570884e-03   0.000000e+00  -2.704857e-05   0.000000e+00   8.803890e-07  -0.000000e+00   4.946223e-07   6.529560e-10
   9.589106e-03   1.548949e-04   1.563735e-03   0.000000e+00  -6.163485e-04   0.000000e+00   7.180055e-06  -0.000000e+00   1.212936e-04   4.573830e-09
   8.503688e-03   1.548949e-04   9.716354e-03   0.000000e+00  -3.350435e-10   0.000000e+00  -3.815895e-11  -0.000000e+00   7.728564e-13   3.093058e-13
   8.943701e-04   1.548949e-04   1.757209e-02   0.000000e+00  -1.405404e-09   0.000000e+00   5.021988e-10   0.000000e+00  -4.915143e-10   9.518100e-13
   6.760413e-03   1.548949e-04   1.609465e-02   0.000000e+00  -2.200524e-09   0.000000e+00   4.803678e-10  -0.000000e+00  -5.654122e-10   8.069588e-13
   1.771547e-03   1.548949e-04   1.449187e-02   0.000000e+00  -1.601468e-04   0.000000e+00   5.680176e-05  -0.000000e+00   1.498244e-05   1.525076e-09
   5.528075e-03   1.548949e-04   1.376753e-02   0.000000e+00  -2.535931e-06   0.000000e+00  -6.846366e-07  -0.000000e+00   6.477847e-07   1.216112e-10
   1.091544e-03   1.548949e-04   1.251984e-02   0.000000e+00  -1.026194e-04   0.000000e+00   4.710031e-05  -0.000000e+00   1.415887e-05   1.726726e-09
   1.107284e-03   1.548949e-04   1.077920e-02   0.000000e+00  -3.137349e-05   0.000000e+00  -1.807685e-06  -0.000000e+00   1.159124e-05   5.940204e-10
   5.748510e-03   1.548949e-04   1.099950e-02   0.000000e+00  -2.421712e-06   0.000000e+00  -1.322386e-07  -0.000000e+00   4.504412e-08   1.264770e-10
   8.088335e-03   1.548949e-04   1.767802e-02   0.000000e+00  -1.027085e-04   0.000000e+00   2.052281e-06  -0.000000e+00  -2.023504e-05   1.485931e-09
   1.710503e-02   1.548949e-04   4.844639e-03   0.000000e+00  -1.641442e-03   0.000000e+00  -3.356143e-04  -0.000000e+00   3.941386e-04   7.320885e-09
   1.845666e-02   1.548949e-04   9.304281e-03   0.000000e+00  -3.086295e-04   0.000000e+00  -6.640475e-05  -0.000000e+00  -4.518680e-06   2.362755e-09
   1.527999e-02   1.548949e-04   1.038343e-03   0.000000e+00  -6.377557e-04   0.000000e+00  -7.403846e-05  -0.000000e+00   1.987133e-04   5.605649e-09
   1.098943e-02   1.548949e-04   6.416395e-03   0.000000e+00  -1.634710e-04   0.000000e+00  -1.032802e-07  -0.000000e+00   1.036203e-06   1.854462e-09
   1.430815e-02   1.548949e-04   9.215563e-03   0.000000e+00  -5.268462e-05   0.000000e+00   9.840813e-06  -0.000000e+00  -6.801227e-06   7.494452e-10
   1.004267e-02   1.548949e-04   3.908833e-03   0.000000e+00  -1.337358e-04   0.000000e+00  -4.659285e-05  -0.000000e+00   2.853475e-05   1.336343e-09
   1.727140e-02   1.548949e-04   1.563205e-02   0.000000e+00  -4.024931e-04   0.000000e+00  -2.011966e-04   0.000000e+00   4.484696e-06   2.860008e-09
                                                0.000000e+00  -5.716480e-03   0.000000e+00  -3.833375e-04   0.000000e+00   1.020542e-03   1.794387e-09

              4
             25
          pos_x          pos_y          pos_z       normal_x       normal_y       normal_z        tangt_x        tangt_y        tangt_z          pentr
   6.300404e-03   1.984507e-02   6.381346e-03   0.000000e+00   2.048415e-05   0.000000e+00   3.095348e-07  -0.000000e+00   7.306472e-06   4.474894e-10
   4.056100e-03   1.984507e-02   4.470531e-03   0.000000e+00   1.952599e-04   0.000000e+00   1.733188e-05  -0.000000e+00   4.499640e-05   1.686161e-09
   7.834563e-03   1.984507e-02   2.801138e-03   0.000000e+00   5.229182e-04   0.000000e+00   3.231691e-05  -0.000000e+00   1.325203e-04   3.801365e-09
   1.898244e-03   1.984507e-02   5.079316e-03   0.000000e+00   3.184419e-04   0.000000e+00   1.138708e-04  -0.000000e+00   7.529688e-05   2.940761e-09
   1.690051e-03   1.984507e-02   7.303519e-03   0.000000e+00   2.790020e-04   0.000000e+00   3.209765e-05  -0.000000e+00   8.397150e-07   2.933569e-09
   4.969069e-03   1.984507e-02   1.375991e-03   0.000000e+00   2.244175e-04   0.000000e+00   3.908229e-05  -0.000000e+00   1.586931e-05   1.980063e-09
   8.326423e-03   1.984507e-02   9.160763e-03   0.000000e+00   3.210887e-05   0.000000e+00   1.614645e-07  -0.000000e+00  -1.202393e-06   5.085919e-10
   8.936418e-04   1.984507e-02   9.408858e-03   0.000000e+00   1.257581e-04   0.000000e+00   6.064546e-05  -0.000000e+00   2.124761e-07   1.765254e-09
   7.574895e-03   1.984507e-02   1.650496e-02   0.000000e+00   2.822418e-07   0.000000e+00  -5.624579e-08  -0.000000e+00   1.211331e-07   2.945250e-11
   5.009311e-03   1.984507e-02   1.550144e-02   0.000000e+00   4.557691e-06   0.000000e+00  -8.014388e-07  -0.000000e+00   1.248966e-06   1.709510e-10
   2.416120e-03   1.984507e-02   1.560896e-02   0.000000e+00   6.815389e-04   0.000000e+00   4.764555e-05  -0.000000e+00   1.298374e-05   3.983994e-09
   1.901596e-02   1.984507e-02   7.761261e-04   0.000000e+00   3.647269e-04   0.000000e+00  -8.473014e-05  -0.000000e+00   1.045667e-04   3.340565e-09
   1.834507e-02   1.984507e-02   5.952282e-03   0.000000e+00   2.597588e-04   0.000000e+00  -5.762808e-05  -0.000000e+00   3.819136e-06   2.764528e-09
   1.578013e-02   1.984507e-02   3.183342e-03   0.000000e+00   1.323911e-08   0.000000e+00  -5.584485e-09   0.000000e+00  -3.554156e-09   3.331918e-12
   1.546072e-02   1.984507e-02   1.096951e-03   0.000000e+00   8.801477e-05   0.000000e+00  -1.027347e-05  -0.000000e+00   3.386018e-05   1.198176e-09
   1.391821e-02   1.984507e-02   2.021928e-03   0.000000e+00   2.223632e-04   0.000000e+00   2.200606e-06  -0.000000e+00   5.781027e-05   2.167804e-09
   1.507881e-02   1.984507e-02   7.989232e-03   0.000000e+00   2.411119e-09   0.000000e+00   1.202949e-09   0.000000e+00   7.929392e-11   1.047835e-12
   1.182917e-02   1.984507e-02   2.337551e-03   0.000000e+00   5.310476e-10   0.000000e+00  -1.148045e-10  -0.000000e+00   7.992169e-11   3.284005e-13
   1.351273e-02   1.984507e-02   6.308285e-03   0.000000e+00   2.352961e-05   0.000000e+00   8.829470e-06  -0.000000e+00  -3.270467e-06   5.529598e-10
   1.698257e-02   1.984507e-02   8.530805e-03   0.000000e+00   3.053858e-07   0.000000e+00  -5.139757e-08  -0.000000e+00   1.363986e-08   2.534865e-11
   1.029588e-02   1.984507e-02   1.271640e-03   0.000000e+00   9.031976e-05   0.000000e+00   5.340289e-06  -0.000000e+00   2.303739e-05   1.462228e-09
   1.905156e-02   1.984507e-02   1.032818e-02   0.000000e+00   2.603487e-04   0.000000e+00  -1.202848e-04  -0.000000e+00   4.038534e-05   2.678809e-09
   1.189637e-02   1.984507e-02   1.677435e-02   0.000000e+00   1.860456e-07   0.000000e+00   8.524452e-08   0.000000e+00  -3.723723e-08   2.078560e-11
   1.918324e-02   1.984507e-02   1.676018e-02   0.000000e+00   2.423892e-04   0.000000e+00  -7.567966e-05  -0.000000e+00   1.803300e-05   2.465507e-09
   1.665632e-02   1.984507e-02   1.316641e-02   0.000000e+00   2.979167e-05   0.000000e+00   2.315390e-07  -0.000000e+00  -8.686375e-07   4.504995e-10
                                                0.000000e+00   3.986520e-03   0.000000e+00   1.063894e-05   0.000000e+00   5.675390e-04   1.495183e-09

              5
             33
          pos_x          pos_y          pos_z       normal_x       normal_y       normal_z        tangt_x        tangt_y        tangt_z          pentr
   2.537519e-03   1.631471e-03   1.549098e-04   0.000000e+00   0.000000e+00  -7.906316e-04   1.170163e-04   2.531768e-04  -0.000000e+00   4.439497e-09
   6.320445e-03   1.565502e-03   1.549098e-04   0.000000e+00   0.000000e+00  -2.764289e-04   2.743477e-06   3.122722e-05  -0.000000e+00   2.151158e-09
   1.409992e-03   3.223808e-03   1.549098e-04   0.000000e+00   0.000000e+00  -9.804407e-05   3.736098e-05  -1.162842e-07  -0.000000e+00   1.430246e-09
   6.116273e-03   8.861009e-03   1.549098e-04   0.000000e+00   0.000000e+00  -7.942360e-05   2.266095e-05   2.109600e-05  -0.000000e+00   1.274742e-09
   1.271417e-03   9.616003e-03   1.549098e-04   0.000000e+00   0.000000e+00  -4.297098e-04   6.517537e-05   3.178895e-05  -0.000000e+00   3.132620e-09
   2.583492e-03   6.686059e-03   1.549098e-04   0.000000e+00   0.000000e+00  -9.348330e-05   1.269331e-05  -6.334307e-06  -0.000000e+00   1.184592e-09
   4.399871e-03   1.841591e-03   1.549098e-04   0.000000e+00   0.000000e+00  -2.314050e-09  -7.760887e-11   1.154419e-09   0.000000e+00   1.035867e-12
   6.650363e-03   6.867765e-03   1.549098e-04   0.000000e+00   0.000000e+00  -8.862364e-09   6.729450e-10  -4.379785e-09   0.000000e+00   2.471300e-12
   9.249628e-03   2.393509e-03   1.549098e-04   0.000000e+00   0.000000e+00  -7.751583e-04  -1.515732e-04   3.567116e-04   0.000000e+00   3.881322e-09
   1.207059e-03   1.824503e-02   1.549098e-04   0.000000e+00   0.000000e+00  -1.059290e-03   3.232111e-04  -4.219226e-05  -0.000000e+00   5.334149e-09
   2.455361e-03   1.670951e-02   1.549098e-04   0.000000e+00   0.000000e+00  -4.647673e-11   5.677703e-12   1.361326e-13  -0.000000e+00   8.198512e-14
   6.404389e-03   1.811621e-02   1.549098e-04   0.000000e+00   0.000000e+00  -1.856723e-04   3.053265e-06  -1.154970e-06  -0.000000e+00   1.863814e-09
   1.177491e-03   1.585008e-02   1.549098e-04   0.000000e+00   0.000000e+00  -1.023346e-04   9.290584e-06   2.989922e-06  -0.000000e+00   1.568297e-09
   6.995042e-03   1.476074e-02   1.549098e-04   0.000000e+00   0.000000e+00  -1.955727e-04   2.391190e-05  -2.508485e-05  -0.000000e+00   1.986750e-09
   4.962238e-03   1.164781e-02   1.549098e-04   0.000000e+00   0.000000e+00  -3.682185e-11   6.378754e-23   7.392712e-23   0.000000e+00   7.878773e-14
   1.076884e-03   1.243800e-02   1.549098e-04   0.000000e+00   0.000000e+00  -7.904011e-05   2.876094e-06  -4.682729e-07  -0.000000e+00   1.055027e-09
   1.012704e-02   1.579833e-02   1.549098e-04   0.000000e+00   0.000000e+00  -1.333808e-09  -6.667800e-10   1.285848e-11   0.000000e+00   7.517710e-13
   1.776681e-02   5.736754e-03   1.549098e-04   0.000000e+00   0.000000e+00  -1.431031e-03  -6.279491e-04   1.167165e-04  -0.000000e+00   6.997286e-09
   1.689429e-02   2.110873e-03   1.549098e-04   0.000000e+00   0.000000e+00  -5.044307e-04  -1.559924e-04   9.326245e-06  -0.000000e+00   3.452724e-09
   1.258727e-02   5.189891e-03   1.549098e-04   0.000000e+00   0.000000e+00  -2.654016e-06   1.326503e-06   3.662062e-08   0.000000e+00   1.324771e-10
   1.503440e-02   1.352188e-03   1.549098e-04   0.000000e+00   0.000000e+00  -5.375764e-04  -9.050611e-05   6.787186e-05  -0.000000e+00   4.050068e-09
   1.377676e-02   7.221763e-03   1.549098e-04   0.000000e+00   0.000000e+00  -1.341077e-09   9.476278e-11   7.175557e-12  -0.000000e+00   7.270624e-13
   1.129576e-02   8.344650e-03   1.549098e-04   0.000000e+00   0.000000e+00  -2.294740e-07   2.490590e-08   1.120012e-07   0.000000e+00   2.684696e-11
   1.868898e-02   1.932010e-02   1.549098e-04   0.000000e+00   0.000000e+00  -2.282866e-04  -8.284517e-06  -1.450557e-05  -0.000000e+00   2.698585e-09
   1.906789e-02   1.393451e-02   1.549098e-04   0.000000e+00   0.000000e+00  -1.050242e-04  -2.351029e-05  -1.069534e-06  -0.000000e+00   1.589253e-09
   1.575196e-02   1.906630e-02   1.549098e-04   0.000000e+00   0.000000e+00  -1.062148e-04   5.692164e-07  -1.704410e-06  -0.000000e+00   1.589896e-09
   1.384040e-02   1.825954e-02   1.549098e-04   0.000000e+00   0.000000e+00  -2.619876e-04  -4.136100e-06  -8.037288e-05  -0.000000e+00   2.686516e-09
   1.896761e-02   1.177047e-02   1.549098e-04   0.000000e+00   0.000000e+00  -6.895785e-05  -9.505911e-06  -3.376283e-06  -0.000000e+00   9.755858e-10
   1.381435e-02   1.275599e-02   1.549098e-04   0.000000e+00   0.000000e+00  -1.178121e-07   5.007600e-08  -7.938564e-09  -0.000000e+00   1.410012e-11
   1.159704e-02   1.423431e-02   1.549098e-04   0.000000e+00   0.000000e+00  -1.557734e-09  -3.490828e-10  -3.279281e-11  -0.000000e+00   8.961153e-13
   1.485979e-02   1.418808e-02   1.549098e-04   0.000000e+00   0.000000e+00  -7.017743e-09   1.455496e-09   1.085560e-09  -0.000000e+00   2.326041e-12
   1.101363e-02   1.069968e-02   1.549098e-04   0.000000e+00   0.000000e+00  -1.797174e-04  -1.889455e-05  -8.241877e-05  -0.000000e+00   1.419418e-09
   1.004823e-02   1.886053e-02   1.549098e-04   0.000000e+00   0.000000e+00  -1.025359e-04  -4.887271e-06  -1.920175e-05  -0.000000e+00   1.716376e-09
                                                0.000000e+00   0.000000e+00  -7.693575e-03  -4.732744e-04   6.130435e-04   0.000000e+00   1.716961e-09

              6
             19
          pos_x          pos_y          pos_z       normal_x       normal_y       normal_z        tangt_x        tangt_y        tangt_z          pentr
   2.030172e-03   8.646647e-03   1.892659e-02   0.000000e+00   0.000000e+00   5.776331e-04   6.141840e-05   2.643353e-05  -0.000000e+00   3.253826e-09
   2.623585e-03   3.520343e-03   1.892659e-02   0.000000e+00   0.000000e+00   1.320254e-04   1.461151e-06  -2.812015e-06  -0.000000e+00   1.184526e-09
   7.902925e-03   6.208267e-03   1.892659e-02   0.000000e+00   0.000000e+00   1.167004e-08   4.955712e-09   6.751535e-10  -0.000000e+00   3.277125e-12
   7.959202e-03   1.292158e-03   1.892659e-02   0.000000e+00   0.000000e+00   1.130478e-04  -3.897314e-06   3.423895e-05  -0.000000e+00   1.692855e-09
   1.872585e-03   1.228359e-02   1.892659e-02   0.000000e+00   0.000000e+00   1.880324e-04   5.031913e-05   1.682266e-05  -0.000000e+00   1.802661e-09
   6.241841e-03   1.823877e-02   1.892659e-02   0.000000e+00   0.000000e+00   1.031115e-05  -5.608203e-07   4.238499e-09  -0.000000e+00   2.481973e-10
   5.759966e-03   1.440791e-02   1.892659e-02   0.000000e+00   0.000000e+00   3.052402e-08  -8.261028e-09   1.252210e-08  -0.000000e+00   6.461082e-12
   4.026800e-03   1.262289e-02   1.892659e-02   0.000000e+00   0.000000e+00   4.195104e-10  -1.645870e-10  -4.552388e-11  -0.000000e+00   3.994409e-13
   7.445167e-03   1.353587e-02   1.892659e-02   0.000000e+00   0.000000e+00   1.139122e-07   7.401986e-09   3.433199e-08  -0.000000e+00   1.156098e-11
   7.832676e-03   1.038323e-02   1.892659e-02   0.000000e+00   0.000000e+00   5.632926e-06  -3.370210e-07   1.108603e-07  -0.000000e+00   1.584724e-10
   1.568755e-02   7.633120e-03   1.892659e-02   0.000000e+00   0.000000e+00   1.895684e-07   2.639005e-09   3.461049e-08  -0.000000e+00   1.509809e-11
   1.334127e-02   3.926629e-03   1.892659e-02   0.000000e+00   0.000000e+00   9.666913e-09   4.214004e-09   1.768678e-09  -0.000000e+00   2.011585e-12
   1.200207e-02   7.449141e-03   1.892659e-02   0.000000e+00   0.000000e+00   1.298909e-04   6.282498e-05   4.064508e-07  -0.000000e+00   1.152745e-09
   1.036979e-02   1.475466e-02   1.892659e-02   0.000000e+00   0.000000e+00   5.789430e-07   2.440549e-08  -5.296640e-09  -0.000000e+00   4.157995e-11
   1.349482e-02   1.491567e-02   1.892659e-02   0.000000e+00   0.000000e+00   2.934819e-05  -9.689222e-06  -1.102035e-05   0.000000e+00   4.622126e-10
   1.247428e-02   1.277662e-02   1.892659e-02   0.000000e+00   0.000000e+00   2.755792e-09   1.202761e-09   6.722824e-10   0.000000e+00   1.416062e-12
   1.119116e-02   1.048634e-02   1.892659e-02   0.000000e+00   0.000000e+00   2.292656e-09   4.038158e-10  -1.177045e-10  -0.000000e+00   1.102445e-12
   1.840366e-02   1.517708e-02   1.892659e-02   0.000000e+00   0.000000e+00   4.842291e-06  -5.587200e-08   1.839061e-07  -0.000000e+00   1.726532e-10
   1.375657e-02   9.854146e-03   1.892659e-02   0.000000e+00   0.000000e+00   6.865932e-10   1.715104e-10   2.973831e-10   0.000000e+00   5.078021e-13
                                                0.000000e+00   0.000000e+00   1.191705e-03   1.615204e-04   6.444766e-05   0.000000e+00   5.374507e-10

