              7             53   5.139523e-03   1.144099e-03   7.209147e-04   5.139525e-03   1.144098e-03   7.209148e-04   8.167057e-04   6.627058e-04   1.351758e-09   4.501893e-09   7.032311e-07   3.658452e-04   2.400000e+10   3.041914e-05   1.920699e-06  -3.205020e-06   5.139524e-03   1.144098e-03   7.209148e-04   3.008958e-05  -2.718369e-06   3.542841e-06  -2.281870e-07  -3.295286e-07   1.878411e-06   2.206968e-05   2.893494e+00   9.891660e-01  -8.936378e-02   1.164675e-01
              7             71   7.829184e-03   1.891521e-03   1.135118e-03   7.829184e-03   1.891521e-03   1.135118e-03   7.569331e-04   1.312089e-03   7.782491e-10   7.177092e-09   6.112054e-07   4.800160e-04   2.400000e+10   1.522144e-05   4.511055e-06   1.389627e-06   7.829184e-03   1.891521e-03   1.135118e-03  -1.458581e-05  -4.079566e-06  -1.517721e-06  -1.086690e-06   4.220210e-06  -1.165570e-06   4.152502e-05   1.220260e+01  -9.582413e-01  -2.680144e-01  -9.970942e-02
             15             41   5.558432e-03   8.647087e-03   1.173041e-03   5.558432e-03   8.647087e-03   1.173041e-03   1.212168e-03   1.987096e-03   2.587487e-10   3.638617e-07   4.413720e-07   7.528899e-04   2.400000e+10   3.654542e-06   1.803493e-06  -6.756054e-08   5.558432e-03   8.647087e-03   1.173041e-03   3.426974e-06  -1.544131e-09  -1.269458e-06  -5.972519e-07   5.387922e-07  -1.614181e-06   2.990326e-05   3.391753e+00   9.377301e-01  -4.225238e-04  -3.473645e-01
             17            118   1.176127e-03   1.117649e-02   1.793381e-03   1.176127e-03   1.117649e-02   1.793381e-03   1.815689e-03   1.252993e-03   2.305686e-11   3.676402e-07   1.307432e-07   7.413755e-04   2.400000e+10   9.646490e-08   4.823245e-08  -5.892840e-08   1.176127e-03   1.117649e-02   1.793381e-03   2.984388e-08  -9.007417e-08  -1.736274e-08   3.575032e-08   5.740967e-09   3.186417e-08   5.494288e-05   1.732783e+01   3.093755e-01  -9.337507e-01  -1.799903e-01
             25             33   1.174800e-03   4.159040e-03   1.960937e-03   1.174800e-03   4.159040e-03   1.960937e-03   1.244155e-03   8.097531e-04   1.000045e-11   8.660250e-11   7.003786e-08   4.905079e-04   2.400000e+10   2.241313e-08   7.813085e-11  -1.008384e-08   1.174800e-03   4.159040e-03   1.960937e-03  -1.877410e-08  -4.802932e-09   1.126115e-08  -3.729855e-11   5.736503e-11  -3.771606e-11   6.993244e-05   1.381154e+03  -8.376384e-01  -2.142910e-01   5.024354e-01
             41             93   3.722099e-03   7.627260e-03   1.925040e-03   3.722099e-03   7.627260e-03   1.925040e-03   1.716524e-03   1.253070e-03   2.529651e-10   2.918325e-08   4.280499e-07   7.243161e-04   2.400000e+10   3.465014e-06   1.732507e-06  -1.840729e-07   3.722099e-03   7.627260e-03   1.925040e-03   1.747046e-06   2.599920e-06  -1.481407e-06   9.458566e-07  -1.145126e-06  -8.919767e-07   7.075647e-05   7.949796e+00   5.041959e-01   7.503347e-01  -4.275328e-01
             41            102   3.894608e-03   1.103605e-02   1.686437e-03   3.894608e-03   1.103605e-02   1.686437e-03   1.076336e-03   9.593441e-04   4.609334e-10   2.590476e-07   4.835323e-07   5.072392e-04   2.400000e+10   7.132038e-06   3.566019e-06   1.866824e-07   3.894608e-03   1.103605e-02   1.686437e-03   1.841551e-06  -6.578597e-06  -2.048591e-06   3.442592e-06   9.187863e-07   1.445267e-07   4.668643e-05   2.726239e+00   2.582083e-01  -9.224006e-01  -2.872378e-01
             53             85   4.095792e-03   9.296560e-04   1.222872e-03   4.095793e-03   9.296573e-04   1.222869e-03   9.006808e-04   6.473181e-04   3.366900e-09   1.557950e-08   1.126093e-06   3.766327e-04   2.400000e+10   1.213261e-04   5.888624e-06   9.722066e-05   4.095792e-03   9.296566e-04   1.222870e-03   4.254159e-05   4.751449e-05  -1.032115e-04  -2.528545e-06   5.149355e-06   1.329096e-06   1.404091e-05   1.185935e+00   3.506383e-01   3.916262e-01  -8.506949e-01
             69            125   6.786779e-03   1.296505e-03   3.718823e-03   6.786780e-03   1.296505e-03   3.718823e-03   9.918603e-04   1.533926e-03   1.054848e-10   1.683513e-08   2.520718e-07   6.023631e-04   2.400000e+10   8.508719e-07   1.225046e-07   3.201836e-07   6.786780e-03   1.296505e-03   3.718823e-03   6.709751e-07  -2.419437e-07  -4.639383e-07   3.413699e-08   1.169834e-07  -1.252791e-08   6.466084e-05   5.003572e+01   7.885735e-01  -2.843480e-01  -5.452504e-01
             79             97   6.326184e-03   6.442908e-03   1.196907e-03   6.326184e-03   6.442908e-03   1.196907e-03   1.190004e-03   1.518518e-03   1.000051e-11   9.635733e-10   8.168251e-08   6.671693e-04   2.400000e+10   2.613973e-08   1.344899e-10   2.322659e-08   6.326184e-03   6.442908e-03   1.196907e-03   4.286648e-09   1.274548e-08  -2.241569e-08  -6.832126e-11  -9.460399e-11  -6.685684e-11   6.475608e-05   5.431645e+03   1.639897e-01   4.875902e-01  -8.575332e-01
             85            109   3.163705e-03   1.019874e-03   2.451485e-03   3.163706e-03   1.019873e-03   2.451484e-03   7.313507e-04   2.538221e-03   1.996337e-09   7.982888e-08   1.064631e-06   5.677593e-04   2.400000e+10   6.801159e-05   1.802169e-05   3.923215e-05   3.163706e-03   1.019874e-03   2.451485e-03   4.693933e-05  -2.790329e-05  -4.054235e-05  -1.095455e-06   1.420565e-05  -1.103543e-05   1.925402e-05   5.565781e+00   6.901666e-01  -4.102726e-01  -5.961094e-01
             93            145   3.559983e-03   7.775122e-03   3.144962e-03   3.559983e-03   7.775121e-03   3.144962e-03   1.919863e-03   1.316005e-03   2.235810e-10   2.075010e-07   4.178168e-07   7.807948e-04   2.400000e+10   2.989309e-06   1.494654e-06   5.812887e-07   3.559983e-03   7.775121e-03   3.144962e-03  -1.205271e-06  -2.448418e-06  -1.220057e-06   1.244112e-06  -2.134987e-07  -8.003715e-07   7.161770e-05   2.053145e+01  -4.031938e-01  -8.190581e-01  -4.081403e-01
            109            117   2.188210e-03   2.599998e-03   4.021775e-03   2.188210e-03   2.599998e-03   4.021775e-03   2.582489e-03   2.587612e-03   7.887685e-10   2.165212e-07   1.009704e-06   1.292524e-03   2.400000e+10   2.548553e-05   4.083238e-06   1.599948e-05   2.188210e-03   2.599998e-03   4.021775e-03   9.082593e-06  -1.524651e-05  -1.829105e-05   2.521067e-06  -1.738349e-06   2.700962e-06   4.194017e-05   2.794887e+01   3.563824e-01  -5.982418e-01  -7.177035e-01
            109            125   4.173473e-03   1.971254e-03   3.920607e-03   4.173473e-03   1.971254e-03   3.920607e-03   1.261765e-03   1.630686e-03   2.247914e-10   2.542321e-08   3.998815e-07   7.113492e-04   2.400000e+10   2.876478e-06   1.438239e-06   2.315005e-06   4.173473e-03   1.971254e-03   3.920607e-03  -2.639794e-06  -2.171020e-07  -1.121821e-06   3.494443e-07  -1.269543e-06  -5.785157e-07   6.664408e-05   8.968435e+00  -9.177173e-01  -7.547493e-02  -3.899980e-01
            109            173   2.420926e-03   9.245414e-04   4.478007e-03   2.420926e-03   9.245415e-04   4.478007e-03   1.632770e-03   1.261302e-03   2.212256e-10   3.887870e-08   3.967666e-07   7.115982e-04   2.400000e+10   2.808799e-06   1.404399e-06   6.459417e-07   2.420926e-03   9.245414e-04   4.478007e-03   2.751238e-07   8.681927e-07  -2.657047e-06   8.627883e-07  -1.076587e-06  -2.624780e-07   3.153940e-05   6.058173e+00   9.795071e-02   3.090975e-01  -9.459727e-01
            109            181   1.222157e-03   7.754091e-04   3.746772e-03   1.222158e-03   7.754096e-04   3.746771e-03   1.189078e-03   9.438158e-04   1.647906e-09   2.185983e-09   9.311730e-07   5.261727e-04   2.400000e+10   4.910355e-05   7.357422e-06   2.873962e-05   1.222158e-03   7.754093e-04   3.746772e-03   3.724581e-05   1.356267e-05  -2.898209e-05   3.523243e-06  -6.291881e-06   1.459673e-06   2.058760e-05   3.593927e+01   7.585157e-01   2.762055e-01  -5.902240e-01
            117            157   1.291983e-03   1.887765e-03   5.868117e-03   1.291983e-03   1.887766e-03   5.868116e-03   1.183224e-03   1.779316e-03   5.464497e-10   9.678896e-08   6.231650e-07   7.106503e-04   2.400000e+10   1.089691e-05   5.448454e-06   6.015583e-08   1.291983e-03   1.887766e-03   5.868117e-03   8.663779e-07   8.416760e-06  -6.866596e-06   2.678178e-06  -3.162022e-06  -3.537602e-06   4.112462e-05   2.290764e+00   7.950677e-02   7.723989e-01  -6.301417e-01
            117            165   1.299017e-03   4.640316e-03   4.978206e-03   1.299017e-03   4.640315e-03   4.978206e-03   2.063970e-03   9.766794e-04   6.682326e-10   5.034964e-09   6.655924e-07   6.629626e-04   2.400000e+10   1.423266e-05   5.404765e-06   3.473185e-06   1.299017e-03   4.640316e-03   4.978206e-03   4.073604e-06  -1.314211e-05  -3.641303e-06   3.090371e-06   2.047899e-06  -3.932836e-06   3.979232e-05   3.212221e+01   2.862153e-01  -9.233775e-01  -2.558414e-01
            119            129   7.654099e-03   4.558327e-03   1.147795e-03   7.654099e-03   4.558327e-03   1.147795e-03   1.034466e-03   1.969881e-03   9.979504e-12   2.774912e-09   8.227304e-08   6.782755e-04   2.400000e+10   2.621956e-19   1.310978e-19   7.366701e-20   7.654099e-03   4.558327e-03   1.147795e-03   1.797093e-19   1.761371e-19  -7.366701e-20  -5.196077e-20   8.720970e-20   8.295289e-20   7.713589e-03   2.535008e+14   6.839968e-12   6.704006e-12  -2.803862e-12
            125            277   5.891799e-03   1.182091e-03   5.409323e-03   5.891799e-03   1.182091e-03   5.409323e-03   2.369522e-03   6.324379e-04   3.142874e-10   1.825341e-08   3.960959e-07   4.991991e-04   2.400000e+10   3.983615e-06   1.991808e-06   1.216006e-06   5.891799e-03   1.182091e-03   5.409323e-03   3.614630e-07   1.794180e-06  -3.538284e-06  -1.333625e-06  -1.260728e-06  -7.741479e-07   3.156609e-05   2.467916e+00   9.073741e-02   4.503898e-01  -8.882093e-01
            141            165   1.219424e-03   7.057779e-03   5.685092e-03   1.219424e-03   7.057780e-03   5.685092e-03   1.529694e-03   1.007332e-03   4.369772e-10   1.022760e-08   5.151760e-07   6.073687e-04   2.400000e+10   7.203846e-06   6.627765e-07  -6.547929e-07   1.219424e-03   7.057779e-03   5.685092e-03   1.157067e-06   7.074752e-06   7.102591e-07  -2.175928e-07   9.770035e-08  -6.183694e-07   4.771936e-05   3.592007e+01   1.606180e-01   9.820799e-01   9.859443e-02
            145            101   2.610626e-03   1.077008e-02   4.139770e-03   2.610626e-03   1.077008e-02   4.139770e-03   1.015441e-03   2.110188e-03   1.337653e-10   5.907453e-09   3.028244e-07   6.855487e-04   2.400000e+10   1.296237e-06   4.090141e-07   3.648377e-07   2.610626e-03   1.077008e-02   4.139770e-03   5.900581e-07  -1.125142e-06  -2.571313e-07  -2.096875e-07  -4.094662e-08  -3.487794e-07   8.807870e-05   4.070385e+01   4.552085e-01  -8.680066e-01  -1.983675e-01
            149            201   4.978823e-03   4.874545e-03   4.636512e-03   4.978823e-03   4.874545e-03   4.636512e-03   9.284165e-04   1.893279e-03   3.815789e-11   1.910618e-09   1.541757e-07   6.229416e-04   2.400000e+10   1.882566e-07   9.412830e-08   2.770642e-08   4.978823e-03   4.874545e-03   4.636512e-03  -1.364439e-07  -6.640752e-08  -1.114166e-07   2.960717e-08  -8.798336e-08   1.557180e-08   8.722972e-05   7.203355e+01  -7.247761e-01  -3.527500e-01  -5.918336e-01
            157            167   1.580061e-03   9.637840e-04   7.531113e-03   1.580061e-03   9.637840e-04   7.531112e-03   1.750165e-03   9.675088e-04   3.626461e-10   2.437295e-08   4.753459e-07   6.230696e-04   2.400000e+10   5.516235e-06   2.758118e-06   7.607627e-06   1.580061e-03   9.637840e-04   7.531112e-03   6.362901e-07   2.457226e-07  -5.473902e-06  -2.702358e-06   4.674843e-07  -2.931379e-07   3.970217e-05   6.929231e+00   1.153486e-01   4.454535e-02  -9.923258e-01
            158            209   6.974252e-03   8.416785e-03   4.346062e-03   6.974252e-03   8.416785e-03   4.346062e-03   1.988592e-03   1.566690e-03   1.103183e-10   5.033432e-08   3.109217e-07   8.763037e-04   2.400000e+10   1.097611e-06   5.488054e-07   2.808729e-07   6.974252e-03   8.416785e-03   4.346062e-03   1.892934e-07   8.505951e-07  -6.673871e-07  -1.125503e-07   3.469134e-07   4.100865e-07   5.822076e-05   3.640541e+01   1.724595e-01   7.749514e-01  -6.080362e-01
            158            248   8.114669e-03   1.029379e-02   4.542418e-03   8.114669e-03   1.029379e-02   4.542418e-03   1.297494e-03   1.537944e-03   7.585314e-11   1.853143e-08   2.310466e-07   7.037619e-04   2.400000e+10   5.608197e-07   2.804098e-07   3.392644e-08   8.114669e-03   1.029379e-02   4.542418e-03  -4.489603e-07  -1.496963e-07  -3.009058e-07   4.505869e-08  -2.686690e-07   6.645561e-08   6.753884e-05   3.320309e+01  -8.005431e-01  -2.669241e-01  -5.365465e-01
            165            309   8.467125e-04   5.450430e-03   6.602328e-03   8.467126e-04   5.450430e-03   6.602328e-03   1.411509e-03   5.505494e-04   4.037684e-10   4.210575e-09   3.998988e-07   3.960664e-04   2.400000e+10   5.166928e-06   2.578817e-06  -2.038065e-06   8.467125e-04   5.450430e-03   6.602328e-03   1.031756e-06   2.171917e-06  -4.573336e-06   2.326597e-06  -1.112307e-06   3.492716e-09   2.926645e-05   7.039046e-01   1.996846e-01   4.203498e-01  -8.851170e-01
            167            237   1.410203e-03   8.912360e-04   1.015465e-02   1.410203e-03   8.912361e-04   1.015465e-02   1.169982e-03   1.089092e-03   4.733660e-10   4.369088e-08   5.167198e-07   5.640443e-04   2.400000e+10   7.827122e-06   3.913561e-06   2.326286e-06   1.410203e-03   8.912360e-04   1.015465e-02  -1.238719e-06   1.543272e-06  -7.572828e-06  -3.981202e-07   3.801697e-06   8.393805e-07   2.574646e-05   2.180269e+00  -1.582599e-01   1.971698e-01  -9.675112e-01
            201            209   6.527732e-03   6.879249e-03   4.842544e-03   6.527732e-03   6.879249e-03   4.842544e-03   2.111123e-03   1.852104e-03   5.707795e-11   4.312458e-08   2.373008e-07   9.865745e-04   2.400000e+10   4.334285e-07   2.167142e-07   7.649160e-09   6.527732e-03   6.879249e-03   4.842544e-03   4.603976e-08  -4.309693e-07  -2.456939e-09   2.093741e-07   2.260878e-08  -5.115077e-08   7.031093e-05   2.752967e+01   1.062223e-01  -9.943263e-01  -5.668613e-03
            201            221   4.970524e-03   4.750859e-03   6.261229e-03   4.970524e-03   4.750859e-03   6.261229e-03   1.194642e-03   1.655473e-03   5.607969e-11   2.960982e-10   1.972657e-07   6.939010e-04   2.400000e+10   3.540031e-07   1.770016e-07   2.315066e-07   4.970524e-03   4.750859e-03   6.261229e-03   2.894271e-07   7.964911e-08  -1.876331e-07   1.106064e-07  -4.942645e-08   1.290457e-07   1.240833e-04   2.882656e+02   8.175835e-01   2.249955e-01  -5.300323e-01
            201            215   8.806255e-03   4.440200e-03   5.261513e-03   8.806255e-03   4.440200e-03   5.261513e-03   1.304056e-03   1.525258e-03   1.337161e-10   5.510577e-10   3.065992e-07   7.030049e-04   2.400000e+10   1.311912e-06   1.114403e-07   2.208482e-08   8.806255e-03   4.440200e-03   5.261513e-03  -1.186351e-06   5.571774e-07  -5.690048e-08   2.236862e-08   6.859187e-08   8.493369e-08   8.360415e-05   3.397988e+01  -9.042916e-01   4.247064e-01  -4.337218e-02
            205            277   5.027391e-03   1.007397e-03   6.469221e-03   5.027391e-03   1.007397e-03   6.469221e-03   9.076730e-04   1.047629e-03   1.404325e-10   4.683967e-09   2.613336e-07   4.863210e-04   2.400000e+10   1.174392e-06   5.871958e-07   1.835520e-08   5.027391e-03   1.007397e-03   6.469221e-03  -1.131152e-06   3.128224e-07  -4.280879e-08   1.263407e-07   4.048620e-07  -4.061080e-07   3.620324e-05   1.044575e+01  -9.631814e-01   2.663698e-01  -3.645188e-02
            207            277   6.235936e-03   1.262307e-03   6.349767e-03   6.235936e-03   1.262308e-03   6.349767e-03   2.823342e-03   1.135821e-03   2.430091e-10   1.638719e-08   4.436560e-07   8.099722e-04   2.400000e+10   3.449998e-06   1.724999e-06  -1.954561e-07   6.235936e-03   1.262307e-03   6.349767e-03   2.776738e-06   1.989668e-06   4.831514e-07   3.191635e-07  -8.082334e-07   1.490140e-06   3.041042e-05   6.086960e+00   8.048520e-01   5.767157e-01   1.400439e-01
            207            295   8.234782e-03   2.098027e-03   7.808028e-03   8.234782e-03   2.098027e-03   7.808028e-03   2.829402e-03   1.552691e-03   8.212774e-11   9.246826e-10   2.869419e-07   1.002532e-03   2.400000e+10   7.541086e-07   3.169042e-07   6.721927e-07   8.234782e-03   2.098027e-03   7.808028e-03  -5.860713e-07   7.633002e-09  -4.744913e-07  -4.329515e-08  -3.104498e-07   4.663352e-08   6.394041e-05   7.398254e+01  -7.771709e-01   1.012189e-02  -6.292082e-01
            209            249   5.803134e-03   8.382859e-03   5.692092e-03   5.803134e-03   8.382859e-03   5.692092e-03   1.305353e-03   1.250019e-03   1.197395e-10   8.209068e-09   2.765120e-07   6.385434e-04   2.400000e+10   1.059501e-06   5.297506e-07   4.303281e-07   5.803134e-03   8.382859e-03   5.692092e-03   5.682625e-07  -6.345575e-07  -6.300456e-07  -1.562502e-07  -4.205758e-07   2.816693e-07   3.519558e-05   2.955720e+01   5.363490e-01  -5.989210e-01  -5.946624e-01
            249            190   5.513704e-03   9.406901e-03   5.686398e-03   5.513704e-03   9.406901e-03   5.686398e-03   9.734197e-04   1.108323e-03   1.067483e-10   1.325850e-08   2.352069e-07   5.182501e-04   2.400000e+10   8.034538e-07   4.017269e-07  -1.159542e-07   5.513704e-03   9.406901e-03   5.686398e-03  -5.109665e-08  -7.886897e-07   1.445539e-07   2.757007e-07  -7.017597e-08  -2.836353e-07   3.816103e-05   4.485066e+01  -6.359624e-02  -9.816241e-01   1.799156e-01
            249            217   5.447061e-03   8.884877e-03   6.886214e-03   5.447061e-03   8.884877e-03   6.886214e-03   8.133651e-04   2.256557e-03   5.600250e-11   7.887482e-09   1.829810e-07   5.978669e-04   2.400000e+10   3.279166e-07   1.639583e-07   1.530437e-08   5.447061e-03   8.884877e-03   6.886214e-03   6.860468e-08  -8.552464e-08  -3.090441e-07   3.779216e-08  -1.514776e-07   5.008613e-08   4.735246e-05   1.845095e+01   2.092138e-01  -2.608122e-01  -9.424471e-01
            253            273   7.719238e-03   8.999118e-03   6.982086e-03   7.719238e-03   8.999118e-03   6.982086e-03   1.873870e-03   1.878645e-03   2.132031e-11   9.678636e-09   1.414255e-07   9.381272e-04   2.400000e+10   9.648752e-08   4.824376e-08   3.640454e-09   7.719238e-03   8.999118e-03   6.982086e-03  -5.444238e-09   8.118921e-08  -5.185087e-08   4.418858e-08  -8.186141e-09  -1.754471e-08   7.278725e-05   1.754513e+02  -5.642427e-02   8.414478e-01  -5.373843e-01
            253            248   8.483823e-03   1.009124e-02   6.085819e-03   8.483823e-03   1.009124e-02   6.085819e-03   1.447991e-03   1.579402e-03   1.849234e-11   3.235242e-09   1.181927e-07   7.554221e-04   2.400000e+10   6.994113e-08   3.496791e-08  -8.372508e-09   8.483823e-03   1.009124e-02   6.085819e-03  -4.774139e-08  -1.691330e-08   4.823340e-08   1.464387e-08  -3.156485e-08   3.460105e-09   7.962029e-05   1.923706e+02  -6.825940e-01  -2.418220e-01   6.896285e-01
            273            321   6.839322e-03   8.280221e-03   8.651644e-03   6.839322e-03   8.280221e-03   8.651644e-03   9.849772e-04   1.592448e-03   2.224054e-11   2.088853e-11   1.163390e-07   6.085627e-04   2.400000e+10   8.279818e-08   2.960945e-08   1.310494e-08   6.839322e-03   8.280221e-03   8.651644e-03   2.621070e-08   1.097262e-08  -7.776978e-08   3.130530e-09   2.899113e-08   5.141379e-09   9.517891e-05   1.292720e+02   3.165613e-01   1.325225e-01  -9.392692e-01
            295            279   9.424702e-03   3.299555e-03   8.336959e-03   9.424702e-03   3.299555e-03   8.336959e-03   1.067637e-03   1.485230e-03   9.559245e-11   7.983669e-09   2.436724e-07   6.211394e-04   2.400000e+10   7.453837e-07   3.726919e-07   2.754871e-08   9.424702e-03   3.299555e-03   8.336959e-03  -2.127082e-07  -7.140048e-07  -2.343729e-08  -3.529001e-07   1.049572e-07  -5.783377e-08   6.576582e-05   1.067718e+02  -2.853674e-01  -9.579023e-01  -3.144326e-02
            295            263   1.003008e-02   1.995925e-03   7.670418e-03   1.003008e-02   1.995925e-03   7.670418e-03   1.238219e-03   8.753435e-04   1.199661e-11   2.998051e-11   7.843495e-08   5.128152e-04   2.400000e+10   3.011050e-08   1.505525e-08  -1.035592e-07   1.003008e-02   1.995925e-03   7.670418e-03  -2.542068e-08  -5.382879e-10   1.612891e-08   5.493468e-09   8.765334e-09   1.093853e-08   6.608308e-05   2.268264e+01  -8.442462e-01  -1.787708e-02   5.356573e-01
             71             87   1.105414e-02   2.079778e-03   1.447361e-03   1.105414e-02   2.079778e-03   1.447361e-03   1.312459e-03   2.506628e-03   6.232632e-10   5.011273e-09   7.327298e-07   8.614225e-04   2.400000e+10   1.461387e-05   1.192301e-06   1.740662e-06   1.105414e-02   2.079778e-03   1.447361e-03  -1.448201e-05   2.304554e-07  -1.945144e-06  -1.595128e-07  -4.929336e-08   1.180553e-06   4.923289e-05   2.514821e+01  -9.909768e-01   1.576963e-02  -1.331025e-01
            259            279   9.114885e-03   6.098006e-03   7.850755e-03   9.114885e-03   6.098006e-03   7.850755e-03   1.365085e-03   1.261947e-03   1.658145e-11   3.119195e-09   1.042747e-07   6.557457e-04   2.400000e+10   5.532885e-08   2.766442e-08   5.352453e-08   9.114885e-03   6.098006e-03   7.850755e-03  -3.106716e-08   3.388190e-08  -3.079171e-08   1.001732e-08  -1.123955e-08  -2.320875e-08   1.005342e-04   2.642732e+02  -5.615003e-01   6.123731e-01  -5.565218e-01
            304            345   9.420830e-03   8.276870e-03   1.067655e-02   9.420830e-03   8.276870e-03   1.067655e-02   2.397315e-03   2.861218e-03   2.352761e-11   2.177303e-10   1.751841e-07   1.304402e-03   2.400000e+10   1.318932e-07   6.594659e-08   1.884623e-07   9.420830e-03   8.276870e-03   1.067655e-02  -1.422752e-08   4.444174e-09  -1.310482e-07   4.561740e-08   4.726363e-08  -5.844242e-09   1.106028e-04   6.559437e+02  -1.078715e-01   3.369525e-02  -9.935937e-01
            321            367   7.997718e-03   6.324071e-03   1.078433e-02   7.997718e-03   6.324071e-03   1.078433e-02   1.596441e-03   1.174129e-03   9.889051e-12   1.012504e-11   8.179506e-08   6.765495e-04   2.400000e+10   2.559683e-19   1.279842e-19   1.531863e-20   7.997718e-03   6.324071e-03   1.078433e-02  -2.263732e-19   1.184918e-19  -1.531863e-20  -9.540794e-20   8.512811e-20  -5.520822e-21   4.741310e-03   1.189029e+14  -8.745674e-12   4.577800e-12  -5.918183e-13
            321            333   5.763899e-03   8.057003e-03   1.050051e-02   5.763899e-03   8.057003e-03   1.050051e-02   2.476980e-03   1.649807e-03   1.248498e-11   5.747308e-10   1.111900e-07   9.902470e-04   2.400000e+10   4.442255e-08   2.221128e-08   3.498502e-09   5.763899e-03   8.057003e-03   1.050051e-02   3.750910e-08  -1.646462e-08  -1.718568e-08  -4.864770e-09  -2.090564e-08   5.712171e-09   1.453562e-04   6.149952e+02   8.443705e-01  -3.706364e-01  -3.868683e-01
            321            273   6.839322e-03   8.280221e-03   8.651644e-03   6.839322e-03   8.280221e-03   8.651644e-03   1.592448e-03   9.849772e-04   2.224054e-11   2.088853e-11   1.163390e-07   6.085627e-04   2.400000e+10   8.279818e-08   2.960945e-08  -1.310494e-08   6.839322e-03   8.280221e-03   8.651644e-03  -2.621070e-08  -1.097262e-08   7.776978e-08  -3.130530e-09  -2.899113e-08  -5.141379e-09   9.517891e-05   1.292720e+02  -3.165613e-01  -1.325225e-01   9.392692e-01
            397            443   8.263888e-03   5.443467e-03   1.682516e-02   8.263888e-03   5.443467e-03   1.682516e-02   1.970514e-03   1.220759e-03   1.350263e-11   1.195385e-08   1.008862e-07   7.537817e-04   2.400000e+10   4.359135e-08   2.179567e-08   9.938883e-10   8.263888e-03   5.443467e-03   1.682516e-02  -3.448212e-08  -2.171864e-08  -1.547545e-08  -1.324287e-08   1.528378e-08   8.129187e-09   1.078342e-04   2.656661e+02  -7.910313e-01  -4.982327e-01  -3.550120e-01
            433            405   4.316454e-03   1.669884e-03   1.412562e-02   4.316454e-03   1.669884e-03   1.412562e-02   8.617907e-04   1.597653e-03   6.519753e-11   2.370458e-09   1.910466e-07   5.598186e-04   2.400000e+10   3.985845e-07   1.992922e-07   7.999536e-07   4.316454e-03   1.669884e-03   1.412562e-02  -1.735345e-07   2.043463e-08   3.582426e-07  -1.661621e-07   7.174102e-08  -8.343130e-08   6.262525e-05   6.529132e+00  -4.353770e-01   5.126802e-02   8.987872e-01
            237            167   1.410203e-03   8.912361e-04   1.015465e-02   1.410203e-03   8.912360e-04   1.015465e-02   1.089092e-03   1.169982e-03   4.733660e-10   4.369088e-08   5.167198e-07   5.640443e-04   2.400000e+10   7.827122e-06   3.913561e-06  -2.326286e-06   1.410203e-03   8.912360e-04   1.015465e-02   1.238719e-06  -1.543272e-06   7.572828e-06   3.981202e-07  -3.801697e-06  -8.393805e-07   2.574646e-05   2.180269e+00   1.582599e-01  -1.971698e-01   9.675112e-01
            473            453   5.789754e-03   1.062402e-02   1.676354e-02   5.789754e-03   1.062402e-02   1.676354e-02   1.645794e-03   8.995332e-04   9.760497e-12   2.111549e-08   7.534605e-08   5.816330e-04   2.400000e+10   2.296965e-19   1.148482e-19  -6.279424e-20   5.789754e-03   1.062402e-02   1.676354e-02  -2.089192e-19  -7.190365e-20   6.279424e-20  -2.004404e-20   3.807447e-20  -1.064833e-19   4.950838e-03   5.102348e+12  -8.877607e-12  -3.055403e-12   2.668317e-12
              2             26   1.559393e-03   1.882193e-02   1.736761e-03   1.559395e-03   1.882193e-02   1.736769e-03   1.427538e-03   1.629119e-03   8.849636e-09   2.526530e-07   2.594834e-06   7.608409e-04   2.400000e+10   7.348269e-04   2.965809e-05  -6.413776e-04   1.559394e-03   1.882193e-02   1.736765e-03   1.830559e-04   2.530170e-04   6.651643e-04   2.239958e-05   1.527311e-05  -1.202468e-05   1.699277e-05   1.954619e+00   2.491143e-01   3.443219e-01   9.051986e-01
              2             50   2.978947e-03   1.903955e-02   3.252056e-03   2.978943e-03   1.903955e-02   3.252053e-03   8.520629e-04   8.016038e-04   4.541410e-09   2.343489e-05   1.369579e-06   4.130317e-04   2.400000e+10   1.990342e-04   9.951710e-05   9.061762e-05   2.978945e-03   1.903955e-02   3.252054e-03  -1.676561e-04  -2.241712e-07  -1.072660e-04   9.996478e-06  -9.779045e-05  -1.551616e-05   2.338975e-05   6.783058e-01  -8.423483e-01  -1.126295e-03  -5.389324e-01
              2              6   1.284070e-03   1.879769e-02   3.929827e-03   1.284070e-03   1.879770e-02   3.929823e-03   1.109726e-03   1.217690e-03   4.784222e-09   9.296813e-06   1.666652e-06   5.806020e-04   2.400000e+10   2.551562e-04   1.275781e-04   2.239055e-04   1.284070e-03   1.879769e-02   3.929825e-03   3.595084e-05   4.009628e-05  -2.494083e-04   3.723223e-05  -1.211784e-04  -1.434366e-05   2.120297e-05   1.226489e+00   1.408974e-01   1.571440e-01  -9.774731e-01
              2             46   1.060106e-03   1.805201e-02   3.158560e-03   1.060106e-03   1.805201e-02   3.158560e-03   1.401854e-03   1.357355e-03   1.387058e-09   6.984692e-06   9.780320e-07   6.896226e-04   2.400000e+10   4.341079e-05   2.170540e-05   8.692285e-06   1.060106e-03   1.805201e-02   3.158560e-03   6.761559e-06   4.196135e-05  -8.833085e-06  -1.634440e-05   5.399657e-06   1.322228e-05   2.767850e-05   4.333021e+01   1.557576e-01   9.666110e-01  -2.034767e-01
             26             24   2.403650e-03   1.800690e-02   1.252868e-03   2.403647e-03   1.800690e-02   1.252867e-03   1.005261e-03   1.246296e-03   3.309157e-09   2.060034e-05   1.356961e-06   5.564386e-04   2.400000e+10   1.436927e-04   7.184634e-05   2.748388e-05   2.403649e-03   1.800690e-02   1.252867e-03  -1.402082e-04  -1.291538e-05  -2.867823e-05  -1.557282e-05   2.049585e-05   6.707685e-05   2.786890e-05   5.183730e+00  -9.757504e-01  -8.988200e-02  -1.995803e-01
             26             38   1.781034e-03   1.698589e-02   8.923061e-04   1.781032e-03   1.698589e-02   8.923064e-04   1.170593e-03   9.682128e-04   2.625749e-09   2.394819e-05   1.179585e-06   5.299139e-04   2.400000e+10   9.911339e-05   4.955670e-05  -8.643050e-06   1.781033e-03   1.698589e-02   8.923062e-04  -7.286825e-05   6.575329e-05   1.379084e-05  -6.254890e-06  -1.669796e-05   4.623765e-05   1.704043e-05   4.292478e-01  -7.352009e-01   6.634148e-01   1.391421e-01
             50             24   4.093225e-03   1.875569e-02   2.916104e-03   4.093224e-03   1.875569e-02   2.916107e-03   8.712609e-04   2.048047e-03   2.874380e-09   5.977556e-06   1.325489e-06   6.112350e-04   2.400000e+10   1.219187e-04   6.095935e-05  -8.486971e-05   4.093224e-03   1.875569e-02   2.916105e-03  -1.028799e-05   2.673725e-05   1.185050e-04  -3.610362e-05   4.713687e-05  -1.380894e-05   2.819781e-05   7.678929e-01  -8.438401e-02   2.193039e-01   9.720006e-01
             66             98   8.219893e-03   1.767820e-02   3.959597e-03   8.219893e-03   1.767820e-02   3.959597e-03   2.812052e-03   1.066680e-03   3.369841e-11   2.080853e-08   1.614316e-07   7.733353e-04   2.400000e+10   1.740797e-07   8.703983e-08  -1.886933e-07   8.219893e-03   1.767820e-02   3.959597e-03  -4.754464e-08  -1.870608e-09  -1.674507e-07   2.226418e-08   8.382877e-08  -7.278500e-09   1.206346e-04   4.578238e+01  -2.731200e-01  -1.074570e-02  -9.619199e-01
             66            128   9.002937e-03   1.619170e-02   9.332865e-04   9.002937e-03   1.619170e-02   9.332866e-04   1.474728e-03   7.290734e-04   3.845607e-11   4.090370e-09   1.369739e-07   4.878774e-04   2.400000e+10   1.685593e-07   8.424698e-08   2.521856e-09   9.002937e-03   1.619170e-02   9.332865e-04  -1.228595e-07   9.011047e-08   7.209628e-08   9.196578e-09  -4.418374e-08   7.113912e-08   5.519599e-05   2.578235e+01  -7.288803e-01   5.345921e-01   4.277206e-01
             98            202   7.861631e-03   1.652492e-02   5.214478e-03   7.861631e-03   1.652492e-02   5.214478e-03   1.512660e-03   1.898499e-03   5.406181e-11   5.606956e-09   2.133390e-07   8.418793e-04   2.400000e+10   3.690717e-07   1.844872e-07  -1.742627e-08   7.861631e-03   1.652492e-02   5.214478e-03   2.099819e-07   2.836052e-07   1.081185e-07  -2.851218e-08   8.339957e-08  -1.620713e-07   7.028592e-05   5.978459e+01   5.689461e-01   7.684284e-01   2.929472e-01
             98            108   1.018487e-02   1.832205e-02   5.424611e-03   1.018487e-02   1.832205e-02   5.424611e-03   1.348345e-03   1.529093e-03   8.970843e-13   4.682090e-09   2.535310e-08   7.165211e-04   2.400000e+10   6.529015e-22   3.264507e-22   1.507345e-23   1.018487e-02   1.832205e-02   5.424611e-03  -6.287265e-22  -1.753742e-22  -1.507345e-23  -8.703923e-23   3.146231e-22  -2.561733e-24   2.695087e-02   9.933056e+13  -8.638680e-13  -2.409635e-13  -2.071086e-14
            138            105   1.010329e-03   1.503250e-02   4.599958e-03   1.010329e-03   1.503250e-02   4.599958e-03   1.176729e-03   1.014955e-03   1.103363e-11   1.100676e-07   7.754108e-08   5.449357e-04   2.400000e+10   2.737790e-08   1.368895e-08  -5.631350e-06   1.010329e-03   1.503250e-02   4.599958e-03   2.011949e-10  -2.549395e-08   9.978352e-09   1.986697e-09  -7.135131e-09  -1.151218e-08   5.350771e-05   2.227930e-01   7.348807e-03  -9.311872e-01   3.644674e-01
            138            101   1.343344e-03   1.406921e-02   4.995542e-03   1.343344e-03   1.406921e-02   4.995542e-03   1.203900e-03   2.568856e-03   2.590223e-10   1.268226e-09   4.607914e-07   8.197314e-04   2.400000e+10   3.819368e-06   1.909684e-06  -2.234495e-07   1.343344e-03   1.406921e-02   4.995542e-03  -2.520127e-06   2.867436e-06   1.197597e-07   1.021099e-06   9.603537e-07  -1.296908e-06   3.009361e-05   4.119477e+00  -6.598283e-01   7.507619e-01   3.135588e-02
            202            216   6.977271e-03   1.493920e-02   5.491246e-03   6.977271e-03   1.493920e-02   5.491246e-03   1.709113e-03   1.896715e-03   6.868807e-11   1.264048e-08   2.484990e-07   8.990168e-04   2.400000e+10   5.462053e-07   1.074144e-07   1.635944e-08   6.977271e-03   1.493920e-02   5.491246e-03   1.727219e-07   5.129973e-07  -7.308318e-08   9.898402e-08  -3.602433e-08  -2.103026e-08   6.870845e-05   5.616842e+01   3.162215e-01   9.392024e-01  -1.338017e-01
            210            216   5.050127e-03   1.274283e-02   5.990040e-03   5.050127e-03   1.274283e-02   5.990040e-03   1.032911e-03   2.162994e-03   1.123194e-10   1.806435e-08   2.802139e-07   6.990761e-04   2.400000e+10   1.007151e-06   5.035755e-07   8.099731e-08   5.050127e-03   1.274283e-02   5.990040e-03  -7.845845e-07  -2.634906e-07   5.738928e-07   5.618754e-08  -4.794114e-07  -1.435127e-07   6.470347e-05   1.329653e+01  -7.790138e-01  -2.616197e-01   5.698180e-01
            210            190   4.940089e-03   1.165807e-02   6.172043e-03   4.940089e-03   1.165807e-02   6.172043e-03   1.107732e-03   1.012834e-03   9.264836e-11   1.019301e-08   2.214010e-07   5.290799e-04   2.400000e+10   6.563979e-07   3.281990e-07  -2.084160e-07   4.940089e-03   1.165807e-02   6.172043e-03  -3.949780e-07   4.693321e-07   2.336195e-07   2.140241e-07   2.289636e-07  -9.738548e-08   5.817406e-05   1.503205e+02  -6.017355e-01   7.150115e-01   3.559114e-01
             24             96   4.476086e-03   1.723592e-02   1.244610e-03   4.476084e-03   1.723592e-02   1.244611e-03   2.527241e-03   1.016155e-03   4.686201e-09   1.681241e-05   1.842909e-06   7.247478e-04   2.400000e+10   2.763598e-04   1.381799e-04  -6.201158e-05   4.476085e-03   1.723592e-02   1.244611e-03  -1.141364e-04   2.414949e-04   7.090710e-05   1.074663e-05  -3.402510e-05   1.334934e-04   2.391396e-05   1.054019e+00  -4.129992e-01   8.738425e-01   2.565753e-01
             46             86   1.584672e-03   1.589736e-02   2.880140e-03   1.584671e-03   1.589736e-02   2.880141e-03   1.011247e-03   1.969223e-03   1.453146e-09   1.145458e-07   9.853451e-07   6.681399e-04   2.400000e+10   4.581922e-05   1.361066e-05  -1.777975e-05   1.584672e-03   1.589736e-02   2.880140e-03  -1.335326e-05   3.995141e-05   1.802708e-05   1.080607e-06   5.837413e-06  -1.224774e-05   3.450470e-05   4.462926e+01  -2.914336e-01   8.719358e-01   3.934392e-01
             46            105   1.159885e-03   1.629306e-02   4.240522e-03   1.159885e-03   1.629306e-02   4.240522e-03   1.324978e-03   1.183256e-03   1.942072e-10   2.650902e-07   3.484113e-07   6.250566e-04   2.400000e+10   2.165247e-06   1.082624e-06   2.421680e-06   1.159885e-03   1.629306e-02   4.240522e-03   5.874074e-07   1.549040e-06  -1.394174e-06   2.180262e-07   6.625544e-07   8.279856e-07   3.135443e-05   6.609753e+00   2.712888e-01   7.154105e-01  -6.438868e-01
             38             86   2.502887e-03   1.597754e-02   1.187962e-03   2.502887e-03   1.597754e-02   1.187962e-03   7.324947e-04   1.857382e-03   1.089554e-09   2.013317e-05   7.565501e-07   5.253232e-04   2.400000e+10   2.637767e-05   1.318883e-05  -4.363011e-06   2.502887e-03   1.597754e-02   1.187962e-03   3.575746e-06   2.239645e-05  -1.346827e-05  -7.271553e-06   6.501398e-06   8.877030e-06   2.328771e-05   3.015449e-01   1.355596e-01   8.490688e-01  -5.105936e-01
             49             96   4.775296e-03   1.631047e-02   1.830991e-03   4.775296e-03   1.631047e-02   1.830991e-03   1.296908e-03   1.880623e-03   1.460134e-10   2.571421e-08   3.347781e-07   7.675757e-04   2.400000e+10   1.564227e-06   7.821137e-07  -7.082636e-07   4.775296e-03   1.631047e-02   1.830991e-03  -3.022280e-07   1.075238e-07   1.530981e-06  -2.778418e-07  -7.310910e-07  -3.415924e-09   3.198649e-05   1.348163e+01  -1.932123e-01   6.873921e-02   9.787461e-01
             49             94   4.900518e-03   1.553267e-02   2.458776e-03   4.900518e-03   1.553267e-02   2.458776e-03   6.285560e-04   2.016453e-03   1.671434e-10   7.641434e-08   2.830070e-07   4.791869e-04   2.400000e+10   1.513688e-06   7.568441e-07  -1.895208e-08   4.900518e-03   1.553267e-02   2.458776e-03  -3.869796e-07   1.462454e-06   5.220771e-08   4.758550e-07   1.464535e-07  -5.700231e-07   3.734414e-05   5.621947e+00  -2.556534e-01   9.661531e-01   3.449040e-02
             10             86   2.812021e-03   1.339526e-02   8.398700e-04   2.812023e-03   1.339526e-02   8.398691e-04   6.922094e-04   1.880066e-03   2.368247e-09   1.346865e-07   1.094612e-06   5.059331e-04   2.400000e+10   8.295394e-05   3.772531e-05   2.769767e-05   2.812022e-03   1.339526e-02   8.398695e-04   4.197069e-05  -6.565977e-05  -2.843610e-05  -1.269849e-05   6.941431e-06  -3.483911e-05   1.936045e-05   5.556849e+00   5.059517e-01  -7.915208e-01  -3.427938e-01
            102             41   3.894608e-03   1.103605e-02   1.686437e-03   3.894608e-03   1.103605e-02   1.686437e-03   9.593441e-04   1.076336e-03   4.609334e-10   2.590476e-07   4.835323e-07   5.072392e-04   2.400000e+10   7.132038e-06   3.566019e-06  -1.866824e-07   3.894608e-03   1.103605e-02   1.686437e-03  -1.841551e-06   6.578597e-06   2.048591e-06  -3.442592e-06  -9.187863e-07  -1.445267e-07   4.668643e-05   2.726239e+00  -2.582083e-01   9.224006e-01   2.872378e-01
            126            134   7.058575e-04   1.556753e-02   7.994773e-03   7.058575e-04   1.556753e-02   7.994773e-03   6.522008e-04   1.284286e-03   9.980586e-12   5.426935e-08   6.570407e-08   4.325422e-04   2.400000e+10   2.094375e-19   1.047187e-19   1.643188e-19   7.058575e-04   1.556753e-02   7.994773e-03  -3.713463e-20  -1.244363e-19  -1.643188e-19  -8.447743e-20   5.096362e-20  -3.510392e-20   4.920655e-03   1.855597e+11  -1.769623e-12  -5.929921e-12  -7.830490e-12
            126            238   7.472491e-04   1.439487e-02   6.926460e-03   7.472491e-04   1.439487e-02   6.926460e-03   6.736797e-04   8.695919e-04   4.967374e-11   5.680641e-11   1.373178e-07   3.796003e-04   2.400000e+10   2.182748e-07   6.677274e-08  -6.732661e-08   7.472491e-04   1.439487e-02   6.926460e-03  -1.064382e-08   1.864930e-07   1.129201e-07  -5.897372e-08  -1.861367e-08   2.518393e-08   4.020859e-05   3.443928e+01  -4.876341e-02   8.543956e-01   5.173300e-01
            118             17   1.176127e-03   1.117649e-02   1.793381e-03   1.176127e-03   1.117649e-02   1.793381e-03   1.252993e-03   1.815689e-03   2.305686e-11   3.676402e-07   1.307432e-07   7.413755e-04   2.400000e+10   9.646490e-08   4.823245e-08   5.892840e-08   1.176127e-03   1.117649e-02   1.793381e-03  -2.984388e-08   9.007417e-08   1.736274e-08  -3.575032e-08  -5.740967e-09  -3.186417e-08   5.494288e-05   1.732783e+01  -3.093755e-01   9.337507e-01   1.799903e-01
            134            246   1.381345e-03   1.611829e-02   1.014663e-02   1.381345e-03   1.611829e-02   1.014663e-02   1.016556e-03   9.784983e-04   4.276283e-12   2.992000e-09   4.617443e-08   4.985821e-04   2.400000e+10   2.701995e-20   1.350997e-20   2.499524e-20   1.381345e-03   1.611829e-02   1.014663e-02  -9.171965e-21  -4.603359e-21  -2.499524e-20  -1.675134e-21  -1.323935e-20   2.105431e-21   9.998632e-03   5.005015e+12  -1.451591e-12  -7.285457e-13  -3.955844e-12
            101            238   1.015852e-03   1.349353e-02   6.029586e-03   1.015852e-03   1.349353e-02   6.029586e-03   1.684410e-03   1.170073e-03   4.173571e-11   1.295750e-10   1.697542e-07   6.904516e-04   2.400000e+10   2.267140e-07   9.436653e-08   7.649098e-08   1.015852e-03   1.349353e-02   6.029586e-03   1.198014e-07  -1.020805e-07  -1.631760e-07  -7.129469e-08  -2.059458e-08  -5.829213e-08   4.958110e-05   6.672269e+01   5.284255e-01  -4.502611e-01  -7.197440e-01
            101            145   2.610626e-03   1.077008e-02   4.139770e-03   2.610626e-03   1.077008e-02   4.139770e-03   2.110188e-03   1.015441e-03   1.337653e-10   5.907453e-09   3.028244e-07   6.855487e-04   2.400000e+10   1.296237e-06   4.090141e-07  -3.648377e-07   2.610626e-03   1.077008e-02   4.139770e-03  -5.900581e-07   1.125142e-06   2.571313e-07   2.096875e-07   4.094662e-08   3.487794e-07   8.807870e-05   4.070385e+01  -4.552085e-01   8.680066e-01   1.983675e-01
            216            248   8.104981e-03   1.172294e-02   4.912175e-03   8.104981e-03   1.172294e-02   4.912175e-03   1.381156e-03   7.135257e-04   5.995140e-11   2.542677e-08   1.679449e-07   4.704726e-04   2.400000e+10   3.221930e-07   1.610965e-07   5.429994e-09   8.104981e-03   1.172294e-02   4.912175e-03  -1.924907e-07   2.580050e-07  -1.375105e-08   1.286921e-07   9.651464e-08   8.681056e-09   8.357743e-05   4.191764e+01  -5.974391e-01   8.007778e-01  -4.267955e-02
            248            158   8.114669e-03   1.029379e-02   4.542418e-03   8.114669e-03   1.029379e-02   4.542418e-03   1.537944e-03   1.297494e-03   7.585314e-11   1.853143e-08   2.310466e-07   7.037619e-04   2.400000e+10   5.608197e-07   2.804098e-07  -3.392644e-08   8.114669e-03   1.029379e-02   4.542418e-03   4.489603e-07   1.496963e-07   3.009058e-07  -4.505869e-08   2.686690e-07  -6.645561e-08   6.753884e-05   3.320309e+01   8.005431e-01   2.669241e-01   5.365465e-01
            248            253   8.483823e-03   1.009124e-02   6.085819e-03   8.483823e-03   1.009124e-02   6.085819e-03   1.579402e-03   1.447991e-03   1.849234e-11   3.235242e-09   1.181927e-07   7.554221e-04   2.400000e+10   6.994113e-08   3.496791e-08   8.372508e-09   8.483823e-03   1.009124e-02   6.085819e-03   4.774139e-08   1.691330e-08  -4.823340e-08  -1.464387e-08   3.156485e-08  -3.460105e-09   7.962029e-05   1.923706e+02   6.825940e-01   2.418220e-01  -6.896285e-01
            190            249   5.513704e-03   9.406901e-03   5.686398e-03   5.513704e-03   9.406901e-03   5.686398e-03   1.108323e-03   9.734197e-04   1.067483e-10   1.325850e-08   2.352069e-07   5.182501e-04   2.400000e+10   8.034538e-07   4.017269e-07   1.159542e-07   5.513704e-03   9.406901e-03   5.686398e-03   5.109665e-08   7.886897e-07  -1.445539e-07  -2.757007e-07   7.017597e-08   2.836353e-07   3.816103e-05   4.485066e+01   6.359624e-02   9.816241e-01  -1.799156e-01
            217            249   5.447061e-03   8.884877e-03   6.886214e-03   5.447061e-03   8.884877e-03   6.886214e-03   2.256557e-03   8.133651e-04   5.600250e-11   7.887482e-09   1.829810e-07   5.978669e-04   2.400000e+10   3.279166e-07   1.639583e-07  -1.530437e-08   5.447061e-03   8.884877e-03   6.886214e-03  -6.860468e-08   8.552464e-08   3.090441e-07  -3.779216e-08   1.514776e-07  -5.008613e-08   4.735246e-05   1.845095e+01  -2.092138e-01   2.608122e-01   9.424471e-01
            294            346   8.030612e-03   1.137418e-02   1.077539e-02   8.030612e-03   1.137418e-02   1.077539e-02   2.426492e-03   2.702192e-03   9.204052e-12   9.361983e-09   1.084761e-07   1.278466e-03   2.400000e+10   2.940642e-19   1.470321e-19   1.955541e-19   8.030612e-03   1.137418e-02   1.077539e-02  -1.878557e-19  -1.137656e-19  -1.955541e-19  -9.857431e-20  -2.185206e-20   1.068833e-19   9.709193e-03   2.066844e+14  -5.879783e-12  -3.560801e-12  -6.120738e-12
            392            162   7.842246e-03   1.862946e-02   1.577462e-02   7.842246e-03   1.862946e-02   1.577462e-02   8.159368e-04   2.283265e-03   1.750607e-11   1.073675e-08   1.025831e-07   6.011225e-04   2.400000e+10   5.746645e-08   2.873322e-08  -3.175585e-08   7.842246e-03   1.862946e-02   1.577462e-02  -1.981782e-08   3.247105e-08   4.307293e-08   1.595748e-08   2.202466e-08  -9.266678e-09   6.324230e-05   2.860788e+02  -3.448590e-01   5.650436e-01   7.495318e-01
            418            450   1.097847e-02   1.287864e-02   1.617407e-02   1.097847e-02   1.287864e-02   1.617407e-02   1.893358e-03   1.227600e-03   1.000156e-11   2.174580e-07   8.630476e-08   7.447350e-04   2.400000e+10   2.762183e-08   1.471922e-10  -2.113222e-09   1.097847e-02   1.287864e-02   1.617407e-02  -1.852744e-08   2.038184e-08   2.068768e-09   8.637769e-12  -7.045298e-12   1.467695e-10   1.165883e-04   1.698162e+04  -6.707537e-01   7.378889e-01   7.489611e-02
            453            473   5.789754e-03   1.062402e-02   1.676354e-02   5.789754e-03   1.062402e-02   1.676354e-02   8.995332e-04   1.645794e-03   9.760497e-12   2.111549e-08   7.534605e-08   5.816330e-04   2.400000e+10   2.296965e-19   1.148482e-19   6.279424e-20   5.789754e-03   1.062402e-02   1.676354e-02   2.089192e-19   7.190365e-20  -6.279424e-20   2.004404e-20  -3.807447e-20   1.064833e-19   4.950838e-03   5.102348e+12   8.877607e-12   3.055403e-12  -2.668317e-12
            438            350   1.005903e-03   1.057517e-02   1.441817e-02   1.005903e-03   1.057517e-02   1.441817e-02   1.027727e-03   2.990586e-03   2.096406e-11   2.302263e-10   1.266289e-07   7.648745e-04   2.400000e+10   8.494896e-08   4.247448e-08  -5.149005e-08   1.005903e-03   1.057517e-02   1.441817e-02  -4.640122e-08  -3.241552e-08   6.334420e-08  -3.559404e-08   8.596140e-09  -2.152330e-08   5.692187e-05   3.802404e+02  -5.462246e-01  -3.815881e-01   7.456736e-01
            350            254   1.613917e-03   1.296391e-02   1.307027e-02   1.613917e-03   1.296391e-02   1.307027e-02   1.590727e-03   1.703276e-03   9.362874e-12   2.002163e-10   8.775723e-08   8.225392e-04   2.400000e+10   2.461791e-19   1.230896e-19  -5.590680e-20   1.613917e-03   1.296391e-02   1.307027e-02   2.377593e-20  -2.385651e-19   5.590680e-20  -5.690985e-20   3.947771e-20   1.017537e-19   1.076392e-02   9.993811e+13   9.042643e-13  -9.073291e-12   2.126290e-12
            246             54   2.190780e-03   1.742445e-02   1.082962e-02   2.190780e-03   1.742445e-02   1.082962e-02   1.537420e-03   1.921887e-03   3.180010e-11   5.322777e-07   1.648086e-07   8.541443e-04   2.400000e+10   1.677097e-07   8.385487e-08   9.042306e-09   2.190780e-03   1.742445e-02   1.082962e-02  -7.005980e-08  -1.205362e-07   9.321593e-08  -7.204301e-08   9.529343e-09  -4.184060e-08   8.647238e-05   9.717924e+01  -4.177443e-01  -7.187191e-01   5.558170e-01
            246            134   1.381345e-03   1.611829e-02   1.014663e-02   1.381345e-03   1.611829e-02   1.014663e-02   9.784983e-04   1.016556e-03   4.276283e-12   2.992000e-09   4.617443e-08   4.985821e-04   2.400000e+10   2.701995e-20   1.350997e-20  -2.499524e-20   1.381345e-03   1.611829e-02   1.014663e-02   9.171965e-21   4.603359e-21   2.499524e-20   1.675134e-21   1.323935e-20  -2.105431e-21   9.998632e-03   5.005015e+12   1.451591e-12   7.285457e-13   3.955844e-12
              3             43   1.787499e-02   2.178612e-03   2.153931e-03   1.787500e-02   2.178620e-03   2.153938e-03   1.427718e-03   2.521843e-03   1.319004e-08   3.181322e-08   3.467599e-06   9.116155e-04   2.400000e+10   1.463608e-03   3.996752e-04  -8.253112e-04   1.787500e-02   2.178616e-03   2.153935e-03   8.795003e-04   8.383768e-04   8.159367e-04   3.131090e-04  -2.234350e-04  -1.085350e-04   2.263147e-05   5.436982e+00   6.009124e-01   5.728150e-01   5.574830e-01
              3             51   1.860914e-02   3.943114e-03   4.415219e-03   1.860914e-02   3.943114e-03   4.415219e-03   1.600459e-03   2.037671e-03   1.881726e-10   4.769661e-09   4.107034e-07   8.963970e-04   2.400000e+10   2.473060e-06   1.236530e-06  -4.839594e-06   1.860914e-02   3.943114e-03   4.415219e-03   3.045005e-07  -1.878429e-06  -1.579496e-06   1.225303e-06   1.571682e-07   5.419136e-08   6.576019e-05   3.509430e+00   1.231270e-01  -7.595567e-01  -6.386810e-01
             19             27   1.661504e-02   6.693552e-03   2.021408e-03   1.661505e-02   6.693552e-03   2.021408e-03   2.628247e-03   2.229772e-03   6.220087e-10   4.772101e-06   8.662275e-07   1.206334e-03   2.400000e+10   1.724163e-05   8.620817e-06  -2.489800e-07   1.661505e-02   6.693552e-03   2.021408e-03   1.323429e-05  -1.103547e-05   5.882247e-07   5.512884e-06   6.618655e-06  -3.464258e-07   4.973904e-05   7.883728e+00   7.675775e-01  -6.400475e-01   3.411653e-02
             27             99   1.523422e-02   6.139272e-03   1.781995e-03   1.523422e-02   6.139272e-03   1.781995e-03   1.095596e-03   1.707093e-03   7.606433e-10   2.677023e-06   7.124541e-07   6.673178e-04   2.400000e+10   1.734155e-05   8.670775e-06  -2.008737e-06   1.523422e-02   6.139272e-03   1.781995e-03   4.671118e-06   1.641786e-05   3.060052e-06   8.349212e-06  -2.246580e-06  -6.525851e-07   3.846139e-05   4.111785e+00   2.693599e-01   9.467354e-01   1.764578e-01
             27             72   1.494958e-02   8.729759e-03   1.998361e-03   1.494958e-02   8.729759e-03   1.998361e-03   2.415253e-03   2.420220e-03   9.020890e-11   5.804875e-09   3.302280e-07   1.208867e-03   2.400000e+10   9.532643e-07   3.873984e-07   1.136187e-07   1.494958e-02   8.729759e-03   1.998361e-03   7.520026e-07  -5.830136e-07  -5.744601e-08  -2.375776e-07  -3.057311e-07  -1.276305e-08   7.333651e-05   5.120455e+01   7.888711e-01  -6.115970e-01  -6.026241e-02
             27            127   1.530539e-02   6.453906e-03   3.010188e-03   1.530539e-02   6.453906e-03   3.010187e-03   9.489562e-04   1.211190e-03   1.390712e-10   8.252733e-08   2.720234e-07   5.320780e-04   2.400000e+10   1.210580e-06   6.052901e-07  -4.781061e-07   1.530539e-02   6.453906e-03   3.010187e-03   3.035453e-07   8.229135e-07  -8.343727e-07   5.493488e-07  -2.498559e-07  -4.651853e-08   8.080237e-05   8.938012e+00   2.507437e-01   6.797679e-01  -6.892338e-01
             43             55   1.563052e-02   1.266776e-03   2.392057e-03   1.563053e-02   1.266777e-03   2.392055e-03   1.601007e-03   1.496528e-03   3.878185e-09   1.881210e-05   1.731989e-06   7.735027e-04   2.400000e+10   2.149432e-04   1.074716e-04   7.232089e-05   1.563052e-02   1.266776e-03   2.392056e-03   1.811143e-04   5.165730e-05  -1.035843e-04  -1.736466e-05   1.038819e-04   2.138137e-05   2.466782e-05   8.042382e-01   8.426147e-01   2.403300e-01  -4.819149e-01
             43             31   1.581988e-02   1.293975e-03   9.429805e-04   1.581989e-02   1.293979e-03   9.429841e-04   2.466630e-03   9.090792e-04   1.030286e-08   5.832803e-06   2.616069e-06   6.642639e-04   2.400000e+10   8.624955e-04   4.312477e-04  -2.924880e-04   1.581988e-02   1.293977e-03   9.429823e-04   7.281768e-04   3.535750e-04   2.977276e-04  -1.916531e-04   3.861782e-04   1.049238e-05   1.228277e-05   1.570362e+00   8.442674e-01   4.099441e-01   3.451932e-01
             67             99   1.401726e-02   5.270706e-03   1.685658e-03   1.401726e-02   5.270706e-03   1.685658e-03   1.008999e-03   1.441611e-03   6.369923e-10   3.865434e-07   6.148928e-07   5.935601e-04   2.400000e+10   1.253382e-05   6.000273e-06   5.360622e-07   1.401726e-02   5.270706e-03   1.685658e-03  -1.217071e-05  -2.952710e-06  -5.020748e-07   1.444367e-06  -5.819337e-06  -2.288871e-07   3.490755e-05   2.082889e+01  -9.710292e-01  -2.355794e-01  -4.005759e-02
             67             87   1.230544e-02   3.805713e-03   1.644951e-03   1.230544e-02   3.805714e-03   1.644951e-03   1.053174e-03   1.369693e-03   1.047981e-09   4.944160e-06   7.899028e-07   5.953795e-04   2.400000e+10   2.648970e-05   1.324485e-05   4.977934e-06   1.230544e-02   3.805713e-03   1.644951e-03   7.880014e-06   2.482966e-05  -4.806025e-06   7.385511e-06  -4.307541e-06  -1.011560e-05   3.652722e-05   2.616923e+01   2.974746e-01   9.373324e-01  -1.814299e-01
             83            135   1.490434e-02   2.180905e-03   4.935172e-03   1.490434e-02   2.180905e-03   4.935172e-03   1.271583e-03   1.523957e-03   6.501351e-11   1.012023e-08   2.122891e-07   6.931890e-04   2.400000e+10   4.416530e-07   2.384341e-08   2.044293e-09   1.490434e-02   2.180905e-03   4.935172e-03   4.231989e-07  -1.210719e-07   3.607927e-08  -6.151034e-09  -1.691046e-08   1.564320e-08   1.004730e-04   4.742366e+01   9.582157e-01  -2.741335e-01   8.169144e-02
            115            127   1.367035e-02   6.096439e-03   3.160322e-03   1.367035e-02   6.096439e-03   3.160322e-03   9.512711e-04   1.109867e-03   3.371854e-10   1.162900e-07   4.155932e-07   5.122336e-04   2.400000e+10   4.484224e-06   2.238396e-06   1.767199e-07   1.367035e-02   6.096439e-03   3.160322e-03  -2.877951e-06   1.757650e-06  -2.955728e-06  -1.648579e-06  -1.678363e-07   1.504804e-06   5.035808e-05   3.853182e+00  -6.417946e-01   3.919631e-01  -6.591393e-01
            163            251   1.815393e-02   1.642434e-03   9.738302e-03   1.815393e-02   1.642434e-03   9.738302e-03   1.731573e-03   1.592195e-03   1.190312e-10   1.651849e-08   3.142199e-07   8.294809e-04   2.400000e+10   1.196863e-06   5.662244e-07   1.089950e-06   1.815393e-02   1.642434e-03   9.738302e-03   5.755426e-07  -1.000627e-06  -3.161945e-07   4.760721e-07   2.975266e-07  -7.377956e-08   5.791440e-05   8.072581e+00   4.808758e-01  -8.360408e-01  -2.641859e-01
            187            251   1.698410e-02   3.455245e-03   7.945887e-03   1.698410e-02   3.455245e-03   7.945887e-03   9.462610e-04   9.941986e-04   3.722906e-12   2.643963e-10   4.248453e-08   4.848188e-04   2.400000e+10   1.884278e-20   9.421389e-21   1.798993e-20   1.698410e-02   3.455245e-03   7.945887e-03  -4.967655e-21   2.595184e-21  -1.798993e-20   6.447475e-22  -9.100666e-21  -2.350476e-21   1.265147e-02   2.206759e+11  -9.814961e-13   5.127496e-13  -3.554403e-12
            227            183   1.246303e-02   4.918437e-03   3.869896e-03   1.246303e-02   4.918437e-03   3.869896e-03   6.487756e-04   1.243265e-03   1.173753e-10   2.985370e-06   2.236930e-07   4.263123e-04   2.400000e+10   8.401930e-07   4.200965e-07  -8.424522e-09   1.246303e-02   4.918437e-03   3.869896e-03   7.144640e-08   4.275721e-08   8.360571e-07  -2.225209e-07  -3.543455e-07   3.748027e-08   3.150330e-05   4.485516e+00   8.503570e-02   5.088975e-02   9.950775e-01
             55             87   1.349763e-02   1.312103e-03   2.118981e-03   1.349763e-02   1.312103e-03   2.118981e-03   8.125132e-04   2.107903e-03   1.361040e-09   5.490382e-06   8.934157e-07   5.864572e-04   2.400000e+10   3.891118e-05   1.945559e-05  -1.094669e-05   1.349763e-02   1.312103e-03   2.118981e-03   3.334814e-05  -1.021837e-05   1.725012e-05   9.345672e-06   1.394547e-05  -9.833736e-06   3.434604e-05   1.430841e+00   8.570322e-01  -2.626076e-01   4.433205e-01
             87            143   1.161116e-02   1.256478e-03   2.713176e-03   1.161116e-02   1.256478e-03   2.713175e-03   1.873374e-03   8.052896e-04   1.461411e-09   3.713797e-08   9.072258e-07   5.631946e-04   2.400000e+10   4.242655e-05   2.121327e-05   2.693817e-05   1.161116e-02   1.256478e-03   2.713176e-03   3.045363e-05   1.097177e-05  -2.742643e-05   1.265523e-06   1.913873e-05   9.061488e-06   3.408362e-05   2.690216e+01   7.177965e-01   2.586061e-01  -6.464449e-01
             87             71   1.105414e-02   2.079778e-03   1.447361e-03   1.105414e-02   2.079778e-03   1.447361e-03   2.506628e-03   1.312459e-03   6.232632e-10   5.011273e-09   7.327298e-07   8.614225e-04   2.400000e+10   1.461387e-05   1.192301e-06  -1.740662e-06   1.105414e-02   2.079778e-03   1.447361e-03   1.448201e-05  -2.304554e-07   1.945144e-06   1.595128e-07   4.929336e-08  -1.180553e-06   4.923289e-05   2.514821e+01   9.909768e-01  -1.576963e-02   1.331025e-01
             72            168   1.356513e-02   9.777466e-03   3.300610e-03   1.356513e-02   9.777466e-03   3.300610e-03   1.962855e-03   1.954374e-03   3.985171e-11   7.459047e-11   1.975522e-07   9.793026e-04   2.400000e+10   2.519294e-07   1.259647e-07   6.326103e-07   1.356513e-02   9.777466e-03   3.300610e-03   7.926987e-08  -9.493647e-08  -2.194807e-07   1.120532e-07  -3.394038e-08   4.646773e-08   1.041531e-04   6.919638e+01   3.146511e-01  -3.768376e-01  -8.711993e-01
            299            319   1.192889e-02   7.012256e-03   9.395949e-03   1.192889e-02   7.012256e-03   9.395949e-03   1.716211e-03   1.674272e-03   1.840203e-11   1.550332e-08   1.248822e-07   8.474910e-04   2.400000e+10   7.353872e-08   3.676936e-08  -2.362594e-08   1.192889e-02   7.012256e-03   9.395949e-03   1.804267e-08   3.407339e-08  -6.262116e-08   1.651405e-08   2.663133e-08   1.923653e-08   1.309975e-04   2.206684e+02   2.453492e-01   4.633394e-01  -8.515400e-01
            215            201   8.806255e-03   4.440200e-03   5.261513e-03   8.806255e-03   4.440200e-03   5.261513e-03   1.525258e-03   1.304056e-03   1.337161e-10   5.510577e-10   3.065992e-07   7.030049e-04   2.400000e+10   1.311912e-06   1.114403e-07  -2.208482e-08   8.806255e-03   4.440200e-03   5.261513e-03   1.186351e-06  -5.571774e-07   5.690048e-08  -2.236862e-08  -6.859187e-08  -8.493369e-08   8.360415e-05   3.397988e+01   9.042916e-01  -4.247064e-01   4.337218e-02
            239            263   1.159843e-02   2.339209e-03   7.514334e-03   1.159843e-02   2.339210e-03   7.514334e-03   1.309434e-03   6.383799e-04   1.457797e-10   9.369793e-10   2.501244e-07   4.291561e-04   2.400000e+10   1.166818e-06   5.834089e-07   1.235117e-07   1.159843e-02   2.339210e-03   7.514334e-03   1.070993e-06   3.928521e-07   2.451620e-07  -1.530496e-07   7.189468e-08   5.583663e-07   3.700556e-05   2.747897e+00   9.178753e-01   3.366867e-01   2.101117e-01
            279            295   9.424702e-03   3.299555e-03   8.336959e-03   9.424702e-03   3.299555e-03   8.336959e-03   1.485230e-03   1.067637e-03   9.559245e-11   7.983669e-09   2.436724e-07   6.211394e-04   2.400000e+10   7.453837e-07   3.726919e-07  -2.754871e-08   9.424702e-03   3.299555e-03   8.336959e-03   2.127082e-07   7.140048e-07   2.343729e-08   3.529001e-07  -1.049572e-07   5.783377e-08   6.576582e-05   1.067718e+02   2.853674e-01   9.579023e-01   3.144326e-02
            279            259   9.114885e-03   6.098006e-03   7.850755e-03   9.114885e-03   6.098006e-03   7.850755e-03   1.261947e-03   1.365085e-03   1.658145e-11   3.119195e-09   1.042747e-07   6.557457e-04   2.400000e+10   5.532885e-08   2.766442e-08  -5.352453e-08   9.114885e-03   6.098006e-03   7.850755e-03   3.106716e-08  -3.388190e-08   3.079171e-08  -1.001732e-08   1.123955e-08   2.320875e-08   1.005342e-04   2.642732e+02   5.615003e-01  -6.123731e-01   5.565218e-01
            279            319   1.106196e-02   5.436360e-03   9.251501e-03   1.106196e-02   5.436360e-03   9.251501e-03   1.991075e-03   1.153763e-03   6.781097e-11   8.585498e-09   2.225630e-07   7.304762e-04   2.400000e+10   4.829508e-07   7.572387e-08   1.564184e-07   1.106196e-02   5.436360e-03   9.251501e-03  -2.618117e-07  -2.137358e-07  -3.449828e-07  -3.060889e-09  -6.481010e-08   3.904340e-08   8.933070e-05   7.090804e+01  -5.421084e-01  -4.425623e-01  -7.143228e-01
            263            295   1.003008e-02   1.995925e-03   7.670418e-03   1.003008e-02   1.995925e-03   7.670418e-03   8.753435e-04   1.238219e-03   1.199661e-11   2.998051e-11   7.843495e-08   5.128152e-04   2.400000e+10   3.011050e-08   1.505525e-08   1.035592e-07   1.003008e-02   1.995925e-03   7.670418e-03   2.542068e-08   5.382879e-10  -1.612891e-08  -5.493468e-09  -8.765334e-09  -1.093853e-08   6.608308e-05   2.268264e+01   8.442462e-01   1.787708e-02  -5.356573e-01
            319            299   1.192889e-02   7.012256e-03   9.395949e-03   1.192889e-02   7.012256e-03   9.395949e-03   1.674272e-03   1.716211e-03   1.840203e-11   1.550332e-08   1.248822e-07   8.474910e-04   2.400000e+10   7.353872e-08   3.676936e-08   2.362594e-08   1.192889e-02   7.012256e-03   9.395949e-03  -1.804267e-08  -3.407339e-08   6.262116e-08  -1.651405e-08  -2.663133e-08  -1.923653e-08   1.309975e-04   2.206684e+02  -2.453492e-01  -4.633394e-01   8.515400e-01
            319            279   1.106196e-02   5.436360e-03   9.251501e-03   1.106196e-02   5.436360e-03   9.251501e-03   1.153763e-03   1.991075e-03   6.781097e-11   8.585498e-09   2.225630e-07   7.304762e-04   2.400000e+10   4.829508e-07   7.572387e-08  -1.564184e-07   1.106196e-02   5.436360e-03   9.251501e-03   2.618117e-07   2.137358e-07   3.449828e-07   3.060889e-09   6.481010e-08  -3.904340e-08   8.933070e-05   7.090804e+01   5.421084e-01   4.425623e-01   7.143228e-01
            303            375   1.059615e-02   2.621237e-03   1.209034e-02   1.059615e-02   2.621237e-03   1.209034e-02   2.816570e-03   1.777022e-03   1.667867e-11   2.258639e-10   1.348066e-07   1.089584e-03   2.400000e+10   7.194865e-08   3.597433e-08   2.023135e-08   1.059615e-02   2.621237e-03   1.209034e-02   2.413631e-08  -1.389431e-08  -6.634000e-08   3.416595e-08   6.768724e-09   9.001358e-09   9.328608e-05   3.646543e+02   3.354657e-01  -1.931143e-01  -9.220464e-01
            451            432   1.297395e-02   9.426903e-03   1.712058e-02   1.297395e-02   9.426903e-03   1.712058e-02   2.044075e-03   9.845982e-04   8.865749e-12   5.657900e-09   7.675549e-08   6.645130e-04   2.400000e+10   1.930591e-19   9.652955e-20  -3.896467e-20   1.297395e-02   9.426903e-03   1.712058e-02  -1.053125e-19  -1.570441e-19   3.896467e-20  -5.386687e-20   5.052702e-20   6.215572e-20   8.593402e-03   3.400980e+14  -4.836210e-12  -7.211851e-12   1.789353e-12
            448            424   1.097828e-02   1.010099e-02   1.416063e-02   1.097828e-02   1.010099e-02   1.416063e-02   9.694078e-04   7.599448e-04   9.957561e-12   9.165467e-10   6.512969e-08   4.259955e-04   2.400000e+10   2.066498e-19   1.033249e-19   2.242490e-20   1.097828e-02   1.010099e-02   1.416063e-02  -6.099595e-20  -1.961651e-19  -2.242490e-20  -2.972276e-20   9.665939e-21   9.848432e-20   3.980466e-03   9.367761e+13  -2.939132e-12  -9.452350e-12  -1.080559e-12
            351            331   1.651466e-02   4.347462e-03   1.210791e-02   1.651466e-02   4.347462e-03   1.210791e-02   2.075154e-03   1.554831e-03   2.972691e-11   5.143629e-08   1.625509e-07   8.888504e-04   2.400000e+10   1.546283e-07   7.731416e-08   1.018822e-07   1.651466e-02   4.347462e-03   1.210791e-02   3.726644e-08  -4.722602e-08   1.424459e-07   5.676541e-08   5.242695e-08   2.565636e-09   8.495282e-05   6.605837e+01   2.410065e-01  -3.054164e-01   9.212148e-01
            401            395   1.343426e-02   8.330617e-03   1.291594e-02   1.343426e-02   8.330617e-03   1.291594e-02   1.449028e-03   1.333328e-03   6.971156e-11   8.715159e-10   2.200153e-07   6.943862e-04   2.400000e+10   4.908036e-07   2.454018e-07  -4.728536e-08   1.343426e-02   8.330617e-03   1.291594e-02  -1.785285e-07   3.912476e-07   2.365185e-07   2.132474e-07   2.937006e-08   1.178346e-07   8.984642e-05   5.476980e+01  -3.637474e-01   7.971572e-01   4.819006e-01
            401            355   1.298168e-02   1.033833e-02   1.283215e-02   1.298168e-02   1.033833e-02   1.283215e-02   2.478468e-03   1.688864e-03   4.140530e-11   1.135275e-09   2.039332e-07   1.004431e-03   2.400000e+10   2.702053e-07   1.351026e-07   1.452847e-08   1.298168e-02   1.033833e-02   1.283215e-02   1.805510e-08  -1.576099e-07   2.187328e-07  -4.534645e-08  -1.051141e-07  -7.174580e-08   7.188850e-05   7.011481e+01   6.681995e-02  -5.832967e-01   8.095060e-01
            331            251   1.695878e-02   3.774235e-03   1.089773e-02   1.695878e-02   3.774235e-03   1.089773e-02   1.383822e-03   1.988704e-03   9.857399e-11   1.047621e-08   2.836147e-07   8.160093e-04   2.400000e+10   8.946251e-07   3.803532e-07  -1.121170e-07   1.695878e-02   3.774235e-03   1.089773e-02  -5.742995e-07   5.884738e-07   3.524666e-07  -6.725898e-08  -2.381757e-07   2.888202e-07   6.095917e-05   3.200160e+01  -6.419443e-01   6.577882e-01   3.939825e-01
             59            251   1.797280e-02   4.504664e-03   1.044423e-02   1.797280e-02   4.504665e-03   1.044423e-02   1.452193e-03   1.338544e-03   2.182232e-10   1.791539e-08   3.898697e-07   6.965272e-04   2.400000e+10   2.722516e-06   1.361258e-06  -1.239759e-07   1.797280e-02   4.504664e-03   1.044423e-02   6.661606e-07   2.511423e-06   8.130669e-07   1.297254e-06  -2.331591e-07  -3.402827e-07   7.414017e-05   1.368280e+01   2.446857e-01   9.224640e-01   2.986454e-01
            251            163   1.815393e-02   1.642434e-03   9.738302e-03   1.815393e-02   1.642434e-03   9.738302e-03   1.592195e-03   1.731573e-03   1.190312e-10   1.651849e-08   3.142199e-07   8.294809e-04   2.400000e+10   1.196863e-06   5.662244e-07  -1.089950e-06   1.815393e-02   1.642434e-03   9.738302e-03  -5.755426e-07   1.000627e-06   3.161945e-07  -4.760721e-07  -2.975266e-07   7.377956e-08   5.791440e-05   8.072581e+00  -4.808758e-01   8.360408e-01   2.641859e-01
            251            187   1.698410e-02   3.455245e-03   7.945887e-03   1.698410e-02   3.455245e-03   7.945887e-03   9.941986e-04   9.462610e-04   3.722906e-12   2.643963e-10   4.248453e-08   4.848188e-04   2.400000e+10   1.884278e-20   9.421389e-21  -1.798993e-20   1.698410e-02   3.455245e-03   7.945887e-03   4.967655e-21  -2.595184e-21   1.798993e-20  -6.447475e-22   9.100666e-21   2.350476e-21   1.265147e-02   2.206759e+11   9.814961e-13  -5.127496e-13   3.554403e-12
            345            304   9.420830e-03   8.276870e-03   1.067655e-02   9.420830e-03   8.276870e-03   1.067655e-02   2.861218e-03   2.397315e-03   2.352761e-11   2.177303e-10   1.751841e-07   1.304402e-03   2.400000e+10   1.318932e-07   6.594659e-08  -1.884623e-07   9.420830e-03   8.276870e-03   1.067655e-02   1.422752e-08  -4.444174e-09   1.310482e-07  -4.561740e-08  -4.726363e-08   5.844242e-09   1.106028e-04   6.559437e+02   1.078715e-01  -3.369525e-02   9.935937e-01
             20             84   1.845436e-02   1.838824e-02   5.624895e-03   1.845436e-02   1.838824e-02   5.624895e-03   1.837696e-03   1.677269e-03   1.000086e-11   1.990146e-09   9.364753e-08   8.769107e-04   2.400000e+10   2.996978e-08   6.228091e-11   1.744774e-08   1.845436e-02   1.838824e-02   5.624895e-03  -1.943966e-08   1.447445e-08  -1.762888e-08  -1.590111e-12   4.724765e-11   4.054680e-11   8.944807e-05   3.722918e+04  -6.486422e-01   4.829681e-01  -5.882221e-01
            108             98   1.018487e-02   1.832205e-02   5.424611e-03   1.018487e-02   1.832205e-02   5.424611e-03   1.529093e-03   1.348345e-03   8.970843e-13   4.682090e-09   2.535310e-08   7.165211e-04   2.400000e+10   6.529015e-22   3.264507e-22  -1.507345e-23   1.018487e-02   1.832205e-02   5.424611e-03   6.287265e-22   1.753742e-22   1.507345e-23   8.703923e-23  -3.146231e-22   2.561733e-24   2.695087e-02   9.933056e+13   8.638680e-13   2.409635e-13   2.071086e-14
            168             72   1.356513e-02   9.777466e-03   3.300610e-03   1.356513e-02   9.777466e-03   3.300610e-03   1.954374e-03   1.962855e-03   3.985171e-11   7.459047e-11   1.975522e-07   9.793026e-04   2.400000e+10   2.519294e-07   1.259647e-07  -6.326103e-07   1.356513e-02   9.777466e-03   3.300610e-03  -7.926987e-08   9.493647e-08   2.194807e-07  -1.120532e-07   3.394038e-08  -4.646773e-08   1.041531e-04   6.919638e+01  -3.146511e-01   3.768376e-01   8.711993e-01
            148            252   1.881482e-02   1.737148e-02   1.069651e-02   1.881482e-02   1.737148e-02   1.069651e-02   8.762173e-04   1.691810e-03   2.171901e-10   1.805341e-08   3.540804e-07   5.772497e-04   2.400000e+10   2.460888e-06   1.230444e-06   7.700938e-08   1.881482e-02   1.737148e-02   1.069651e-02   5.621647e-07   2.108077e-06  -1.138398e-06   1.179295e-06  -1.423737e-07   3.209146e-07   5.756009e-05   6.351162e+00   2.284398e-01   8.566328e-01  -4.625965e-01
            432            451   1.297395e-02   9.426903e-03   1.712058e-02   1.297395e-02   9.426903e-03   1.712058e-02   9.845982e-04   2.044075e-03   8.865749e-12   5.657900e-09   7.675549e-08   6.645130e-04   2.400000e+10   1.930591e-19   9.652955e-20   3.896467e-20   1.297395e-02   9.426903e-03   1.712058e-02   1.053125e-19   1.570441e-19  -3.896467e-20   5.386687e-20  -5.052702e-20  -6.215572e-20   8.593402e-03   3.400980e+14   4.836210e-12   7.211851e-12  -1.789353e-12
            450            418   1.097847e-02   1.287864e-02   1.617407e-02   1.097847e-02   1.287864e-02   1.617407e-02   1.227600e-03   1.893358e-03   1.000156e-11   2.174580e-07   8.630476e-08   7.447350e-04   2.400000e+10   2.762183e-08   1.471922e-10   2.113222e-09   1.097847e-02   1.287864e-02   1.617407e-02   1.852744e-08  -2.038184e-08  -2.068768e-09  -8.637769e-12   7.045298e-12  -1.467695e-10   1.165883e-04   1.698162e+04   6.707537e-01  -7.378889e-01  -7.489611e-02
            376            256   1.771409e-02   1.568492e-02   1.368309e-02   1.771409e-02   1.568492e-02   1.368309e-02   1.555865e-03   8.801296e-04   3.409656e-10   2.214595e-09   4.378007e-07   5.621370e-04   2.400000e+10   4.776800e-06   2.388400e-06  -3.502500e-06   1.771409e-02   1.568492e-02   1.368309e-02   1.557474e-06  -2.470564e-06   3.780000e-06  -2.035980e-06   4.752842e-07   1.154705e-06   3.061310e-05   2.744814e+01   3.260497e-01  -5.172008e-01   7.913248e-01
            424            448   1.097828e-02   1.010099e-02   1.416063e-02   1.097828e-02   1.010099e-02   1.416063e-02   7.599448e-04   9.694078e-04   9.957561e-12   9.165467e-10   6.512969e-08   4.259955e-04   2.400000e+10   2.066498e-19   1.033249e-19  -2.242490e-20   1.097828e-02   1.010099e-02   1.416063e-02   6.099595e-20   1.961651e-19   2.242490e-20   2.972276e-20  -9.665939e-21  -9.848432e-20   3.980466e-03   9.367761e+13   2.939132e-12   9.452350e-12   1.080559e-12
            256            250   1.700631e-02   1.681371e-02   1.316618e-02   1.700631e-02   1.681371e-02   1.316618e-02   7.118127e-04   3.143348e-03   9.875257e-11   2.371016e-10   2.394044e-07   5.803844e-04   2.400000e+10   7.565375e-07   3.782688e-07   1.366882e-08   1.700631e-02   1.681371e-02   1.316618e-02   3.766460e-07  -6.558318e-07  -1.927329e-08   3.272933e-07   1.688851e-07   8.627959e-08   4.175038e-05   2.639002e+01   4.978550e-01  -8.668860e-01  -2.547565e-02
            256            252   1.783315e-02   1.602246e-02   1.271255e-02   1.783315e-02   1.602246e-02   1.271255e-02   1.227989e-03   2.612114e-03   2.648022e-10   2.042397e-11   4.703084e-07   8.353025e-04   2.400000e+10   3.985239e-06   1.264390e-06  -3.393628e-06   1.783315e-02   1.602246e-02   1.271255e-02  -2.116377e-06   6.369131e-07   3.316235e-06   5.348423e-07  -9.299005e-07   6.692613e-07   2.953617e-05   1.496618e+02  -5.310541e-01   1.598181e-01   8.321296e-01
            355            401   1.298168e-02   1.033833e-02   1.283215e-02   1.298168e-02   1.033833e-02   1.283215e-02   1.688864e-03   2.478468e-03   4.140530e-11   1.135275e-09   2.039332e-07   1.004431e-03   2.400000e+10   2.702053e-07   1.351026e-07  -1.452847e-08   1.298168e-02   1.033833e-02   1.283215e-02  -1.805510e-08   1.576099e-07  -2.187328e-07   4.534645e-08   1.051141e-07   7.174580e-08   7.188850e-05   7.011481e+01  -6.681995e-02   5.832967e-01  -8.095060e-01
