              6

              1
             24
          pos_x          pos_y          pos_z       normal_x       normal_y       normal_z        tangt_x        tangt_y        tangt_z          pentr
   6.989260e-05   3.328180e-03   1.147325e-03  -1.187981e-04   0.000000e+00   0.000000e+00  -0.000000e+00  -5.230964e-07   1.320197e-05   1.798653e-09
   6.989260e-05   8.987937e-03   1.348015e-03  -2.877657e-04   0.000000e+00   0.000000e+00  -0.000000e+00  -3.642059e-06   7.254953e-06   2.180413e-09
   6.989260e-05   1.068619e-03   2.154889e-03  -7.231805e-05   0.000000e+00   0.000000e+00  -0.000000e+00   6.220843e-06   1.494598e-06   1.008307e-09
   6.989260e-05   4.362490e-03   2.799987e-03  -4.724974e-09   0.000000e+00   0.000000e+00   0.000000e+00  -2.351089e-09  -2.317850e-10   1.840723e-12
   6.989260e-05   5.815660e-03   5.174539e-03  -2.538720e-05   0.000000e+00   0.000000e+00  -0.000000e+00   2.122328e-06   4.502012e-07   4.534023e-10
   6.989260e-05   1.183572e-03   9.037830e-03  -2.153568e-04   0.000000e+00   0.000000e+00  -0.000000e+00   1.112827e-05   5.297581e-06   2.268773e-09
   6.989260e-05   8.342683e-03   1.756944e-02  -5.019455e-04   0.000000e+00   0.000000e+00  -0.000000e+00  -1.617719e-05  -1.671547e-04   3.616650e-09
   6.989260e-05   1.154915e-03   1.411541e-02  -2.375282e-04   0.000000e+00   0.000000e+00  -0.000000e+00   9.563898e-05  -4.303812e-05   2.657952e-09
   6.989260e-05   7.393051e-03   1.311796e-02  -9.354828e-09   0.000000e+00   0.000000e+00   0.000000e+00  -3.880936e-09  -2.610850e-09   2.718538e-12
   6.989260e-05   4.468108e-03   1.287048e-02  -2.185999e-06   0.000000e+00   0.000000e+00  -0.000000e+00   5.071275e-07   6.726600e-07   9.191337e-11
   6.989260e-05   1.198866e-03   1.229261e-02  -8.748467e-05   0.000000e+00   0.000000e+00  -0.000000e+00   2.743862e-05  -5.952586e-06   1.395164e-09
   6.989260e-05   2.291619e-03   1.106451e-02  -9.218607e-10   0.000000e+00   0.000000e+00   0.000000e+00   2.313045e-10  -3.986917e-10   6.714754e-13
   6.989260e-05   1.794612e-02   9.005984e-04  -4.752384e-04   0.000000e+00   0.000000e+00  -0.000000e+00  -3.613473e-05   6.705549e-05   3.784936e-09
   6.989260e-05   1.809448e-02   4.994379e-03  -2.959157e-04   0.000000e+00   0.000000e+00  -0.000000e+00  -3.535771e-05   9.214116e-06   2.712850e-09
   6.989260e-05   1.819857e-02   7.268365e-03  -1.341592e-07   0.000000e+00   0.000000e+00  -0.000000e+00  -2.516224e-08   2.300064e-08   1.694035e-11
   6.989260e-05   1.550343e-02   1.212190e-03  -9.299728e-05   0.000000e+00   0.000000e+00  -0.000000e+00  -1.072574e-05   3.611176e-05   1.357306e-09
   6.989260e-05   1.485213e-02   7.439185e-03  -8.108568e-10   0.000000e+00   0.000000e+00  -0.000000e+00   1.699617e-10   1.954112e-10   5.039394e-13
   6.989260e-05   1.141353e-02   1.731131e-03  -9.510589e-06   0.000000e+00   0.000000e+00  -0.000000e+00   1.990484e-06  -6.675450e-07   3.232839e-10
   6.989260e-05   1.264949e-02   6.844481e-04  -1.240222e-04   0.000000e+00   0.000000e+00  -0.000000e+00   2.206924e-06   1.010200e-05   1.942300e-09
   6.989260e-05   1.900665e-02   9.432513e-03  -1.001207e-04   0.000000e+00   0.000000e+00   0.000000e+00  -5.005959e-05   2.780299e-07   1.280780e-09
   6.989260e-05   1.191290e-02   1.547831e-02  -2.173797e-08   0.000000e+00   0.000000e+00  -0.000000e+00  -9.493526e-09   3.554705e-09   4.700984e-12
   6.989260e-05   1.405841e-02   1.561052e-02  -1.836115e-09   0.000000e+00   0.000000e+00  -0.000000e+00  -8.549417e-10  -2.388278e-11   7.696380e-13
   6.989260e-05   1.739750e-02   1.499834e-02  -6.091326e-04   0.000000e+00   0.000000e+00  -0.000000e+00  -1.532063e-04  -3.746852e-05   3.484320e-09
   6.989260e-05   1.838519e-02   1.194170e-02  -2.208839e-04   0.000000e+00   0.000000e+00  -0.000000e+00  -2.774611e-05   9.139341e-06   2.257463e-09
                                               -3.476765e-03   0.000000e+00   0.000000e+00   0.000000e+00  -1.863603e-04  -9.398528e-05   1.360109e-09

              2
             10
          pos_x          pos_y          pos_z       normal_x       normal_y       normal_z        tangt_x        tangt_y        tangt_z          pentr
   1.993007e-02   3.261077e-03   3.420425e-03   1.131591e-03   0.000000e+00   0.000000e+00  -0.000000e+00   1.979037e-04   2.331704e-04   5.094563e-09
   1.993007e-02   6.890051e-03   2.192453e-03   3.873711e-04   0.000000e+00   0.000000e+00  -0.000000e+00   6.422745e-05   1.146171e-04   2.892341e-09
   1.993007e-02   1.186292e-03   9.162146e-03   2.386427e-04   0.000000e+00   0.000000e+00  -0.000000e+00   9.363348e-05   3.210412e-05   2.387158e-09
   1.993007e-02   8.198503e-03   1.573410e-02   1.067482e-08   0.000000e+00   0.000000e+00   0.000000e+00   4.732238e-09   2.468576e-09   2.627346e-12
   1.993007e-02   2.253326e-03   1.542826e-02   4.790439e-04   0.000000e+00   0.000000e+00  -0.000000e+00   2.192560e-04   4.308504e-07   3.605385e-09
   1.993007e-02   1.738457e-02   1.080508e-03   7.620805e-09   0.000000e+00   0.000000e+00  -0.000000e+00  -2.228394e-09  -2.142074e-09   2.707369e-12
   1.993007e-02   1.919531e-02   1.212480e-03   1.088885e-04   0.000000e+00   0.000000e+00  -0.000000e+00  -2.788121e-06   2.143684e-05   1.666176e-09
   1.993007e-02   1.404043e-02   8.448856e-04   1.107594e-04   0.000000e+00   0.000000e+00  -0.000000e+00   8.263700e-07   3.726905e-05   1.654838e-09
   1.993007e-02   1.209348e-02   7.095784e-04   9.489581e-05   0.000000e+00   0.000000e+00  -0.000000e+00   1.933219e-05   3.354430e-05   1.573087e-09
   1.993007e-02   1.912558e-02   1.727300e-02   2.265299e-04   0.000000e+00   0.000000e+00  -0.000000e+00  -2.116309e-05   3.474763e-06   2.062658e-09
                                                2.777740e-03   0.000000e+00   0.000000e+00   0.000000e+00   5.712305e-04   4.760478e-04   2.094154e-09

              3
             23
          pos_x          pos_y          pos_z       normal_x       normal_y       normal_z        tangt_x        tangt_y        tangt_z          pentr
   6.288645e-03   6.989490e-05   1.006103e-03   0.000000e+00  -2.798383e-04   0.000000e+00  -1.556718e-05  -0.000000e+00   8.400337e-05   2.929928e-09
   6.985112e-04   6.989490e-05   1.912143e-03   0.000000e+00  -1.130297e-04   0.000000e+00   5.044434e-05  -0.000000e+00  -1.951071e-05   1.862036e-09
   7.513051e-03   6.989490e-05   2.619619e-03   0.000000e+00  -2.348519e-06   0.000000e+00   7.400773e-08  -0.000000e+00  -1.039424e-07   9.274986e-11
   3.984131e-03   6.989490e-05   2.068536e-03   0.000000e+00  -2.932067e-05   0.000000e+00   6.702504e-07  -0.000000e+00   1.220929e-05   5.714006e-10
   2.163726e-03   6.989490e-05   3.535080e-03   0.000000e+00  -2.399747e-05   0.000000e+00  -3.711636e-06  -0.000000e+00   7.802246e-06   4.935316e-10
   1.452587e-03   6.989490e-05   8.463428e-03   0.000000e+00  -1.736389e-04   0.000000e+00   5.481571e-05  -0.000000e+00  -2.281645e-05   1.643588e-09
   9.641544e-03   6.989490e-05   1.495333e-03   0.000000e+00  -5.021166e-04   0.000000e+00   1.046556e-05  -0.000000e+00   5.622470e-05   3.992859e-09
   8.019991e-03   6.989490e-05   8.681949e-03   0.000000e+00  -2.270991e-09   0.000000e+00   2.248812e-10  -0.000000e+00   2.210880e-10   1.133237e-12
   2.403588e-03   6.989490e-05   1.757272e-02   0.000000e+00  -9.077339e-08   0.000000e+00   2.385923e-08  -0.000000e+00   2.542349e-08   1.413695e-11
   1.688968e-03   6.989490e-05   1.460246e-02   0.000000e+00  -1.597124e-04   0.000000e+00   5.465040e-05  -0.000000e+00   1.634458e-05   1.551294e-09
   1.015517e-03   6.989490e-05   1.254014e-02   0.000000e+00  -1.045151e-04   0.000000e+00   3.658478e-05  -0.000000e+00   9.567140e-06   1.753134e-09
   1.148378e-03   6.989490e-05   1.075604e-02   0.000000e+00  -2.211686e-08   0.000000e+00  -5.236291e-09  -0.000000e+00   3.593410e-09   4.744968e-12
   1.754506e-02   6.989490e-05   1.873681e-03   0.000000e+00  -3.548431e-04   0.000000e+00  -1.236443e-04  -0.000000e+00   1.107058e-04   2.792473e-09
   1.863065e-02   6.989490e-05   8.779716e-03   0.000000e+00  -2.055566e-04   0.000000e+00  -2.343635e-05  -0.000000e+00  -6.624681e-06   1.886316e-09
   1.506915e-02   6.989490e-05   3.010149e-03   0.000000e+00  -8.237611e-05   0.000000e+00  -6.141278e-06  -0.000000e+00   7.316796e-06   1.024314e-09
   1.533678e-02   6.989490e-05   1.009668e-03   0.000000e+00  -1.064768e-03   0.000000e+00  -2.418837e-04  -0.000000e+00   2.336650e-04   7.857092e-09
   1.090269e-02   6.989490e-05   6.319503e-03   0.000000e+00  -3.398316e-07   0.000000e+00  -2.913422e-08  -0.000000e+00   7.024774e-09   2.974790e-11
   1.029783e-02   6.989490e-05   3.456063e-03   0.000000e+00  -1.188381e-09   0.000000e+00   5.930297e-10   0.000000e+00   3.712220e-11   5.656976e-13
   1.022407e-02   6.989490e-05   1.063581e-02   0.000000e+00  -2.238770e-09   0.000000e+00   2.519137e-10  -0.000000e+00  -3.567077e-10   1.027358e-12
   1.735834e-02   6.989490e-05   1.542462e-02   0.000000e+00  -4.040590e-04   0.000000e+00  -2.784795e-05  -0.000000e+00  -2.178894e-08   2.872569e-09
   1.325768e-02   6.989490e-05   1.485621e-02   0.000000e+00  -3.438244e-08   0.000000e+00   1.091650e-08   0.000000e+00   1.328037e-08   5.884417e-12
   1.572599e-02   6.989490e-05   1.258342e-02   0.000000e+00  -1.603605e-08   0.000000e+00   1.678988e-09  -0.000000e+00   6.399216e-09   3.437534e-12
   1.210975e-02   6.989490e-05   9.989407e-03   0.000000e+00  -1.934563e-08   0.000000e+00  -3.784454e-09  -0.000000e+00   4.704313e-09   4.420598e-12
                                                0.000000e+00  -3.500649e-03   0.000000e+00  -2.345280e-04   0.000000e+00   4.888217e-04   1.364712e-09

              4
             18
          pos_x          pos_y          pos_z       normal_x       normal_y       normal_z        tangt_x        tangt_y        tangt_z          pentr
   1.870247e-03   1.993007e-02   2.529768e-03   0.000000e+00   9.813479e-06   0.000000e+00   2.426048e-06   0.000000e+00   4.265019e-06   2.449186e-10
   6.296350e-03   1.993007e-02   6.304706e-03   0.000000e+00   1.497384e-09   0.000000e+00   1.116033e-10  -0.000000e+00  -9.712510e-11   7.709181e-13
   3.888803e-03   1.993007e-02   4.288513e-03   0.000000e+00   1.586491e-04   0.000000e+00   1.198940e-06  -0.000000e+00   9.667693e-06   1.473197e-09
   2.864497e-03   1.993007e-02   6.223767e-03   0.000000e+00   4.394144e-10   0.000000e+00   1.456602e-10   0.000000e+00  -1.644821e-10   4.599168e-13
   1.803775e-03   1.993007e-02   4.959345e-03   0.000000e+00   2.755566e-04   0.000000e+00   1.155999e-04  -0.000000e+00   1.611649e-05   2.684774e-09
   8.260531e-03   1.993007e-02   9.128677e-03   0.000000e+00   3.757569e-07   0.000000e+00  -2.258961e-08  -0.000000e+00  -1.629554e-07   2.627045e-11
   1.004251e-02   1.993007e-02   1.287519e-03   0.000000e+00   9.361861e-05   0.000000e+00   3.894104e-06  -0.000000e+00   2.723156e-05   1.401338e-09
   8.159961e-04   1.993007e-02   9.427834e-03   0.000000e+00   1.240875e-04   0.000000e+00   3.778506e-05  -0.000000e+00  -1.935704e-07   1.746614e-09
   2.338264e-03   1.993007e-02   1.562340e-02   0.000000e+00   6.802101e-04   0.000000e+00   6.253700e-05  -0.000000e+00   1.751911e-05   3.979985e-09
   1.688396e-03   1.993007e-02   1.140236e-02   0.000000e+00   2.118293e-04   0.000000e+00   8.754074e-05  -0.000000e+00  -2.917159e-05   2.082382e-09
   1.554458e-02   1.993007e-02   1.039759e-03   0.000000e+00   8.836282e-05   0.000000e+00  -5.075049e-06  -0.000000e+00   1.759041e-05   1.198831e-09
   1.163908e-02   1.993007e-02   2.026986e-03   0.000000e+00   5.423140e-08   0.000000e+00   2.700330e-08   0.000000e+00  -2.466410e-09   7.201763e-12
   1.595353e-02   1.993007e-02   5.781789e-03   0.000000e+00   1.197201e-07   0.000000e+00   5.560986e-08  -0.000000e+00   1.405692e-08   1.398871e-11
   1.719209e-02   1.993007e-02   1.091485e-02   0.000000e+00   4.348994e-08   0.000000e+00  -2.174372e-08   0.000000e+00   2.328997e-10   7.660955e-12
   1.124959e-02   1.993007e-02   1.753068e-02   0.000000e+00   1.733580e-04   0.000000e+00  -3.353084e-05  -0.000000e+00  -7.260972e-05   1.970617e-09
   1.924908e-02   1.993007e-02   1.713918e-02   0.000000e+00   2.603630e-04   0.000000e+00  -2.332317e-06  -0.000000e+00  -4.430098e-07   2.543129e-09
   1.278905e-02   1.993007e-02   1.466399e-02   0.000000e+00   6.983562e-09   0.000000e+00  -2.173211e-09  -0.000000e+00   2.449571e-10   2.223815e-12
   1.649505e-02   1.993007e-02   1.361987e-02   0.000000e+00   3.700239e-07   0.000000e+00   1.194828e-07  -0.000000e+00   8.530669e-08   2.242751e-11
                                                0.000000e+00   2.076821e-03   0.000000e+00   2.701995e-04   0.000000e+00  -1.009345e-05   1.078155e-09

              5
             31
          pos_x          pos_y          pos_z       normal_x       normal_y       normal_z        tangt_x        tangt_y        tangt_z          pentr
   2.339526e-03   1.605126e-03   6.990985e-05   0.000000e+00   0.000000e+00  -4.705768e-10   4.758858e-11  -1.736535e-11  -0.000000e+00   3.084275e-13
   6.455885e-03   1.532841e-03   6.990985e-05   0.000000e+00   0.000000e+00  -1.768041e-04   9.407766e-06   8.432222e-05  -0.000000e+00   1.586053e-09
   1.346649e-03   3.376072e-03   6.990985e-05   0.000000e+00   0.000000e+00  -1.016743e-04   5.079976e-05   1.949970e-06   0.000000e+00   1.444465e-09
   6.035950e-03   8.931315e-03   6.990985e-05   0.000000e+00   0.000000e+00  -1.039821e-06   4.090498e-07   2.459597e-07  -0.000000e+00   7.298606e-11
   1.217414e-03   9.683639e-03   6.990985e-05   0.000000e+00   0.000000e+00  -3.244550e-04   1.140789e-04   6.677307e-05  -0.000000e+00   2.608680e-09
   6.016499e-04   6.298003e-03   6.990985e-05   0.000000e+00   0.000000e+00  -6.968760e-09  -1.111139e-09   3.302465e-09   0.000000e+00   2.385158e-12
   4.382613e-03   1.490429e-03   6.990985e-05   0.000000e+00   0.000000e+00  -4.721671e-05   3.882766e-06   6.229783e-06  -0.000000e+00   7.535351e-10
   3.792748e-03   3.127060e-03   6.990985e-05   0.000000e+00   0.000000e+00  -1.133850e-09  -2.582464e-10   5.046910e-10   0.000000e+00   7.591228e-13
   4.477689e-03   6.499348e-03   6.990985e-05   0.000000e+00   0.000000e+00  -8.236617e-10   3.661133e-10  -1.885888e-10   0.000000e+00   6.237889e-13
   8.257955e-03   7.956377e-03   6.990985e-05   0.000000e+00   0.000000e+00  -4.990309e-10   1.636037e-10   8.242675e-11  -0.000000e+00   3.247639e-13
   9.358627e-03   2.336088e-03   6.990985e-05   0.000000e+00   0.000000e+00  -3.221200e-04  -7.014375e-06   5.078728e-05  -0.000000e+00   2.163466e-09
   1.114709e-03   1.835354e-02   6.990985e-05   0.000000e+00   0.000000e+00  -5.282374e-04   8.771529e-05   2.089819e-05  -0.000000e+00   3.392431e-09
   4.125342e-03   1.865090e-02   6.990985e-05   0.000000e+00   0.000000e+00  -1.798181e-05   8.718827e-06   6.465714e-07  -0.000000e+00   3.772093e-10
   2.386534e-03   1.678928e-02   6.990985e-05   0.000000e+00   0.000000e+00  -5.183171e-11   1.009877e-11   5.850576e-12  -0.000000e+00   9.083290e-14
   1.107390e-03   1.584292e-02   6.990985e-05   0.000000e+00   0.000000e+00  -1.018996e-04   1.010475e-05   3.069157e-06  -0.000000e+00   1.563651e-09
   7.042007e-03   1.494895e-02   6.990985e-05   0.000000e+00   0.000000e+00  -1.120377e-09  -2.909171e-10  -1.984302e-10  -0.000000e+00   6.242080e-13
   5.056317e-03   1.608283e-02   6.990985e-05   0.000000e+00   0.000000e+00  -1.448675e-04   2.695635e-05  -5.866269e-05  -0.000000e+00   1.390057e-09
   9.882803e-03   1.892784e-02   6.990985e-05   0.000000e+00   0.000000e+00  -1.135134e-04  -2.411283e-06  -1.625573e-05  -0.000000e+00   1.816979e-09
   4.998377e-03   1.163749e-02   6.990985e-05   0.000000e+00   0.000000e+00  -6.654850e-12   6.205712e-13   2.428864e-12  -0.000000e+00   2.517943e-14
   1.027156e-03   1.251937e-02   6.990985e-05   0.000000e+00   0.000000e+00  -7.922455e-05   1.165751e-05  -1.466604e-06  -0.000000e+00   1.060074e-09
   1.783235e-02   5.707107e-03   6.990985e-05   0.000000e+00   0.000000e+00  -3.923719e-04  -5.396197e-05  -3.012228e-05  -0.000000e+00   2.971422e-09
   1.698047e-02   2.010095e-03   6.990985e-05   0.000000e+00   0.000000e+00  -7.329112e-04  -5.027512e-05   2.078747e-04  -0.000000e+00   4.437272e-09
   1.253823e-02   5.081281e-03   6.990985e-05   0.000000e+00   0.000000e+00  -6.825900e-10   9.583083e-11  -2.320029e-11  -0.000000e+00   5.216583e-13
   1.821777e-02   3.772909e-03   6.990985e-05   0.000000e+00   0.000000e+00  -9.536799e-10  -1.902696e-10   1.398668e-10  -0.000000e+00   5.560643e-13
   1.510896e-02   1.300895e-03   6.990985e-05   0.000000e+00   0.000000e+00  -5.704781e-04  -2.297880e-05   2.024219e-05  -0.000000e+00   4.298495e-09
   1.426226e-02   3.175160e-03   6.990985e-05   0.000000e+00   0.000000e+00  -2.374525e-07  -2.864738e-08  -5.499255e-08  -0.000000e+00   2.685986e-11
   1.398414e-02   6.841565e-03   6.990985e-05   0.000000e+00   0.000000e+00  -1.710447e-07  -1.522249e-08   1.291141e-08  -0.000000e+00   1.780427e-11
   1.874677e-02   1.934816e-02   6.990985e-05   0.000000e+00   0.000000e+00  -1.063661e-04  -5.225362e-05   6.802314e-06  -0.000000e+00   1.588501e-09
   1.912094e-02   1.401774e-02   6.990985e-05   0.000000e+00   0.000000e+00  -1.059873e-04  -3.715244e-05  -1.297144e-06  -0.000000e+00   1.556689e-09
   1.582594e-02   1.913443e-02   6.990985e-05   0.000000e+00   0.000000e+00  -1.077365e-04   8.429976e-06  -2.427699e-05  -0.000000e+00   1.603363e-09
   1.901655e-02   1.172520e-02   6.990985e-05   0.000000e+00   0.000000e+00  -6.656664e-05  -2.341326e-05  -9.414936e-06  -0.000000e+00   9.610027e-10
                                                0.000000e+00   0.000000e+00  -4.041873e-03   8.265507e-05   3.283065e-04   0.000000e+00   1.151523e-09

              6
              9
          pos_x          pos_y          pos_z       normal_x       normal_y       normal_z        tangt_x        tangt_y        tangt_z          pentr
   1.938213e-03   8.480596e-03   1.901159e-02   0.000000e+00   0.000000e+00   3.865848e-04   1.681298e-04   1.240988e-05  -0.000000e+00   2.508686e-09
   7.937251e-03   3.850396e-03   1.901159e-02   0.000000e+00   0.000000e+00   1.787144e-09  -3.102856e-10   2.991362e-11  -0.000000e+00   1.083533e-12
   7.629938e-03   6.212181e-03   1.901159e-02   0.000000e+00   0.000000e+00   1.030746e-09   9.724470e-11  -2.629918e-11  -0.000000e+00   6.829537e-13
   8.364801e-03   1.807093e-02   1.901159e-02   0.000000e+00   0.000000e+00   1.301280e-07  -5.161248e-08  -4.493403e-09  -0.000000e+00   1.400610e-11
   1.588415e-02   7.133366e-03   1.901159e-02   0.000000e+00   0.000000e+00   1.850832e-07  -4.386605e-08  -2.613677e-08  -0.000000e+00   1.478827e-11
   1.343358e-02   3.567014e-03   1.901159e-02   0.000000e+00   0.000000e+00   5.948891e-08   3.427411e-09  -2.333776e-08  -0.000000e+00   6.984274e-12
   1.215862e-02   7.427986e-03   1.901159e-02   0.000000e+00   0.000000e+00   7.071840e-08   1.460818e-08  -5.109204e-09  -0.000000e+00   7.830042e-12
   1.171163e-02   1.313458e-02   1.901159e-02   0.000000e+00   0.000000e+00   3.420621e-08   7.421006e-09  -6.750693e-09  -0.000000e+00   7.534116e-12
   1.193165e-02   1.854325e-02   1.901159e-02   0.000000e+00   0.000000e+00   1.852122e-04   3.205390e-05  -6.509611e-05  -0.000000e+00   2.124297e-09
                                                0.000000e+00   0.000000e+00   5.722794e-04   2.001135e-04  -5.275205e-05   0.000000e+00   5.206547e-10

