              6

              1
             37
          pos_x          pos_y          pos_z       normal_x       normal_y       normal_z        tangt_x        tangt_y        tangt_z          pentr
   1.398926e-04   3.205820e-03   1.192304e-03  -3.813250e-04   0.000000e+00   0.000000e+00  -0.000000e+00   3.418217e-05   1.597787e-04   3.977459e-09
   1.398926e-04   8.973116e-03   1.380913e-03  -5.512205e-04   0.000000e+00   0.000000e+00  -0.000000e+00  -4.537770e-05   1.827994e-04   3.366664e-09
   1.398926e-04   1.093424e-03   2.264806e-03  -5.948605e-04   0.000000e+00   0.000000e+00  -0.000000e+00   2.899662e-05   5.043648e-05   4.151021e-09
   1.398926e-04   4.011885e-03   2.698889e-03  -8.609129e-10   0.000000e+00   0.000000e+00  -0.000000e+00  -1.156661e-10   3.008736e-10   5.660765e-13
   1.398926e-04   6.532711e-03   6.149106e-04  -1.008105e-04   0.000000e+00   0.000000e+00  -0.000000e+00   7.824476e-06   2.043753e-05   1.515942e-09
   1.398926e-04   1.467236e-03   6.371843e-03  -7.567893e-04   0.000000e+00   0.000000e+00  -0.000000e+00  -2.054405e-04   2.359981e-04   5.726786e-09
   1.398926e-04   5.979451e-03   5.351319e-03  -4.494866e-04   0.000000e+00   0.000000e+00  -0.000000e+00   2.015127e-05   3.541389e-05   3.051017e-09
   1.398926e-04   1.237203e-03   9.091762e-03  -4.591560e-04   0.000000e+00   0.000000e+00  -0.000000e+00   1.556563e-05   1.156320e-05   3.759580e-09
   1.398926e-04   6.976125e-03   7.571073e-03  -7.333328e-05   0.000000e+00   0.000000e+00  -0.000000e+00   2.338896e-05   2.672939e-05   1.169989e-09
   1.398926e-04   5.146152e-03   7.454492e-03  -1.607758e-04   0.000000e+00   0.000000e+00  -0.000000e+00  -1.027996e-05   2.128105e-05   1.703275e-09
   1.398926e-04   6.648353e-03   1.075247e-02  -6.834618e-05   0.000000e+00   0.000000e+00  -0.000000e+00   1.224391e-05   1.487007e-05   9.762790e-10
   1.398926e-04   8.457933e-03   1.749343e-02  -5.206998e-04   0.000000e+00   0.000000e+00  -0.000000e+00  -1.210041e-05  -8.089534e-05   3.688053e-09
   1.398926e-04   1.079436e-03   1.721237e-02  -1.791113e-09   0.000000e+00   0.000000e+00   0.000000e+00   4.182356e-21   7.890319e-21   9.400837e-13
   1.398926e-04   5.876209e-03   1.540728e-02  -5.698327e-04   0.000000e+00   0.000000e+00  -0.000000e+00  -6.577595e-06  -2.786232e-04   3.183320e-09
   1.398926e-04   1.197030e-03   1.407509e-02  -2.555378e-04   0.000000e+00   0.000000e+00  -0.000000e+00   2.902283e-05  -1.136340e-05   2.795222e-09
   1.398926e-04   8.860067e-03   1.338955e-02  -1.902375e-10   0.000000e+00   0.000000e+00  -0.000000e+00   2.973333e-11   5.968460e-11   2.320422e-13
   1.398926e-04   1.247538e-03   1.224924e-02  -8.276262e-05   0.000000e+00   0.000000e+00  -0.000000e+00   8.326291e-06  -1.938662e-06   1.354488e-09
   1.398926e-04   2.744223e-03   1.112969e-02  -2.898749e-09   0.000000e+00   0.000000e+00  -0.000000e+00  -1.865275e-10   6.372542e-11   1.438958e-12
   1.398926e-04   1.792156e-02   9.618022e-04  -1.506048e-03   0.000000e+00   0.000000e+00  -0.000000e+00  -2.091459e-05   9.846659e-05   8.182856e-09
   1.398926e-04   1.801113e-02   5.107062e-03  -3.834173e-04   0.000000e+00   0.000000e+00  -0.000000e+00  -1.151312e-04   9.147660e-05   3.201819e-09
   1.398926e-04   1.815234e-02   7.323584e-03  -2.492439e-04   0.000000e+00   0.000000e+00  -0.000000e+00  -1.126302e-04   8.023590e-06   2.566752e-09
   1.398926e-04   1.714779e-02   2.909393e-03  -2.185118e-08   0.000000e+00   0.000000e+00  -0.000000e+00  -2.330801e-09   5.002950e-10   4.471736e-12
   1.398926e-04   1.550355e-02   1.277431e-03  -9.212684e-05   0.000000e+00   0.000000e+00  -0.000000e+00  -1.273418e-05   4.121644e-05   1.341577e-09
   1.398926e-04   1.139010e-02   1.821687e-03  -9.969460e-11   0.000000e+00   0.000000e+00   0.000000e+00   4.621103e-11  -1.868942e-11   1.537052e-13
   1.398926e-04   1.576794e-02   8.951094e-03  -1.070203e-03   0.000000e+00   0.000000e+00  -0.000000e+00  -5.318165e-04   3.568297e-05   6.254760e-09
   1.398926e-04   1.260916e-02   7.409899e-04  -3.576395e-04   0.000000e+00   0.000000e+00  -0.000000e+00   1.925005e-05   1.572253e-04   3.909489e-09
   1.398926e-04   1.183551e-02   4.844639e-03  -8.322023e-04   0.000000e+00   0.000000e+00  -0.000000e+00  -7.442233e-07   9.095777e-05   4.898950e-09
   1.398926e-04   1.162637e-02   7.484893e-03  -6.972968e-04   0.000000e+00   0.000000e+00  -0.000000e+00  -3.303640e-04  -2.900979e-05   5.220858e-09
   1.398926e-04   1.353101e-02   6.491433e-03  -3.052329e-07   0.000000e+00   0.000000e+00   0.000000e+00  -1.088966e-07  -1.069267e-07   2.823610e-11
   1.398926e-04   1.893846e-02   9.410794e-03  -9.972542e-05   0.000000e+00   0.000000e+00   0.000000e+00  -4.986266e-05  -6.740798e-08   1.273042e-09
   1.398926e-04   1.171642e-02   1.759103e-02  -2.262999e-04   0.000000e+00   0.000000e+00  -0.000000e+00  -3.900447e-05  -8.991815e-05   2.449494e-09
   1.398926e-04   1.168638e-02   1.508518e-02  -3.536621e-10   0.000000e+00   0.000000e+00  -0.000000e+00   9.172348e-11  -6.502162e-11   3.275143e-13
   1.398926e-04   1.412236e-02   1.549234e-02  -1.605072e-04   0.000000e+00   0.000000e+00  -0.000000e+00   8.358917e-07   4.646719e-05   1.510518e-09
   1.398926e-04   1.733837e-02   1.500943e-02  -1.337237e-03   0.000000e+00   0.000000e+00  -0.000000e+00  -1.542391e-04  -5.360416e-05   5.887676e-09
   1.398926e-04   1.020159e-02   1.516962e-02  -1.947982e-04   0.000000e+00   0.000000e+00  -0.000000e+00  -2.149665e-05   5.674401e-05   1.925360e-09
   1.398926e-04   1.431419e-02   1.228222e-02  -4.055262e-04   0.000000e+00   0.000000e+00  -0.000000e+00   9.153114e-05   1.077283e-05   3.179029e-09
   1.398926e-04   1.832817e-02   1.196362e-02  -2.201267e-04   0.000000e+00   0.000000e+00  -0.000000e+00  -7.191128e-05   2.550193e-05   2.250510e-09
                                               -1.285767e-02   0.000000e+00   0.000000e+00   0.000000e+00  -1.449417e-03   8.763167e-04   2.554274e-09

              2
             23
          pos_x          pos_y          pos_z       normal_x       normal_y       normal_z        tangt_x        tangt_y        tangt_z          pentr
   1.986007e-02   3.363094e-03   3.482092e-03   2.338039e-03   0.000000e+00   0.000000e+00   0.000000e+00   8.380497e-04   8.150336e-04   8.271325e-09
   1.986007e-02   6.925269e-03   2.226297e-03   2.067484e-03   0.000000e+00   0.000000e+00  -0.000000e+00   2.500677e-04   2.962340e-04   8.843745e-09
   1.986007e-02   2.364872e-03   6.596073e-03   1.431063e-03   0.000000e+00   0.000000e+00  -0.000000e+00   4.847817e-04   4.759560e-04   5.848531e-09
   1.986007e-02   5.329270e-03   5.663405e-03   3.578392e-04   0.000000e+00   0.000000e+00  -0.000000e+00   4.375605e-05   6.460867e-05   2.830511e-09
   1.986007e-02   5.401361e-03   9.499567e-03   1.010957e-09   0.000000e+00   0.000000e+00  -0.000000e+00  -3.129788e-11  -3.488792e-10   6.080275e-13
   1.986007e-02   7.104278e-03   8.102886e-03   1.204564e-04   0.000000e+00   0.000000e+00  -0.000000e+00   5.560068e-05   3.207898e-06   1.432378e-09
   1.986007e-02   1.255691e-03   9.434337e-03   3.412072e-04   0.000000e+00   0.000000e+00  -0.000000e+00   8.860088e-05   2.241062e-05   3.006759e-09
   1.986007e-02   9.598320e-03   1.201310e-03   1.197159e-03   0.000000e+00   0.000000e+00  -0.000000e+00   2.131532e-04  -2.360205e-04   6.121984e-09
   1.986007e-02   2.318039e-03   1.556530e-02   4.752504e-04   0.000000e+00   0.000000e+00  -0.000000e+00   7.407159e-05  -1.631372e-06   3.589355e-09
   1.986007e-02   3.608353e-03   1.203531e-02   3.124594e-09   0.000000e+00   0.000000e+00  -0.000000e+00   4.171756e-10  -3.986980e-10   1.326151e-12
   1.986007e-02   9.148465e-03   1.159423e-02   3.712365e-06   0.000000e+00   0.000000e+00  -0.000000e+00   8.811961e-07  -1.477662e-06   1.411991e-10
   1.986007e-02   1.917203e-02   1.265244e-03   2.006296e-04   0.000000e+00   0.000000e+00  -0.000000e+00  -5.115405e-05   3.672784e-05   2.540933e-09
   1.986007e-02   1.624393e-02   5.392059e-03   7.874066e-05   0.000000e+00   0.000000e+00  -0.000000e+00  -2.769904e-05   7.306174e-06   1.066332e-09
   1.986007e-02   1.799512e-02   6.018668e-03   8.554045e-04   0.000000e+00   0.000000e+00  -0.000000e+00  -1.198296e-05   4.534462e-06   5.290084e-09
   1.986007e-02   1.398046e-02   8.932174e-04   4.116886e-04   0.000000e+00   0.000000e+00  -0.000000e+00  -6.826611e-05   1.640066e-04   4.045795e-09
   1.986007e-02   1.210229e-02   7.558395e-04   9.844828e-05   0.000000e+00   0.000000e+00  -0.000000e+00   1.516723e-05   2.809357e-05   1.608786e-09
   1.986007e-02   1.573103e-02   7.736823e-03   8.275179e-05   0.000000e+00   0.000000e+00  -0.000000e+00   1.841613e-05   1.867839e-06   1.026183e-09
   1.986007e-02   1.042171e-02   9.537821e-03   5.986473e-10   0.000000e+00   0.000000e+00  -0.000000e+00  -1.575835e-10   6.525269e-11   4.262875e-13
   1.986007e-02   1.871103e-02   9.995148e-03   1.752891e-04   0.000000e+00   0.000000e+00  -0.000000e+00  -5.418196e-05  -1.468507e-05   1.586824e-09
   1.986007e-02   1.913714e-02   1.659847e-02   2.177999e-04   0.000000e+00   0.000000e+00  -0.000000e+00  -1.069253e-05  -2.389528e-06   2.152869e-09
   1.986007e-02   1.723863e-02   1.427352e-02   3.012543e-06   0.000000e+00   0.000000e+00  -0.000000e+00  -1.021396e-06  -4.712668e-07   1.051941e-10
   1.986007e-02   1.707646e-02   1.212622e-02   2.974725e-06   0.000000e+00   0.000000e+00  -0.000000e+00   8.313954e-07   7.430184e-07   1.192195e-10
   1.986007e-02   1.115432e-02   1.250188e-02   1.538144e-09   0.000000e+00   0.000000e+00  -0.000000e+00   2.802633e-11  -5.517340e-11   7.141648e-13
                                                1.045896e-02   0.000000e+00   0.000000e+00   0.000000e+00   1.858380e-03   1.664054e-03   2.592656e-09

              3
             28
          pos_x          pos_y          pos_z       normal_x       normal_y       normal_z        tangt_x        tangt_y        tangt_z          pentr
   2.430418e-03   1.398949e-04   1.084610e-03   0.000000e+00  -5.396568e-04   0.000000e+00  -8.008570e-05   0.000000e+00   2.576697e-04   4.653025e-09
   6.242396e-03   1.398949e-04   1.050317e-03   0.000000e+00  -1.318647e-03   0.000000e+00  -2.778693e-04  -0.000000e+00   4.694432e-04   8.268733e-09
   7.587626e-04   1.398949e-04   1.962170e-03   0.000000e+00  -3.289998e-04   0.000000e+00   1.182764e-04  -0.000000e+00  -5.141906e-05   3.758354e-09
   7.446339e-03   1.398949e-04   2.744448e-03   0.000000e+00  -6.863554e-05   0.000000e+00   2.210331e-05  -0.000000e+00   6.588375e-06   8.705091e-10
   3.923742e-03   1.398949e-04   2.301637e-03   0.000000e+00  -1.063030e-04   0.000000e+00   2.143322e-06  -0.000000e+00   1.863440e-06   1.425919e-09
   1.532110e-03   1.398949e-04   8.559560e-03   0.000000e+00  -6.524189e-04   0.000000e+00   3.165242e-05  -0.000000e+00   2.510928e-05   3.923296e-09
   1.000122e-03   1.398949e-04   4.200851e-03   0.000000e+00  -2.895272e-10   0.000000e+00  -7.792362e-12  -0.000000e+00   2.646203e-11   3.019421e-13
   3.976298e-03   1.398949e-04   8.037259e-03   0.000000e+00  -1.551625e-09   0.000000e+00   6.459745e-11  -0.000000e+00   5.844247e-10   7.948940e-13
   5.706314e-03   1.398949e-04   6.523721e-03   0.000000e+00  -4.600617e-04   0.000000e+00  -3.065640e-05  -0.000000e+00   1.452378e-04   4.309738e-09
   9.595353e-03   1.398949e-04   1.547668e-03   0.000000e+00  -1.220794e-03   0.000000e+00  -3.771407e-04  -0.000000e+00   3.165182e-04   7.214569e-09
   8.424915e-03   1.398949e-04   9.715723e-03   0.000000e+00  -7.088229e-10   0.000000e+00  -1.468932e-10  -0.000000e+00  -6.076533e-11   5.117065e-13
   1.755830e-03   1.398949e-04   1.451891e-02   0.000000e+00  -1.614489e-04   0.000000e+00   7.230594e-05  -0.000000e+00   1.926714e-05   1.539274e-09
   5.499067e-03   1.398949e-04   1.376007e-02   0.000000e+00  -1.628678e-05   0.000000e+00  -5.048573e-06  -0.000000e+00   3.676728e-06   4.169451e-10
   1.077624e-03   1.398949e-04   1.252524e-02   0.000000e+00  -1.054049e-04   0.000000e+00   8.044014e-06  -0.000000e+00   2.306347e-06   1.759707e-09
   1.022205e-03   1.398949e-04   1.073040e-02   0.000000e+00  -3.249714e-05   0.000000e+00  -3.489441e-07  -0.000000e+00   1.295206e-06   6.164588e-10
   5.752746e-03   1.398949e-04   1.098744e-02   0.000000e+00  -3.925066e-05   0.000000e+00  -9.456517e-06  -0.000000e+00   3.061089e-06   8.103524e-10
   8.174440e-03   1.398949e-04   1.770293e-02   0.000000e+00  -1.037717e-04   0.000000e+00   8.136039e-07  -0.000000e+00  -7.571045e-06   1.504571e-09
   1.747399e-02   1.398949e-04   1.953563e-03   0.000000e+00  -9.700219e-04   0.000000e+00  -2.819235e-06  -0.000000e+00   4.719420e-04   5.459162e-09
   1.712683e-02   1.398949e-04   4.818869e-03   0.000000e+00  -1.310202e-03   0.000000e+00  -6.310464e-04  -0.000000e+00   9.310326e-05   6.299355e-09
   1.848145e-02   1.398949e-04   9.192492e-03   0.000000e+00  -2.702363e-04   0.000000e+00  -9.638661e-05  -0.000000e+00  -1.371263e-05   2.172135e-09
   1.503613e-02   1.398949e-04   3.148800e-03   0.000000e+00  -1.401445e-03   0.000000e+00  -1.884401e-05  -0.000000e+00   3.854167e-04   6.762644e-09
   1.528983e-02   1.398949e-04   1.033220e-03   0.000000e+00  -4.165974e-04   0.000000e+00  -2.571998e-05  -0.000000e+00   1.642781e-04   4.216984e-09
   1.099187e-02   1.398949e-04   6.421508e-03   0.000000e+00  -4.012270e-04   0.000000e+00  -8.576531e-05  -0.000000e+00   1.739035e-04   3.370509e-09
   1.428916e-02   1.398949e-04   9.140482e-03   0.000000e+00  -5.783790e-05   0.000000e+00   1.864420e-05  -0.000000e+00   1.563745e-05   7.962930e-10
   1.005648e-02   1.398949e-04   3.884886e-03   0.000000e+00  -2.969845e-04   0.000000e+00  -3.126050e-05  -0.000000e+00   2.037036e-05   2.271834e-09
   1.728616e-02   1.398949e-04   1.561629e-02   0.000000e+00  -4.061784e-04   0.000000e+00  -1.568189e-04  -0.000000e+00   3.255430e-06   2.877747e-09
   1.337755e-02   1.398949e-04   1.515367e-02   0.000000e+00  -1.317063e-06   0.000000e+00   4.229490e-08  -0.000000e+00   1.187325e-07   6.523889e-11
   1.575938e-02   1.398949e-04   1.270202e-02   0.000000e+00  -2.129232e-10   0.000000e+00  -9.084327e-11  -0.000000e+00  -3.643230e-11   1.923824e-13
                                                0.000000e+00  -1.068623e-02   0.000000e+00  -1.555242e-03   0.000000e+00   2.507360e-03   2.691613e-09

              4
             28
          pos_x          pos_y          pos_z       normal_x       normal_y       normal_z        tangt_x        tangt_y        tangt_z          pentr
   4.018848e-03   1.986007e-02   4.431523e-03   0.000000e+00   3.188544e-04   0.000000e+00   1.450074e-05  -0.000000e+00   8.386564e-05   2.338710e-09
   7.854228e-03   1.986007e-02   2.781251e-03   0.000000e+00   2.205137e-03   0.000000e+00   1.034311e-04  -0.000000e+00   6.154847e-04   9.915541e-09
   9.847043e-03   1.986007e-02   7.697478e-03   0.000000e+00   2.138677e-09   0.000000e+00   9.464685e-11  -0.000000e+00   1.717570e-11   9.914777e-13
   1.882750e-03   1.986007e-02   5.060662e-03   0.000000e+00   3.311826e-04   0.000000e+00   1.063625e-04  -0.000000e+00   7.859472e-05   3.019847e-09
   1.675852e-03   1.986007e-02   7.294955e-03   0.000000e+00   2.746696e-04   0.000000e+00   3.240605e-05  -0.000000e+00   1.200211e-06   2.902252e-09
   4.955485e-03   1.986007e-02   1.357587e-03   0.000000e+00   2.800778e-04   0.000000e+00   4.631161e-05  -0.000000e+00   1.283532e-05   2.292387e-09
   8.277285e-03   1.986007e-02   9.109772e-03   0.000000e+00   8.424383e-04   0.000000e+00   4.054361e-04  -0.000000e+00   3.626740e-05   4.504131e-09
   8.799600e-04   1.986007e-02   9.412314e-03   0.000000e+00   1.243929e-04   0.000000e+00   3.763561e-05  -0.000000e+00   1.085527e-07   1.751928e-09
   4.985503e-03   1.986007e-02   1.551808e-02   0.000000e+00   8.367323e-04   0.000000e+00   2.107565e-04  -0.000000e+00   2.332330e-05   5.522025e-09
   2.402114e-03   1.986007e-02   1.562798e-02   0.000000e+00   1.990605e-04   0.000000e+00   6.400731e-05  -0.000000e+00   1.365574e-05   1.752886e-09
   1.758911e-03   1.986007e-02   1.142046e-02   0.000000e+00   2.075524e-04   0.000000e+00   4.222710e-05  -0.000000e+00  -1.387316e-05   2.041581e-09
   4.277780e-03   1.986007e-02   9.715278e-03   0.000000e+00   1.122794e-03   0.000000e+00   3.929871e-04  -0.000000e+00   1.196845e-04   4.723320e-09
   1.903204e-02   1.986007e-02   7.599953e-04   0.000000e+00   3.567030e-04   0.000000e+00  -8.283326e-05  -0.000000e+00   9.833952e-05   3.317123e-09
   1.833541e-02   1.986007e-02   6.068349e-03   0.000000e+00   7.303699e-04   0.000000e+00  -2.540402e-04  -0.000000e+00   3.063364e-05   5.433193e-09
   1.602076e-02   1.986007e-02   3.046183e-03   0.000000e+00   2.464141e-08   0.000000e+00  -1.212971e-08   0.000000e+00  -2.161010e-09   4.896791e-12
   1.545664e-02   1.986007e-02   1.083518e-03   0.000000e+00   8.781068e-05   0.000000e+00  -7.260803e-06  -0.000000e+00   2.253946e-05   1.198322e-09
   1.391939e-02   1.986007e-02   2.007041e-03   0.000000e+00   2.234720e-04   0.000000e+00   3.414967e-06  -0.000000e+00   7.761996e-05   2.175419e-09
   1.183277e-02   1.986007e-02   2.282821e-03   0.000000e+00   6.064617e-10   0.000000e+00  -2.776648e-10  -0.000000e+00   7.463602e-11   3.587339e-13
   1.352607e-02   1.986007e-02   6.200381e-03   0.000000e+00   1.029663e-05   0.000000e+00   3.711679e-06  -0.000000e+00  -1.697054e-06   3.270779e-10
   1.122143e-02   1.986007e-02   5.582461e-03   0.000000e+00   2.900450e-04   0.000000e+00  -4.591409e-06  -0.000000e+00   1.637211e-06   2.400166e-09
   1.549081e-02   1.986007e-02   5.798379e-03   0.000000e+00   1.856652e-08   0.000000e+00   6.592196e-09   0.000000e+00   6.536196e-09   5.097575e-12
   1.029794e-02   1.986007e-02   1.256314e-03   0.000000e+00   9.221948e-05   0.000000e+00   9.380329e-06  -0.000000e+00   4.294552e-05   1.485095e-09
   1.905894e-02   1.986007e-02   1.030119e-02   0.000000e+00   2.508684e-04   0.000000e+00  -9.091234e-05  -0.000000e+00   3.498214e-05   2.607152e-09
   1.183013e-02   1.986007e-02   1.684069e-02   0.000000e+00   3.851629e-07   0.000000e+00   1.562525e-07   0.000000e+00  -1.125734e-07   3.219420e-11
   1.919680e-02   1.986007e-02   1.675818e-02   0.000000e+00   2.400575e-04   0.000000e+00  -9.019667e-05  -0.000000e+00   2.192765e-05   2.450044e-09
   1.364735e-02   1.986007e-02   1.469574e-02   0.000000e+00   1.812165e-09   0.000000e+00   1.532371e-11  -0.000000e+00   3.278264e-10   9.323549e-13
   1.668848e-02   1.986007e-02   1.319531e-02   0.000000e+00   3.883493e-06   0.000000e+00   8.702290e-08  -0.000000e+00  -1.660380e-06   1.159456e-10
   1.175075e-02   1.986007e-02   1.179382e-02   0.000000e+00   2.238852e-09   0.000000e+00  -9.750174e-11  -0.000000e+00   8.403239e-10   8.894933e-13
                                                0.000000e+00   9.029053e-03   0.000000e+00   9.429714e-04   0.000000e+00   1.298308e-03   2.225697e-09

              5
             36
          pos_x          pos_y          pos_z       normal_x       normal_y       normal_z        tangt_x        tangt_y        tangt_z          pentr
   2.521896e-03   1.621365e-03   1.399098e-04   0.000000e+00   0.000000e+00  -9.033889e-04   1.508941e-04   1.940043e-04  -0.000000e+00   4.847562e-09
   6.332551e-03   1.559815e-03   1.399098e-04   0.000000e+00   0.000000e+00  -1.153573e-03  -1.171793e-05   2.207364e-05  -0.000000e+00   5.572560e-09
   1.390092e-03   3.201944e-03   1.399098e-04   0.000000e+00   0.000000e+00  -2.933556e-04   1.241618e-04   3.857809e-05  -0.000000e+00   2.981626e-09
   6.094218e-03   8.888841e-03   1.399098e-04   0.000000e+00   0.000000e+00  -2.840976e-05   1.094666e-05   7.286587e-06  -0.000000e+00   6.476338e-10
   1.261183e-03   9.617571e-03   1.399098e-04   0.000000e+00   0.000000e+00  -6.737010e-04   1.786458e-05   4.237195e-06  -0.000000e+00   4.227503e-09
   6.794259e-04   6.355304e-03   1.399098e-04   0.000000e+00   0.000000e+00  -8.814647e-05   1.786712e-05  -5.451853e-06  -0.000000e+00   1.276812e-09
   2.558901e-03   6.701537e-03   1.399098e-04   0.000000e+00   0.000000e+00  -3.585450e-04   4.293362e-05  -1.756421e-05  -0.000000e+00   2.898688e-09
   3.980130e-03   8.943087e-03   1.399098e-04   0.000000e+00   0.000000e+00  -2.698283e-04   3.591282e-06  -1.344466e-04  -0.000000e+00   2.054944e-09
   4.448738e-03   1.897681e-03   1.399098e-04   0.000000e+00   0.000000e+00  -1.508051e-09  -3.294938e-11   7.533054e-10   0.000000e+00   8.009498e-13
   9.255531e-03   2.377479e-03   1.399098e-04   0.000000e+00   0.000000e+00  -1.572360e-03  -1.005810e-04   1.314836e-04  -0.000000e+00   6.219074e-09
   1.191336e-03   1.826128e-02   1.399098e-04   0.000000e+00   0.000000e+00  -1.408488e-03   5.677158e-04   6.125323e-06  -0.000000e+00   6.457940e-09
   2.441316e-03   1.672063e-02   1.399098e-04   0.000000e+00   0.000000e+00  -3.805276e-05   1.317849e-05  -4.536540e-06  -0.000000e+00   7.206896e-10
   6.384101e-03   1.812540e-02   1.399098e-04   0.000000e+00   0.000000e+00  -1.777013e-04   6.803899e-05  -2.633290e-05  -0.000000e+00   1.810132e-09
   1.165165e-03   1.584954e-02   1.399098e-04   0.000000e+00   0.000000e+00  -1.011697e-04   2.197838e-05   7.112549e-06  -0.000000e+00   1.556310e-09
   6.956604e-03   1.480616e-02   1.399098e-04   0.000000e+00   0.000000e+00  -9.588917e-04   2.178508e-04  -1.883422e-04  -0.000000e+00   5.699563e-09
   4.940023e-03   1.162553e-02   1.399098e-04   0.000000e+00   0.000000e+00  -2.074953e-10  -1.911880e-11   5.748595e-12  -0.000000e+00   2.496948e-13
   1.068845e-03   1.244503e-02   1.399098e-04   0.000000e+00   0.000000e+00  -3.001860e-04   8.612891e-05  -4.860325e-05  -0.000000e+00   2.568471e-09
   7.157520e-03   1.089215e-02   1.399098e-04   0.000000e+00   0.000000e+00  -2.380538e-05   9.354295e-07   4.031793e-06  -0.000000e+00   4.243421e-10
   1.009917e-02   1.585101e-02   1.399098e-04   0.000000e+00   0.000000e+00  -1.203189e-09  -6.000710e-10  -4.278454e-11   0.000000e+00   6.994777e-13
   1.777931e-02   5.724109e-03   1.399098e-04   0.000000e+00   0.000000e+00  -7.912780e-04  -3.759001e-04  -6.041133e-05  -0.000000e+00   4.716076e-09
   1.690818e-02   2.094446e-03   1.399098e-04   0.000000e+00   0.000000e+00  -3.327345e-03  -1.853180e-04   8.573250e-04  -0.000000e+00   1.214222e-08
   1.257316e-02   5.184872e-03   1.399098e-04   0.000000e+00   0.000000e+00  -1.798461e-04   8.149410e-05  -7.876492e-06  -0.000000e+00   2.198436e-09
   1.841704e-02   3.829126e-03   1.399098e-04   0.000000e+00   0.000000e+00  -1.365973e-04   7.224890e-06  -8.435804e-07  -0.000000e+00   1.535637e-09
   1.504674e-02   1.343379e-03   1.399098e-04   0.000000e+00   0.000000e+00  -2.430057e-04  -8.249792e-06   1.684033e-05  -0.000000e+00   2.393925e-09
   1.382801e-02   7.210519e-03   1.399098e-04   0.000000e+00   0.000000e+00  -4.876391e-09  -7.258196e-10   2.327656e-09   0.000000e+00   1.710196e-12
   1.136768e-02   8.326147e-03   1.399098e-04   0.000000e+00   0.000000e+00  -5.781169e-05   1.265893e-05  -2.273632e-05  -0.000000e+00   1.070557e-09
   1.869843e-02   1.932820e-02   1.399098e-04   0.000000e+00   0.000000e+00  -2.215809e-04  -1.755375e-05  -2.846692e-05  -0.000000e+00   2.634417e-09
   1.677651e-02   1.514795e-02   1.399098e-04   0.000000e+00   0.000000e+00  -4.677926e-04  -8.298355e-05  -3.475989e-05  -0.000000e+00   3.238198e-09
   1.907669e-02   1.395028e-02   1.399098e-04   0.000000e+00   0.000000e+00  -2.669024e-04  -1.001539e-04  -1.720611e-05  -0.000000e+00   2.943908e-09
   1.575225e-02   1.907791e-02   1.399098e-04   0.000000e+00   0.000000e+00  -1.060467e-04   3.733350e-06  -1.057919e-05  -0.000000e+00   1.588059e-09
   1.384131e-02   1.827318e-02   1.399098e-04   0.000000e+00   0.000000e+00  -2.653392e-04  -6.479133e-06  -1.296803e-04  -0.000000e+00   2.708535e-09
   1.897248e-02   1.177163e-02   1.399098e-04   0.000000e+00   0.000000e+00  -6.802934e-05  -1.935950e-05  -7.153174e-06  -0.000000e+00   9.671583e-10
   1.385686e-02   1.275628e-02   1.399098e-04   0.000000e+00   0.000000e+00  -1.056747e-09   7.378677e-11  -3.708195e-10  -0.000000e+00   6.135633e-13
   1.504573e-02   1.410294e-02   1.399098e-04   0.000000e+00   0.000000e+00  -1.166659e-09   4.131211e-10  -9.655038e-11  -0.000000e+00   7.046617e-13
   1.106410e-02   1.068947e-02   1.399098e-04   0.000000e+00   0.000000e+00  -4.417470e-04   7.782681e-05  -1.447130e-04  -0.000000e+00   2.585760e-09
   1.005329e-02   1.887336e-02   1.399098e-04   0.000000e+00   0.000000e+00  -1.043063e-04  -1.842227e-06  -7.716838e-06  -0.000000e+00   1.735671e-09
                                                0.000000e+00   0.000000e+00  -1.502724e-02   6.168842e-04   3.916803e-04   0.000000e+00   2.567422e-09

              6
             19
          pos_x          pos_y          pos_z       normal_x       normal_y       normal_z        tangt_x        tangt_y        tangt_z          pentr
   2.018093e-03   8.653421e-03   1.894159e-02   0.000000e+00   0.000000e+00   6.176659e-04   2.621506e-04   1.156259e-04  -0.000000e+00   3.401984e-09
   2.808606e-03   3.723947e-03   1.894159e-02   0.000000e+00   0.000000e+00   3.529764e-04   2.961727e-05  -3.801158e-05  -0.000000e+00   2.313791e-09
   8.125465e-03   4.063830e-03   1.894159e-02   0.000000e+00   0.000000e+00   1.399790e-09   5.760890e-10  -8.952833e-11  -0.000000e+00   8.705051e-13
   8.032393e-03   1.277323e-03   1.894159e-02   0.000000e+00   0.000000e+00   1.127106e-04  -4.340071e-06   3.501329e-05  -0.000000e+00   1.693086e-09
   1.853228e-03   1.230447e-02   1.894159e-02   0.000000e+00   0.000000e+00   1.782977e-04   7.854575e-05   2.629117e-05  -0.000000e+00   1.746668e-09
   2.957865e-03   1.583441e-02   1.894159e-02   0.000000e+00   0.000000e+00   1.523601e-05  -3.970757e-06   4.509774e-06  -0.000000e+00   2.706264e-10
   6.232083e-03   1.822338e-02   1.894159e-02   0.000000e+00   0.000000e+00   4.572973e-04   1.799638e-05   1.452465e-07  -0.000000e+00   3.100012e-09
   5.467607e-03   1.408482e-02   1.894159e-02   0.000000e+00   0.000000e+00   5.912388e-09   1.048474e-09   2.764016e-09   0.000000e+00   2.233116e-12
   3.846836e-03   1.261483e-02   1.894159e-02   0.000000e+00   0.000000e+00   4.145057e-10  -1.739838e-11  -2.210671e-12  -0.000000e+00   3.967417e-13
   7.371685e-03   1.348427e-02   1.894159e-02   0.000000e+00   0.000000e+00   3.567155e-05   6.444870e-06  -4.732936e-06  -0.000000e+00   5.376780e-10
   1.331741e-02   3.889721e-03   1.894159e-02   0.000000e+00   0.000000e+00   1.135563e-06  -4.545866e-11  -1.940258e-08  -0.000000e+00   4.836068e-11
   1.202172e-02   7.454251e-03   1.894159e-02   0.000000e+00   0.000000e+00   3.029441e-04   2.101690e-05   6.507361e-07  -0.000000e+00   2.031558e-09
   1.325648e-02   1.503014e-02   1.894159e-02   0.000000e+00   0.000000e+00   3.387062e-06  -7.616529e-07  -6.689542e-07  -0.000000e+00   1.115485e-10
   1.234588e-02   1.281659e-02   1.894159e-02   0.000000e+00   0.000000e+00   2.742514e-09   1.361941e-09   1.595723e-10   0.000000e+00   1.369179e-12
   1.502605e-02   1.819474e-02   1.894159e-02   0.000000e+00   0.000000e+00   6.951327e-07   2.496225e-07   8.376538e-08  -0.000000e+00   4.413579e-11
   1.087694e-02   1.849807e-02   1.894159e-02   0.000000e+00   0.000000e+00   7.950673e-07  -3.840833e-07  -9.392281e-08  -0.000000e+00   4.950663e-11
   1.035227e-02   1.245901e-02   1.894159e-02   0.000000e+00   0.000000e+00   4.648554e-05   1.736280e-05  -1.397955e-05  -0.000000e+00   9.127970e-10
   1.837236e-02   1.515265e-02   1.894159e-02   0.000000e+00   0.000000e+00   4.066561e-10  -1.798654e-10   6.216992e-11  -0.000000e+00   3.297432e-13
   1.372032e-02   9.864296e-03   1.894159e-02   0.000000e+00   0.000000e+00   1.046775e-06   1.802270e-07  -2.742213e-07  -0.000000e+00   6.721994e-11
                                                0.000000e+00   0.000000e+00   2.126356e-03   4.241106e-04   1.245422e-04   0.000000e+00   8.596932e-10

