              6

              1
             31
          pos_x          pos_y          pos_z       normal_x       normal_y       normal_z        tangt_x        tangt_y        tangt_z          pentr
   4.989260e-05   3.380494e-03   1.133906e-03  -1.166753e-04   0.000000e+00   0.000000e+00  -0.000000e+00  -1.687942e-06   2.595586e-05   1.770717e-09
   4.989260e-05   8.984831e-03   1.336891e-03  -2.878643e-04   0.000000e+00   0.000000e+00  -0.000000e+00  -3.868677e-05   7.017546e-05   2.182781e-09
   4.989260e-05   4.181318e-03   2.419248e-03  -1.438726e-06   0.000000e+00   0.000000e+00  -0.000000e+00  -2.037967e-07   6.410380e-08   7.323764e-11
   4.989260e-05   5.967724e-03   2.828801e-03  -3.663158e-05   0.000000e+00   0.000000e+00  -0.000000e+00   5.944232e-06   1.235637e-06   6.644471e-10
   4.989260e-05   8.908043e-03   5.258333e-03  -2.275681e-04   0.000000e+00   0.000000e+00  -0.000000e+00   1.019475e-04   1.409757e-05   1.724457e-09
   4.989260e-05   1.340349e-03   6.220960e-03  -2.642600e-04   0.000000e+00   0.000000e+00  -0.000000e+00   2.584248e-05  -2.967051e-06   2.809379e-09
   4.989260e-05   1.175047e-03   8.977009e-03  -2.040845e-04   0.000000e+00   0.000000e+00  -0.000000e+00   7.731119e-05   4.225432e-05   2.187822e-09
   4.989260e-05   6.664767e-03   7.235160e-03  -1.426560e-08   0.000000e+00   0.000000e+00   0.000000e+00   6.671002e-09   2.524789e-09   3.773623e-12
   4.989260e-05   8.418635e-03   8.704462e-03  -7.375103e-04   0.000000e+00   0.000000e+00  -0.000000e+00   1.414301e-04  -2.694675e-04   4.852994e-09
   4.989260e-05   3.506867e-03   9.696155e-03  -1.472626e-04   0.000000e+00   0.000000e+00   0.000000e+00  -4.379790e-05  -5.918880e-05   1.756728e-09
   4.989260e-05   5.881061e-03   1.565854e-02  -1.081823e-04   0.000000e+00   0.000000e+00  -0.000000e+00   1.149465e-05  -1.431428e-05   1.038417e-09
   4.989260e-05   8.195038e-03   1.538552e-02  -2.106267e-07   0.000000e+00   0.000000e+00   0.000000e+00  -5.398419e-08   9.042458e-08   2.262721e-11
   4.989260e-05   2.553708e-03   1.493747e-02  -4.360041e-05   0.000000e+00   0.000000e+00  -0.000000e+00  -4.630145e-06  -1.931441e-05   7.602648e-10
   4.989260e-05   7.382516e-03   1.283241e-02  -6.836733e-07   0.000000e+00   0.000000e+00  -0.000000e+00  -2.251144e-07   2.196888e-07   4.754305e-11
   4.989260e-05   4.464806e-03   1.288554e-02  -4.528049e-05   0.000000e+00   0.000000e+00  -0.000000e+00   1.489844e-05   1.452188e-06   6.930600e-10
   4.989260e-05   1.173317e-03   1.241133e-02  -9.741644e-05   0.000000e+00   0.000000e+00  -0.000000e+00   8.266387e-06  -1.055935e-06   1.574610e-09
   4.989260e-05   1.795264e-02   8.857984e-04  -6.426189e-04   0.000000e+00   0.000000e+00  -0.000000e+00  -1.191035e-04   9.417839e-05   4.628502e-09
   4.989260e-05   1.550195e-02   1.193099e-03  -9.326611e-05   0.000000e+00   0.000000e+00  -0.000000e+00  -6.368492e-07   2.388969e-06   1.362230e-09
   4.989260e-05   1.387013e-02   2.786885e-03  -1.670272e-03   0.000000e+00   0.000000e+00  -0.000000e+00   7.089984e-05   6.348810e-04   7.343750e-09
   4.989260e-05   1.501960e-02   7.406210e-03  -1.204411e-07   0.000000e+00   0.000000e+00   0.000000e+00   4.681931e-08   3.787435e-08   1.397302e-11
   4.989260e-05   1.589447e-02   4.536337e-03  -5.608538e-06   0.000000e+00   0.000000e+00  -0.000000e+00  -2.245943e-06   1.469404e-06   2.274394e-10
   4.989260e-05   1.595348e-02   8.711808e-03  -1.823643e-04   0.000000e+00   0.000000e+00   0.000000e+00   6.420658e-05  -6.474332e-05   1.879364e-09
   4.989260e-05   1.265197e-02   6.697162e-04  -1.213440e-04   0.000000e+00   0.000000e+00  -0.000000e+00   1.147672e-05   5.355744e-05   1.915151e-09
   4.989260e-05   1.902623e-02   9.438381e-03  -1.016416e-04   0.000000e+00   0.000000e+00  -0.000000e+00  -4.640527e-05   2.650639e-07   1.295020e-09
   4.989260e-05   1.316794e-02   1.757113e-02  -2.101767e-06   0.000000e+00   0.000000e+00   0.000000e+00  -2.914389e-07   1.009663e-06   8.579081e-11
   4.989260e-05   1.214037e-02   1.559962e-02  -7.923919e-07   0.000000e+00   0.000000e+00   0.000000e+00  -2.569507e-07   3.015751e-07   5.356369e-11
   4.989260e-05   1.741424e-02   1.499365e-02  -6.242431e-04   0.000000e+00   0.000000e+00  -0.000000e+00  -1.251786e-04  -3.001051e-05   3.541257e-09
   4.989260e-05   1.028000e-02   1.481541e-02  -1.357710e-04   0.000000e+00   0.000000e+00  -0.000000e+00  -1.584150e-05   2.874855e-05   1.545238e-09
   4.989260e-05   1.651282e-02   1.219789e-02  -1.001302e-07   0.000000e+00   0.000000e+00  -0.000000e+00   5.699464e-09   1.162757e-08   1.246401e-11
   4.989260e-05   1.840148e-02   1.193710e-02  -2.217236e-04   0.000000e+00   0.000000e+00  -0.000000e+00  -1.034327e-04   3.621351e-05   2.263566e-09
   4.989260e-05   1.042249e-02   9.533098e-03  -1.137007e-04   0.000000e+00   0.000000e+00   0.000000e+00  -5.495531e-05   1.455592e-05   1.369017e-09
                                               -6.234352e-03   0.000000e+00   0.000000e+00   0.000000e+00  -2.385646e-05   5.621049e-04   1.603199e-09

              2
             11
          pos_x          pos_y          pos_z       normal_x       normal_y       normal_z        tangt_x        tangt_y        tangt_z          pentr
   1.995007e-02   9.508461e-03   5.789122e-03   6.974723e-06   0.000000e+00   0.000000e+00  -0.000000e+00  -9.869010e-07  -1.025527e-06   1.933343e-10
   1.995007e-02   3.726216e-03   9.196076e-03   1.262806e-06   0.000000e+00   0.000000e+00  -0.000000e+00  -3.440323e-08  -5.091980e-08   7.372402e-11
   1.995007e-02   9.719662e-03   1.116254e-03   1.059138e-03   0.000000e+00   0.000000e+00  -0.000000e+00  -2.045194e-04  -1.856142e-04   5.607485e-09
   1.995007e-02   1.000206e-02   7.497603e-03   1.199129e-06   0.000000e+00   0.000000e+00   0.000000e+00   3.254979e-07   5.035164e-07   7.705225e-11
   1.995007e-02   3.166543e-03   1.059756e-02   7.460239e-07   0.000000e+00   0.000000e+00   0.000000e+00   3.729992e-07  -3.081323e-09   5.032905e-11
   1.995007e-02   1.880556e-02   1.200493e-03   1.134465e-04   0.000000e+00   0.000000e+00  -0.000000e+00  -3.600759e-07   4.230982e-06   1.687096e-09
   1.995007e-02   1.714619e-02   4.371377e-03   1.238087e-06   0.000000e+00   0.000000e+00   0.000000e+00   6.063325e-07  -1.248022e-07   8.695919e-11
   1.995007e-02   1.836190e-02   5.960738e-03   5.174322e-05   0.000000e+00   0.000000e+00   0.000000e+00   8.319319e-07   2.585823e-05   8.226007e-10
   1.995007e-02   1.452714e-02   9.229775e-04   1.200434e-04   0.000000e+00   0.000000e+00  -0.000000e+00  -8.130740e-08   2.270829e-06   1.618812e-09
   1.995007e-02   1.813415e-02   1.446791e-02   3.444314e-07   0.000000e+00   0.000000e+00  -0.000000e+00  -7.531689e-08   1.093417e-07   2.471498e-11
   1.995007e-02   1.302450e-02   1.166066e-02   4.577450e-04   0.000000e+00   0.000000e+00   0.000000e+00   8.775027e-06   2.287042e-04   4.154039e-09
                                                1.813882e-03   0.000000e+00   0.000000e+00   0.000000e+00  -1.951456e-04   7.485862e-05   1.308741e-09

              3
             13
          pos_x          pos_y          pos_z       normal_x       normal_y       normal_z        tangt_x        tangt_y        tangt_z          pentr
   1.679277e-03   4.989490e-05   6.343892e-03   0.000000e+00  -2.093203e-04   0.000000e+00   5.821519e-05  -0.000000e+00   3.948752e-06   2.103650e-09
   1.410508e-03   4.989490e-05   8.364635e-03   0.000000e+00  -1.694304e-04   0.000000e+00   1.994029e-05  -0.000000e+00  -8.618828e-06   1.641661e-09
   2.438692e-03   4.989490e-05   4.990806e-03   0.000000e+00  -3.483942e-07   0.000000e+00  -4.676619e-09  -0.000000e+00   3.744823e-09   3.527023e-11
   5.678771e-03   4.989490e-05   6.321212e-03   0.000000e+00  -6.063544e-08   0.000000e+00  -1.811448e-08  -0.000000e+00  -1.441571e-08   1.107048e-11
   9.642598e-03   4.989490e-05   1.472798e-03   0.000000e+00  -5.252022e-04   0.000000e+00   1.133186e-05  -0.000000e+00   6.933752e-05   4.114408e-09
   6.473047e-03   4.989490e-05   1.656180e-02   0.000000e+00  -6.752204e-05   0.000000e+00  -1.661286e-05   0.000000e+00   2.939080e-05   7.924332e-10
   1.072880e-03   4.989490e-05   1.255191e-02   0.000000e+00  -1.068768e-04   0.000000e+00   1.389294e-05  -0.000000e+00   1.965712e-06   1.759823e-09
   3.095478e-03   4.989490e-05   1.070962e-02   0.000000e+00  -6.737841e-04   0.000000e+00  -1.172019e-04  -0.000000e+00   2.063741e-05   5.016301e-09
   1.757000e-02   4.989490e-05   1.858852e-03   0.000000e+00  -2.182260e-04   0.000000e+00   4.494288e-05  -0.000000e+00   7.048789e-05   2.014518e-09
   1.853735e-02   4.989490e-05   9.263624e-03   0.000000e+00  -1.959461e-05   0.000000e+00  -3.398883e-07  -0.000000e+00   3.864599e-06   3.768799e-10
   1.535192e-02   4.989490e-05   9.993082e-04   0.000000e+00  -2.494194e-04   0.000000e+00   9.385648e-06  -0.000000e+00   4.553602e-05   2.983874e-09
   1.432357e-02   4.989490e-05   8.997739e-03   0.000000e+00  -2.091764e-04   0.000000e+00   1.873171e-05  -0.000000e+00   3.902801e-05   1.886544e-09
   1.030133e-02   4.989490e-05   3.400556e-03   0.000000e+00  -1.116053e-08   0.000000e+00  -2.077221e-09  -0.000000e+00   2.167400e-09   2.524502e-12
                                                0.000000e+00  -2.448972e-03   0.000000e+00   4.226096e-05   0.000000e+00   2.755694e-04   1.749150e-09

              4
             21
          pos_x          pos_y          pos_z       normal_x       normal_y       normal_z        tangt_x        tangt_y        tangt_z          pentr
   1.813310e-03   1.995007e-02   2.515301e-03   0.000000e+00   4.613758e-05   0.000000e+00   5.051375e-06  -0.000000e+00   1.632930e-05   6.839602e-10
   3.849147e-03   1.995007e-02   4.261908e-03   0.000000e+00   1.631844e-04   0.000000e+00  -1.283769e-05  -0.000000e+00   7.933936e-05   1.504034e-09
   9.639421e-03   1.995007e-02   7.411145e-03   0.000000e+00   3.901371e-08   0.000000e+00   2.460174e-09   0.000000e+00   1.935110e-08   6.631022e-12
   4.868835e-03   1.995007e-02   1.289257e-03   0.000000e+00   4.643005e-04   0.000000e+00   1.208352e-04  -0.000000e+00   1.334655e-04   3.229641e-09
   7.773286e-03   1.995007e-02   9.300912e-03   0.000000e+00   3.334690e-06   0.000000e+00   2.896513e-07  -0.000000e+00  -1.986060e-07   1.157671e-10
   9.395504e-03   1.995007e-02   1.333022e-03   0.000000e+00   9.599191e-05   0.000000e+00  -1.178320e-06  -0.000000e+00   2.107967e-05   1.364254e-09
   7.632387e-03   1.995007e-02   6.655587e-03   0.000000e+00   3.737402e-08   0.000000e+00  -2.449792e-09  -0.000000e+00   1.044202e-08   7.140451e-12
   7.976902e-04   1.995007e-02   9.432036e-03   0.000000e+00   1.253509e-04   0.000000e+00   6.102747e-05  -0.000000e+00  -5.548772e-07   1.757744e-09
   2.320483e-03   1.995007e-02   1.562094e-02   0.000000e+00   7.012842e-04   0.000000e+00   3.366083e-04  -0.000000e+00   9.407020e-05   4.062331e-09
   9.707277e-03   1.995007e-02   1.458631e-02   0.000000e+00   3.196595e-05   0.000000e+00   1.191226e-05  -0.000000e+00  -4.157158e-06   4.708462e-10
   1.668846e-03   1.995007e-02   1.139927e-02   0.000000e+00   2.113424e-04   0.000000e+00   1.722913e-05  -0.000000e+00  -5.307830e-06   2.082406e-09
   3.924641e-03   1.995007e-02   9.653881e-03   0.000000e+00   2.457222e-04   0.000000e+00   5.205131e-07  -0.000000e+00   2.094907e-07   1.689800e-09
   1.794833e-02   1.995007e-02   5.011864e-03   0.000000e+00   7.606194e-06   0.000000e+00  -3.390350e-06   0.000000e+00  -1.723099e-06   2.443659e-10
   1.574648e-02   1.995007e-02   4.718848e-03   0.000000e+00   6.562715e-07   0.000000e+00  -5.583643e-08  -0.000000e+00  -6.306627e-08   4.520301e-11
   1.547291e-02   1.995007e-02   1.010465e-03   0.000000e+00   8.749398e-05   0.000000e+00  -3.078782e-06  -0.000000e+00   9.922836e-06   1.201402e-09
   1.368083e-02   1.995007e-02   1.891403e-03   0.000000e+00   2.118432e-04   0.000000e+00  -1.264352e-06  -0.000000e+00   4.048835e-05   2.078687e-09
   1.406909e-02   1.995007e-02   6.042542e-03   0.000000e+00   6.447373e-06   0.000000e+00   1.257956e-07  -0.000000e+00   2.548169e-06   2.022065e-10
   1.427611e-02   1.995007e-02   1.022728e-02   0.000000e+00   4.326795e-08   0.000000e+00   1.249500e-08   0.000000e+00  -1.766080e-08   7.476516e-12
   1.083668e-02   1.995007e-02   1.681084e-02   0.000000e+00   7.697163e-06   0.000000e+00   2.307418e-06  -0.000000e+00   2.031590e-07   2.562214e-10
   1.647990e-02   1.995007e-02   1.296101e-02   0.000000e+00   1.188228e-04   0.000000e+00   1.364349e-05  -0.000000e+00   5.399580e-05   1.101340e-09
   1.888827e-02   1.995007e-02   1.258992e-02   0.000000e+00   3.681324e-06   0.000000e+00   1.079699e-06  -0.000000e+00   2.440072e-07   1.438128e-10
                                                0.000000e+00   2.532983e-03   0.000000e+00   5.488375e-04   0.000000e+00   4.399033e-04   1.059775e-09

              5
             27
          pos_x          pos_y          pos_z       normal_x       normal_y       normal_z        tangt_x        tangt_y        tangt_z          pentr
   2.272010e-03   1.659359e-03   4.990985e-05   0.000000e+00   0.000000e+00  -2.716065e-07  -5.368670e-08  -2.905119e-08  -0.000000e+00   2.130064e-11
   1.330590e-03   3.448896e-03   4.990985e-05   0.000000e+00   0.000000e+00  -9.957555e-05   3.568488e-05   1.923408e-06  -0.000000e+00   1.420224e-09
   6.038577e-03   8.936573e-03   4.990985e-05   0.000000e+00   0.000000e+00  -1.840218e-05   6.741936e-06   4.356137e-06  -0.000000e+00   4.956551e-10
   1.205814e-03   9.696102e-03   4.990985e-05   0.000000e+00   0.000000e+00  -3.162489e-04   1.340489e-04   8.248405e-05  -0.000000e+00   2.566721e-09
   3.822518e-03   9.088693e-03   4.990985e-05   0.000000e+00   0.000000e+00  -5.687751e-04  -9.009735e-05   4.517995e-05  -0.000000e+00   3.379400e-09
   5.181803e-03   3.544377e-03   4.990985e-05   0.000000e+00   0.000000e+00  -4.363318e-08  -2.259740e-09   2.806127e-09  -0.000000e+00   7.634902e-12
   6.243462e-03   6.582840e-03   4.990985e-05   0.000000e+00   0.000000e+00  -4.211487e-09   3.419219e-10  -2.077798e-09   0.000000e+00   1.651383e-12
   8.215404e-03   7.946225e-03   4.990985e-05   0.000000e+00   0.000000e+00  -1.617046e-04   4.325805e-05  -4.829263e-05  -0.000000e+00   1.530247e-09
   9.352457e-03   2.312655e-03   4.990985e-05   0.000000e+00   0.000000e+00  -3.200827e-04  -8.348037e-06   6.341789e-05  -0.000000e+00   2.153863e-09
   1.097959e-03   1.837739e-02   4.990985e-05   0.000000e+00   0.000000e+00  -8.205258e-05   2.591133e-05   4.223913e-06  -0.000000e+00   9.822624e-10
   4.080837e-03   1.869044e-02   4.990985e-05   0.000000e+00   0.000000e+00  -1.888554e-04  -1.234715e-06  -1.244249e-05  -0.000000e+00   1.806553e-09
   1.090805e-03   1.583970e-02   4.990985e-05   0.000000e+00   0.000000e+00  -1.021031e-04   3.929345e-05   1.270280e-05  -0.000000e+00   1.565758e-09
   5.043414e-03   1.613726e-02   4.990985e-05   0.000000e+00   0.000000e+00  -2.867166e-04   2.031906e-06  -3.918164e-06  -0.000000e+00   2.186136e-09
   2.502056e-03   1.443425e-02   4.990985e-05   0.000000e+00   0.000000e+00  -1.765615e-03   1.580367e-04   5.140972e-05  -0.000000e+00   8.302515e-09
   9.471617e-03   1.892673e-02   4.990985e-05   0.000000e+00   0.000000e+00  -1.217543e-04   4.371402e-06  -5.830462e-05  -0.000000e+00   1.869068e-09
   1.016010e-03   1.251970e-02   4.990985e-05   0.000000e+00   0.000000e+00  -7.907180e-05   1.653194e-05  -2.195262e-06  -0.000000e+00   1.058970e-09
   7.105069e-03   1.091646e-02   4.990985e-05   0.000000e+00   0.000000e+00  -1.154011e-08  -7.782149e-10   1.917992e-09  -0.000000e+00   2.630389e-12
   9.670069e-03   1.581576e-02   4.990985e-05   0.000000e+00   0.000000e+00  -9.980481e-09  -1.063084e-09  -2.543805e-09  -0.000000e+00   2.676958e-12
   1.699432e-02   1.985029e-03   4.990985e-05   0.000000e+00   0.000000e+00  -8.256727e-04   3.537470e-05   2.618537e-04  -0.000000e+00   4.812322e-09
   1.513258e-02   1.286338e-03   4.990985e-05   0.000000e+00   0.000000e+00  -1.758074e-04  -1.630244e-05   8.444919e-05  -0.000000e+00   1.968743e-09
   1.062017e-02   6.437446e-03   4.990985e-05   0.000000e+00   0.000000e+00  -7.586080e-07  -1.355469e-07  -3.542577e-07   0.000000e+00   4.307648e-11
   1.871552e-02   1.891080e-02   4.990985e-05   0.000000e+00   0.000000e+00  -1.050990e-04  -3.350451e-05   2.855599e-06  -0.000000e+00   1.531751e-09
   1.902408e-02   1.455993e-02   4.990985e-05   0.000000e+00   0.000000e+00  -1.127588e-04  -3.214757e-05   1.119927e-06  -0.000000e+00   1.483831e-09
   1.578086e-02   1.914864e-02   4.990985e-05   0.000000e+00   0.000000e+00  -1.048838e-04   9.080346e-06  -2.418409e-05  -0.000000e+00   1.575155e-09
   1.373905e-02   1.848488e-02   4.990985e-05   0.000000e+00   0.000000e+00  -2.663252e-04   3.152225e-06  -8.433188e-05  -0.000000e+00   2.806213e-09
   1.885263e-02   1.173801e-02   4.990985e-05   0.000000e+00   0.000000e+00  -5.805868e-07  -6.928536e-08   2.114066e-07  -0.000000e+00   4.141773e-11
   1.490008e-02   1.431186e-02   4.990985e-05   0.000000e+00   0.000000e+00  -1.359020e-06   3.046759e-07  -6.073768e-07   0.000000e+00   7.122076e-11
                                                0.000000e+00   0.000000e+00  -5.704544e-03   3.319256e-04   3.815280e-04   0.000000e+00   1.618037e-09

              6
              9
          pos_x          pos_y          pos_z       normal_x       normal_y       normal_z        tangt_x        tangt_y        tangt_z          pentr
   1.887044e-03   8.309506e-03   1.903159e-02   0.000000e+00   0.000000e+00   3.004251e-06   1.021651e-06  -8.282307e-07  -0.000000e+00   9.921653e-11
   8.158475e-03   6.212023e-03   1.903159e-02   0.000000e+00   0.000000e+00   5.876333e-06   2.698925e-06   3.037851e-07  -0.000000e+00   1.924191e-10
   8.752778e-03   1.771626e-02   1.903159e-02   0.000000e+00   0.000000e+00   1.081819e-05  -2.236716e-06   2.088814e-06  -0.000000e+00   2.547593e-10
   6.123551e-03   1.864564e-02   1.903159e-02   0.000000e+00   0.000000e+00   3.765583e-06  -1.882190e-06   4.758797e-08   0.000000e+00   1.295921e-10
   7.643645e-03   1.026238e-02   1.903159e-02   0.000000e+00   0.000000e+00   1.011859e-05   1.816585e-06  -1.445126e-06  -0.000000e+00   2.422261e-10
   1.624795e-02   6.823913e-03   1.903159e-02   0.000000e+00   0.000000e+00   1.429977e-04  -1.407164e-05   2.439611e-05  -0.000000e+00   1.257169e-09
   1.290220e-02   3.914740e-03   1.903159e-02   0.000000e+00   0.000000e+00   2.221184e-05  -5.659040e-06  -9.555977e-06   0.000000e+00   3.593825e-10
   1.209816e-02   8.027127e-03   1.903159e-02   0.000000e+00   0.000000e+00   1.040209e-06  -1.867415e-07  -3.151944e-07  -0.000000e+00   4.827035e-11
   1.558356e-02   1.008871e-02   1.903159e-02   0.000000e+00   0.000000e+00   3.063667e-06  -2.014838e-07   1.518525e-06   0.000000e+00   1.445281e-10
                                                0.000000e+00   0.000000e+00   2.028963e-04  -1.870064e-05   1.621029e-05   0.000000e+00   3.030626e-10

