              5             21   1.209054e-03   1.282977e-03   1.554663e-03   1.209057e-03   1.282978e-03   1.554661e-03   1.013860e-03   8.559825e-04   3.400192e-09   1.524978e-06   1.256234e-06   4.641280e-04   2.400000e+10   1.366860e-04   6.834300e-05   7.544908e-05   1.209056e-03   1.282978e-03   1.554662e-03   1.030911e-04   4.390887e-05  -7.827706e-05   2.951681e-05  -6.148545e-05   4.366115e-06   1.651238e-05   2.934057e+00   7.542185e-01   3.212389e-01  -5.726780e-01
              5            109   2.195186e-03   1.883823e-03   1.942733e-03   2.195186e-03   1.883823e-03   1.942732e-03   1.855857e-03   2.042316e-03   1.469687e-09   2.331986e-07   1.195406e-06   9.723135e-04   2.400000e+10   5.621993e-05   2.221505e-05   4.826513e-05   2.195186e-03   1.883823e-03   1.942733e-03  -9.317949e-06  -6.453796e-06  -5.506546e-05  -1.550814e-05   1.588803e-05   7.592937e-07   2.969242e-05   7.742027e+00  -1.657410e-01  -1.147955e-01  -9.794651e-01
              7             45   5.762685e-03   1.765008e-03   1.638854e-03   5.762685e-03   1.765008e-03   1.638854e-03   1.675841e-03   1.799498e-03   3.334515e-11   1.573726e-08   1.701022e-07   8.677348e-04   2.400000e+10   1.815066e-07   9.075331e-08   1.690871e-05   5.762685e-03   1.765008e-03   1.638854e-03   1.242405e-07  -6.719335e-08  -1.139912e-07   4.112112e-08  -5.259068e-08   6.147713e-08   6.636884e-05   5.773023e-01   6.844957e-01  -3.701978e-01  -6.280281e-01
             41            102   3.957788e-03   1.097299e-02   1.774062e-03   3.957788e-03   1.097299e-02   1.774062e-03   1.032562e-03   9.666433e-04   1.576214e-10   5.323314e-09   2.805241e-07   4.992581e-04   2.400000e+10   1.414931e-06   6.593230e-07  -1.483146e-07   3.957788e-03   1.097299e-02   1.774062e-03   3.640017e-07  -1.312269e-06  -3.840372e-07  -6.227553e-07  -1.242755e-07  -1.773082e-07   6.129405e-05   6.914872e+00   2.572575e-01  -9.274433e-01  -2.714176e-01
             45            109   4.131360e-03   2.472284e-03   2.566416e-03   4.131360e-03   2.472284e-03   2.566416e-03   1.660735e-03   1.707452e-03   6.279806e-10   4.694814e-08   7.271089e-07   8.418848e-04   2.400000e+10   1.461153e-05   7.288299e-06   7.781899e-06   4.131360e-03   2.472284e-03   2.566416e-03   1.350939e-05   6.496188e-07  -5.529133e-06   2.833102e-07  -7.280749e-06  -1.724229e-07   3.807182e-05   6.301428e+00   9.245702e-01   4.445933e-02  -3.784089e-01
             45            125   5.636265e-03   1.949670e-03   3.296245e-03   5.636265e-03   1.949670e-03   3.296244e-03   1.402112e-03   2.546409e-03   3.105828e-10   3.835252e-08   5.299402e-07   9.042248e-04   2.400000e+10   5.266890e-06   2.454035e-06   7.393937e-06   5.636265e-03   1.949670e-03   3.296245e-03  -1.449625e-06   4.858527e-07  -5.040106e-06  -1.852486e-06   1.461975e-06   6.732088e-07   4.459539e-05   1.099259e+01  -2.752335e-01   9.224661e-02  -9.569415e-01
             69            125   6.817340e-03   1.353018e-03   3.782532e-03   6.817341e-03   1.353018e-03   3.782532e-03   9.936076e-04   1.565391e-03   8.742237e-10   4.382153e-08   7.289456e-07   6.078097e-04   2.400000e+10   2.039237e-05   1.019619e-05   1.386609e-05   6.817341e-03   1.353018e-03   3.782532e-03   1.576816e-05  -5.965330e-06  -1.147295e-05  -2.508974e-06  -9.750419e-06   1.611385e-06   3.802383e-05   5.283191e+00   7.732384e-01  -2.925276e-01  -5.626100e-01
             69             71   8.459927e-03   1.200072e-03   2.154814e-03   8.459926e-03   1.200072e-03   2.154815e-03   1.155754e-03   1.779725e-03   1.365607e-09   9.999952e-08   9.782108e-07   7.007114e-04   2.400000e+10   4.274725e-05   2.137362e-05  -2.544129e-05   8.459926e-03   1.200072e-03   2.154814e-03  -3.130047e-05  -1.088396e-05   2.700272e-05   1.103794e-06  -2.021046e-05  -6.866637e-06   3.282367e-05   1.225045e+01  -7.322219e-01  -2.546119e-01   6.316834e-01
             93            117   2.113795e-03   4.854090e-03   4.087121e-03   2.113795e-03   4.854090e-03   4.087121e-03   1.474024e-03   1.204593e-03   5.748686e-10   5.130709e-07   6.173072e-07   6.628789e-04   2.400000e+10   1.135586e-05   5.677928e-06  -7.383924e-06   2.113795e-03   4.854090e-03   4.087121e-03   1.387990e-06   9.236280e-06  -6.459108e-06   8.662048e-07  -3.302548e-06  -4.536710e-06   5.891999e-05   1.468980e+00   1.222268e-01   8.133495e-01  -5.687910e-01
             93            145   3.602923e-03   7.754534e-03   3.174016e-03   3.602923e-03   7.754534e-03   3.174016e-03   1.981456e-03   1.335645e-03   3.713869e-10   8.605881e-08   5.443418e-07   7.978419e-04   2.400000e+10   6.469165e-06   3.234582e-06   1.526229e-06   3.602923e-03   7.754534e-03   3.174016e-03  -2.578932e-06  -5.341236e-06  -2.582712e-06   2.873101e-06  -7.751496e-07  -1.267659e-06   6.274476e-05   1.406682e+01  -3.986499e-01  -8.256454e-01  -3.992342e-01
             93            149   3.842948e-03   5.282571e-03   3.368867e-03   3.842948e-03   5.282571e-03   3.368866e-03   1.692573e-03   1.646819e-03   6.955312e-10   2.437032e-07   7.619408e-07   8.346912e-04   2.400000e+10   1.695852e-05   8.479258e-06   3.171127e-06   3.842948e-03   5.282571e-03   3.368866e-03  -9.608646e-06   1.260805e-05  -6.025126e-06   3.813715e-06   5.430680e-06   5.278362e-06   3.923845e-05   5.001424e+00  -5.665971e-01   7.434645e-01  -3.552862e-01
            109            117   2.207183e-03   2.619874e-03   4.075100e-03   2.207183e-03   2.619873e-03   4.075099e-03   2.571344e-03   2.570572e-03   1.259799e-09   1.867392e-06   1.272574e-06   1.285479e-03   2.400000e+10   5.130199e-05   2.565100e-05   3.193992e-06   2.207183e-03   2.619874e-03   4.075100e-03   1.776143e-05  -3.118751e-05  -3.665741e-05   6.901901e-06   2.036699e-05  -1.398295e-05   3.735818e-05   2.129344e+00   3.462132e-01  -6.079200e-01  -7.145416e-01
            109            149   3.750604e-03   3.476346e-03   3.370806e-03   3.750604e-03   3.476346e-03   3.370806e-03   1.195063e-03   1.031170e-03   6.789811e-10   2.832483e-07   6.130617e-07   5.535420e-04   2.400000e+10   1.332023e-05   4.597527e-06   2.794061e-06   3.750604e-03   3.476346e-03   3.370806e-03  -6.752850e-06  -1.120262e-05  -2.515723e-06   3.695824e-06  -2.483938e-06   1.143764e-06   4.146210e-05   1.451289e+01  -5.069618e-01  -8.410231e-01  -1.888647e-01
            109            173   2.704884e-03   1.065726e-03   4.554699e-03   2.704885e-03   1.065726e-03   4.554698e-03   1.717567e-03   1.217296e-03   1.137931e-09   2.349915e-07   9.003658e-07   7.123969e-04   2.400000e+10   3.278574e-05   1.451438e-05   2.652531e-05   2.704884e-03   1.065726e-03   4.554699e-03   5.064974e-06   1.224229e-05  -2.998961e-05   2.677582e-06  -1.335585e-05  -5.011890e-06   2.093686e-05   4.944095e+00   1.544871e-01   3.734031e-01  -9.147152e-01
            117            149   3.487963e-03   4.041232e-03   4.661810e-03   3.487962e-03   4.041232e-03   4.661810e-03   1.497423e-03   1.305215e-03   3.138199e-10   5.419454e-08   4.678106e-07   6.973640e-04   2.400000e+10   4.697865e-06   2.348933e-06   2.866987e-06   3.487963e-03   4.041232e-03   4.661810e-03  -3.910805e-06  -1.701359e-06   1.970005e-06  -1.195697e-06   1.877549e-06  -7.500691e-07   4.746444e-05   2.050228e+00  -8.324643e-01  -3.621557e-01   4.193406e-01
            117            157   1.427250e-03   1.995819e-03   5.951302e-03   1.427250e-03   1.995820e-03   5.951301e-03   1.265798e-03   1.811138e-03   1.102690e-09   9.114632e-08   9.064114e-07   7.450706e-04   2.400000e+10   3.198369e-05   1.599185e-05   3.496646e-06   1.427250e-03   1.995819e-03   5.951302e-03   2.533729e-06   2.424254e-05  -2.070836e-05  -3.108281e-07  -1.036563e-05  -1.217359e-05   3.409893e-05   1.200919e+00   7.921941e-02   7.579657e-01  -6.474661e-01
            125            201   6.152425e-03   3.966382e-03   5.033742e-03   6.152425e-03   3.966381e-03   5.033742e-03   9.657257e-04   2.661917e-03   7.609075e-10   5.297339e-09   7.343073e-07   7.086370e-04   2.400000e+10   1.787968e-05   4.982336e-06   5.110839e-06   6.152425e-03   3.966382e-03   5.033742e-03  -5.789698e-06  -1.637074e-05  -4.261601e-06  -2.312516e-06  -3.621485e-07   4.398272e-06   5.402247e-05   8.773632e+00  -3.238145e-01  -9.156058e-01  -2.383489e-01
            125            205   4.587442e-03   2.039011e-03   5.426765e-03   4.587443e-03   2.039011e-03   5.426764e-03   1.995017e-03   1.519498e-03   1.129015e-09   2.029356e-08   9.868256e-07   8.625441e-04   2.400000e+10   3.565250e-05   8.866697e-06   2.482421e-05   4.587443e-03   2.039011e-03   5.426764e-03   2.494008e-05   9.784499e-06  -2.352353e-05   5.292392e-06   2.514962e-06   6.654613e-06   3.268009e-05   2.028412e+01   6.995325e-01   2.744408e-01  -6.598003e-01
            141            206   1.566288e-03   1.073603e-02   6.993711e-03   1.566288e-03   1.073603e-02   6.993711e-03   1.378041e-03   9.109014e-04   2.112958e-11   3.190121e-08   1.076452e-07   5.484016e-04   2.400000e+10   7.278396e-08   2.677041e-08  -2.026780e-08   1.566288e-03   1.073603e-02   6.993711e-03   6.765032e-09  -6.795228e-08  -2.518385e-08  -2.209168e-08  -7.189046e-09   1.330151e-08   1.043939e-04   6.358697e+01   9.294674e-02  -9.336162e-01  -3.460083e-01
            145            222   3.443873e-03   1.046863e-02   5.041164e-03   3.443873e-03   1.046863e-02   5.041163e-03   1.257464e-03   6.753643e-04   4.102225e-10   1.789362e-07   4.245511e-07   4.393801e-04   2.400000e+10   5.573133e-06   1.502691e-06   3.759763e-06   3.443873e-03   1.046863e-02   5.041163e-03   5.483435e-07  -3.402399e-06  -4.379819e-06  -6.916746e-07  -1.096110e-06   7.604022e-07   3.048990e-05   9.041491e+00   9.839054e-02  -6.105002e-01  -7.858809e-01
            157            167   1.618594e-03   1.039232e-03   7.543127e-03   1.618594e-03   1.039232e-03   7.543124e-03   1.856148e-03   9.281021e-04   2.655232e-09   4.348650e-07   1.281744e-06   6.187285e-04   2.400000e+10   1.089065e-04   3.726846e-05   1.078064e-04   1.618594e-03   1.039232e-03   7.543125e-03   1.327888e-05   8.275311e-06  -1.077767e-04  -2.314950e-05   2.920041e-05  -6.121398e-07   2.417789e-05   7.814958e+02   1.219291e-01   7.598546e-02  -9.896259e-01
            157            173   1.911632e-03   9.688961e-04   5.723014e-03   1.911631e-03   9.688963e-04   5.723014e-03   1.594779e-03   8.985858e-04   6.444460e-10   2.358127e-07   6.085978e-07   5.747437e-04   2.400000e+10   1.255067e-05   6.275334e-06  -6.738903e-06   1.911631e-03   9.688962e-04   5.723014e-03  -7.714045e-06   2.360687e-06   9.614570e-06   4.893797e-06  -1.114290e-08   3.928161e-06   2.372356e-05   2.820229e+00  -6.146322e-01   1.880925e-01   7.660604e-01
            157            205   2.900766e-03   1.196650e-03   6.512482e-03   2.900764e-03   1.196650e-03   6.512482e-03   1.081260e-03   1.184652e-03   2.233282e-09   3.031506e-07   1.123598e-06   5.652987e-04   2.400000e+10   8.029794e-05   4.014897e-05  -6.217431e-06   2.900765e-03   1.196650e-03   6.512482e-03  -7.917180e-05  -3.869699e-06   1.283008e-05   6.538176e-06  -1.971563e-05   3.435820e-05   2.582342e-05   6.185777e-01  -9.859755e-01  -4.819176e-02   1.597810e-01
            167            237   1.127050e-03   9.155697e-04   1.022083e-02   1.127050e-03   9.155700e-04   1.022083e-02   1.145220e-03   9.229533e-04   1.817778e-09   1.752868e-07   9.638540e-07   5.110715e-04   2.400000e+10   5.606632e-05   2.803316e-05   4.757925e-05   1.127050e-03   9.155698e-04   1.022083e-02   5.122088e-06   8.987737e-06  -5.510370e-05   5.548536e-06   2.703380e-05   4.923980e-06   1.885122e-05   1.787411e+00   9.135765e-02   1.603054e-01  -9.828306e-01
            173            205   3.122377e-03   1.284222e-03   5.506046e-03   3.122376e-03   1.284222e-03   5.506045e-03   8.927770e-04   1.339352e-03   1.360018e-09   5.239615e-07   8.535550e-07   5.356960e-04   2.400000e+10   3.714720e-05   1.857360e-05   5.601899e-06   3.122376e-03   1.284222e-03   5.506045e-03  -2.814223e-05  -1.562113e-05  -1.854480e-05   8.269755e-06   4.197513e-06  -1.609256e-05   2.003223e-05   4.804613e-01  -7.575868e-01  -4.205197e-01  -4.992248e-01
            201            209   6.600146e-03   6.862857e-03   4.926509e-03   6.600146e-03   6.862857e-03   4.926509e-03   2.146624e-03   1.825380e-03   2.631116e-10   1.212501e-07   5.094713e-07   9.865057e-04   2.400000e+10   4.289530e-06   1.467360e-06  -4.346632e-09   6.600146e-03   6.862857e-03   4.926509e-03   3.982761e-07  -4.270999e-06   3.536667e-09  -6.406795e-07  -6.085216e-08  -1.318701e-06   4.798578e-05   3.706753e+01   9.284842e-02  -9.956799e-01   8.244882e-04
            201            241   5.887294e-03   6.256273e-03   6.146452e-03   5.887295e-03   6.256273e-03   6.146452e-03   2.538033e-03   9.815209e-04   9.692245e-11   1.393118e-07   2.619189e-07   7.077978e-04   2.400000e+10   8.123462e-07   4.056499e-07   4.395790e-07   5.887294e-03   6.256273e-03   6.146452e-03   3.739428e-07  -4.958166e-07  -5.236783e-07   6.973704e-08  -2.641301e-07   2.998731e-07   6.692510e-05   1.076158e+02   4.603244e-01  -6.103514e-01  -6.446492e-01
            209            249   5.910688e-03   8.363685e-03   5.806190e-03   5.910689e-03   8.363685e-03   5.806190e-03   1.264229e-03   1.288010e-03   1.699792e-10   6.633806e-09   3.293137e-07   6.380045e-04   2.400000e+10   1.791248e-06   5.386708e-07   1.266610e-06   5.910689e-03   8.363685e-03   5.806190e-03   1.038289e-06  -1.060269e-06  -1.003172e-06  -4.076230e-07  -3.460495e-07  -6.526487e-08   3.225078e-05   2.329199e+01   5.796457e-01  -5.919167e-01  -5.600407e-01
            221            269   5.054604e-03   4.759988e-03   7.995025e-03   5.054604e-03   4.759988e-03   7.995025e-03   2.641242e-03   2.057816e-03   2.067527e-10   6.045379e-09   4.890210e-07   1.156655e-03   2.400000e+10   3.235404e-06   1.617702e-06   4.655858e-07   5.054604e-03   4.759988e-03   7.995025e-03  -3.010383e-06  -7.522073e-07  -9.163060e-07  -1.423937e-07   1.438748e-06  -7.257340e-07   6.931107e-05   3.576281e+01  -9.304505e-01  -2.324925e-01  -2.832122e-01
            249            190   5.611830e-03   9.411761e-03   5.748737e-03   5.611830e-03   9.411761e-03   5.748737e-03   8.868408e-04   1.198843e-03   8.574681e-11   1.399946e-08   2.090686e-07   5.097527e-04   2.400000e+10   5.736628e-07   2.868314e-07  -1.741478e-07   5.611830e-03   9.411761e-03   5.748737e-03  -4.478895e-08  -5.580253e-07   1.252627e-07   1.665465e-07  -6.391409e-08  -2.246097e-07   4.047629e-05   2.735360e+01  -7.807539e-02  -9.727409e-01   2.183560e-01
            249            217   5.505014e-03   8.865224e-03   6.873542e-03   5.505014e-03   8.865223e-03   6.873542e-03   9.224957e-04   2.216927e-03   1.177300e-10   7.289561e-10   2.769342e-07   6.514273e-04   2.400000e+10   1.043311e-06   2.925695e-07   1.284376e-06   5.505014e-03   8.865223e-03   6.873542e-03   2.340444e-07  -2.932571e-07  -9.735095e-07   2.089847e-07  -1.994171e-07   4.642330e-08   3.849083e-05   2.408471e+01   2.243285e-01  -2.810832e-01  -9.330964e-01
            253            273   7.736024e-03   9.066789e-03   7.109466e-03   7.736024e-03   9.066789e-03   7.109466e-03   1.944818e-03   1.943003e-03   5.492623e-12   1.581090e-09   7.306560e-08   9.719551e-04   2.400000e+10   7.053789e-20   3.526895e-20   3.607592e-20   7.736024e-03   9.066789e-03   7.109466e-03  -5.754498e-21   6.034076e-20  -3.607592e-20   2.752741e-20  -9.267019e-21  -2.000657e-20   7.623704e-03   1.802756e+14  -4.480895e-13   4.698596e-12  -2.809149e-12
            269            337   5.444384e-03   5.254554e-03   9.612277e-03   5.444385e-03   5.254554e-03   9.612277e-03   1.783611e-03   1.267295e-03   2.144238e-10   8.006999e-09   3.985759e-07   7.408819e-04   2.400000e+10   2.734854e-06   1.367427e-06   6.660164e-07   5.444385e-03   5.254554e-03   9.612277e-03   7.855686e-07   4.472034e-07  -2.581146e-06  -1.287839e-06  -1.776642e-07  -4.239850e-07   6.675314e-05   1.355910e+01   2.872434e-01   1.635200e-01  -9.437968e-01
            285            310   2.320870e-03   7.938946e-03   8.885407e-03   2.320870e-03   7.938946e-03   8.885407e-03   1.358078e-03   1.200829e-03   8.255858e-11   1.760269e-08   2.293807e-07   6.373109e-04   2.400000e+10   6.059949e-07   3.029974e-07   1.533895e-07   2.320870e-03   7.938946e-03   8.885407e-03   5.475044e-07  -2.138084e-07  -1.474949e-07  -1.564898e-08   1.321204e-07  -2.722256e-07   5.715322e-05   5.304174e+02   9.034802e-01  -3.528221e-01  -2.433929e-01
            285            217   3.671549e-03   8.273574e-03   7.942796e-03   3.671549e-03   8.273574e-03   7.942796e-03   1.743911e-03   1.346971e-03   1.326708e-10   2.464013e-08   3.175322e-07   7.599765e-04   2.400000e+10   1.348073e-06   6.740363e-07  -4.004528e-08   3.671549e-03   8.273574e-03   7.942796e-03  -6.998702e-07  -1.129779e-06   2.260101e-07  -4.339320e-07   3.452433e-07   3.831907e-07   6.078249e-05   1.912487e+01  -5.191636e-01  -8.380700e-01   1.676542e-01
            289            259   8.051404e-03   6.541837e-03   8.304629e-03   8.051404e-03   6.541837e-03   8.304629e-03   9.137832e-04   1.011034e-03   9.510447e-12   8.305164e-10   6.756319e-08   4.799758e-04   2.400000e+10   1.955519e-19   9.777595e-20  -1.927083e-19   8.051404e-03   6.541837e-03   8.304629e-03  -2.807242e-20  -1.777623e-20   1.927083e-19  -6.401766e-20   7.373426e-20  -5.013350e-21   4.891663e-03   1.572581e+13  -1.365271e-12  -8.645272e-13   9.372152e-12
             71             87   1.100722e-02   2.111072e-03   1.503726e-03   1.100722e-02   2.111072e-03   1.503725e-03   1.308705e-03   2.515371e-03   2.410015e-09   5.750391e-07   1.440352e-06   8.608297e-04   2.400000e+10   1.110806e-04   2.948101e-05   1.510876e-05   1.100722e-02   2.111072e-03   1.503725e-03  -1.099495e-04   3.264520e-07  -1.580813e-05   3.879937e-06   1.154962e-05  -2.684553e-05   3.511502e-05   1.099075e+01  -9.898175e-01   2.938874e-03  -1.423122e-01
            310            406   1.084889e-03   8.759161e-03   1.036617e-02   1.084889e-03   8.759161e-03   1.036617e-02   9.028589e-04   1.102509e-03   1.383739e-10   1.295272e-09   2.620784e-07   4.963728e-04   2.400000e+10   1.160474e-06   5.802370e-07   3.277104e-07   1.084889e-03   8.759161e-03   1.036617e-02   5.766259e-08  -2.285487e-07  -1.136284e-06   5.750096e-07  -6.624979e-08   4.061881e-08   5.346918e-05   1.250192e+01   4.968883e-02  -1.969442e-01  -9.791547e-01
            259            265   9.630284e-03   6.016452e-03   6.871687e-03   9.630284e-03   6.016452e-03   6.871687e-03   1.299778e-03   6.551863e-04   6.615068e-12   2.148297e-08   5.368028e-08   4.356074e-04   2.400000e+10   7.516807e-20   3.758404e-20  -1.192941e-20   9.630284e-03   6.016452e-03   6.871687e-03  -5.855047e-20   4.560451e-20   1.192941e-20  -3.230185e-21  -1.335437e-20   3.498266e-20   5.830180e-03   1.300397e+13  -5.152658e-12   4.013365e-12   1.049832e-12
            281            333   2.875288e-03   6.905435e-03   1.124337e-02   2.875288e-03   6.905434e-03   1.124337e-02   1.739892e-03   2.230617e-03   7.441290e-10   8.724442e-09   8.528540e-07   9.774649e-04   2.400000e+10   2.030827e-05   1.015413e-05   2.231591e-06   2.875288e-03   6.905435e-03   1.124337e-02  -1.523222e-05  -1.106350e-05  -7.616048e-06   1.702373e-06   3.929464e-06  -9.206937e-06   5.248425e-05   4.426201e+00  -7.500503e-01  -5.447780e-01  -3.750220e-01
            445            423   1.463412e-03   7.074632e-03   1.719532e-02   1.463412e-03   7.074632e-03   1.719532e-02   1.489731e-03   1.174743e-03   2.054444e-10   4.387354e-08   3.673388e-07   6.568093e-04   2.400000e+10   2.414967e-06   1.207483e-06  -8.074417e-07   1.463412e-03   7.074632e-03   1.719532e-02   2.080762e-07   2.052186e-06   1.255906e-06   8.102288e-07  -5.255831e-07   7.247811e-07   6.953346e-05   2.839305e+01   8.616113e-02   8.497783e-01   5.200510e-01
            429            437   2.548860e-03   3.138008e-03   1.649054e-02   2.548860e-03   3.138008e-03   1.649054e-02   2.459318e-03   1.324843e-03   6.341839e-11   6.561766e-10   2.336750e-07   8.610124e-04   2.400000e+10   4.742174e-07   2.371087e-07  -1.573617e-08   2.548860e-03   3.138008e-03   1.649054e-02   7.037719e-08  -8.483624e-08   4.612288e-07  -1.060157e-07   2.040305e-07   5.790311e-08   6.715792e-05   3.703927e+01   1.484070e-01  -1.788974e-01   9.726105e-01
            423            437   1.877871e-03   4.666469e-03   1.529194e-02   1.877871e-03   4.666469e-03   1.529194e-02   1.725914e-03   1.335926e-03   8.118979e-11   2.895053e-09   2.472636e-07   7.530416e-04   2.400000e+10   6.424090e-07   2.943284e-07  -9.467958e-09   1.877871e-03   4.666469e-03   1.529194e-02  -2.706554e-07   5.825361e-07   9.313015e-09  -5.739833e-08  -3.242316e-08   2.868508e-07   6.528649e-05   1.646500e+03  -4.213132e-01   9.067993e-01   1.449702e-02
            437            433   3.025615e-03   2.646514e-03   1.548599e-02   3.025615e-03   2.646514e-03   1.548599e-02   1.430745e-03   9.072431e-04   1.140448e-10   5.883039e-10   2.516284e-07   5.551925e-04   2.400000e+10   9.183013e-07   1.113791e-07  -1.078545e-08   3.025615e-03   2.646514e-03   1.548599e-02  -4.884336e-07   7.775390e-07   1.195817e-08   9.537364e-08   5.750439e-08   1.558522e-09   5.456816e-05   1.128745e+02  -5.318882e-01   8.467145e-01   1.302206e-02
            437            341   2.233461e-03   4.013736e-03   1.434617e-02   2.233461e-03   4.013736e-03   1.434617e-02   1.346676e-03   3.244545e-03   6.831699e-12   2.295804e-08   8.063224e-08   9.516750e-04   2.400000e+10   1.204249e-19   6.021243e-20  -1.148000e-19   2.233461e-03   4.013736e-03   1.434617e-02   1.470672e-20  -3.326886e-20   1.148000e-19  -4.973644e-20  -3.385773e-20  -2.340220e-21   8.974802e-03   1.720488e+12   8.343118e-13  -1.887342e-12   6.512601e-12
            413            357   4.796072e-03   4.298351e-03   1.455996e-02   4.796072e-03   4.298351e-03   1.455996e-02   1.785285e-03   1.852084e-03   1.693194e-10   4.928771e-08   3.923230e-07   9.090354e-04   2.400000e+10   2.125693e-06   1.062846e-06  -3.346459e-07   4.796072e-03   4.298351e-03   1.455996e-02  -7.938168e-08  -2.080745e-06   4.275134e-07  -9.962803e-07   1.106554e-07   3.533033e-07   5.604611e-05   6.937013e+01  -3.734391e-02  -9.788551e-01   2.011172e-01
            382            381   1.189924e-03   1.151741e-03   1.306312e-02   1.189924e-03   1.151741e-03   1.306312e-02   1.055335e-03   1.044630e-03   6.854603e-10   2.554432e-06   5.998760e-07   5.249775e-04   2.400000e+10   1.315812e-05   6.579059e-06  -1.422650e-06   1.189924e-03   1.151741e-03   1.306312e-02   4.863711e-06  -6.704113e-09   1.222622e-05  -6.072808e-06   7.511178e-07   2.416785e-06   2.389540e-05   1.050896e+00   3.696357e-01  -5.095039e-04   9.291766e-01
            357            333   4.196788e-03   7.266351e-03   1.285914e-02   4.196788e-03   7.266351e-03   1.285914e-02   2.262209e-03   2.348976e-03   7.511153e-10   3.014986e-08   9.303636e-07   1.152388e-03   2.400000e+10   2.236193e-05   1.118096e-05  -1.320258e-05   4.196788e-03   7.266351e-03   1.285914e-02   3.835968e-06  -1.337977e-05   1.750208e-05   1.088256e-05   2.525303e-06  -4.547410e-07   6.106128e-05   1.908992e+01   1.715401e-01  -5.983282e-01   7.826732e-01
            369            337   6.429978e-03   5.009464e-03   1.189675e-02   6.429979e-03   5.009464e-03   1.189675e-02   1.256064e-03   2.199521e-03   2.605387e-10   9.295965e-10   4.563997e-07   7.994999e-04   2.400000e+10   3.805113e-06   1.902556e-06  -2.863031e-08   6.429979e-03   5.009464e-03   1.189675e-02   3.179213e-06   1.906822e-07   2.082097e-06  -5.700619e-07  -1.463530e-06   1.073699e-06   6.238132e-05   7.775848e+00   8.355109e-01   5.011210e-02   5.471840e-01
            369            371   8.819920e-03   4.711113e-03   1.223614e-02   8.819920e-03   4.711113e-03   1.223614e-02   2.595791e-03   1.710021e-03   2.190836e-10   2.810342e-09   4.752400e-07   1.030899e-03   2.400000e+10   3.331754e-06   1.665877e-06   6.645397e-07   8.819920e-03   4.711113e-03   1.223614e-02  -2.317357e-06   1.865559e-07   2.386554e-06   3.265694e-07   1.621923e-06   1.945848e-07   4.709197e-05   7.331526e+00  -6.955366e-01   5.599329e-02   7.163055e-01
            381            237   1.012394e-03   1.005285e-03   1.183180e-02   1.012394e-03   1.005285e-03   1.183180e-02   1.276126e-03   5.988010e-04   8.238545e-10   6.576738e-08   5.794569e-07   4.075602e-04   2.400000e+10   1.527642e-05   7.638210e-06  -1.313602e-05   1.012394e-03   1.005285e-03   1.183180e-02  -2.057807e-06   3.281267e-06   1.477727e-05  -7.869364e-07  -7.438597e-06   1.546050e-06   1.957364e-05   3.266359e+00  -1.347048e-01   2.147929e-01   9.673255e-01
            406            310   1.084889e-03   8.759161e-03   1.036617e-02   1.084889e-03   8.759161e-03   1.036617e-02   1.102509e-03   9.028589e-04   1.383739e-10   1.295272e-09   2.620784e-07   4.963728e-04   2.400000e+10   1.160474e-06   5.802370e-07  -3.277104e-07   1.084889e-03   8.759161e-03   1.036617e-02  -5.766259e-08   2.285487e-07   1.136284e-06  -5.750096e-07   6.624979e-08  -4.061881e-08   5.346918e-05   1.250192e+01  -4.968883e-02   1.969442e-01   9.791547e-01
            337            269   5.444385e-03   5.254554e-03   9.612277e-03   5.444384e-03   5.254554e-03   9.612277e-03   1.267295e-03   1.783611e-03   2.144238e-10   8.006999e-09   3.985759e-07   7.408819e-04   2.400000e+10   2.734854e-06   1.367427e-06  -6.660164e-07   5.444385e-03   5.254554e-03   9.612277e-03  -7.855686e-07  -4.472034e-07   2.581146e-06   1.287839e-06   1.776642e-07   4.239850e-07   6.675314e-05   1.355910e+01  -2.872434e-01  -1.635200e-01   9.437968e-01
            237            167   1.127050e-03   9.155700e-04   1.022083e-02   1.127050e-03   9.155697e-04   1.022083e-02   9.229533e-04   1.145220e-03   1.817778e-09   1.752868e-07   9.638540e-07   5.110715e-04   2.400000e+10   5.606632e-05   2.803316e-05  -4.757925e-05   1.127050e-03   9.155698e-04   1.022083e-02  -5.122088e-06  -8.987737e-06   5.510370e-05  -5.548536e-06  -2.703380e-05  -4.923980e-06   1.885122e-05   1.787411e+00  -9.135765e-02  -1.603054e-01   9.828306e-01
            443            441   8.922500e-03   5.314601e-03   1.725839e-02   8.922500e-03   5.314601e-03   1.725839e-02   9.616542e-04   1.520400e-03   9.974910e-12   3.539342e-09   7.665443e-08   5.890681e-04   2.400000e+10   2.440648e-19   1.220324e-19  -8.242088e-20   8.922500e-03   5.314601e-03   1.725839e-02  -1.707402e-19   1.536952e-19   8.242088e-20   3.164622e-20   5.315650e-20  -1.051894e-19   6.738538e-03   1.590682e+13  -6.978139e-12   6.281512e-12   3.368535e-12
            398            384   8.671507e-03   1.073151e-02   1.586891e-02   8.671507e-03   1.073151e-02   1.586891e-02   2.471585e-03   1.130916e-03   2.339350e-10   1.285516e-08   4.260381e-07   7.758928e-04   2.400000e+10   3.189287e-06   1.594644e-06   6.888502e-07   8.671507e-03   1.073151e-02   1.586891e-02  -6.092183e-07  -1.558354e-06   2.715132e-06   4.772940e-07  -1.362036e-06  -6.781867e-07   5.247449e-05   5.159731e+00  -1.910202e-01  -4.886213e-01   8.513287e-01
              2             26   1.631544e-03   1.877749e-02   1.800996e-03   1.631546e-03   1.877749e-02   1.801003e-03   1.430543e-03   1.623318e-03   7.518561e-09   7.946821e-08   2.391085e-06   7.604232e-04   2.400000e+10   5.752806e-04   2.126537e-05  -4.996951e-04   1.631545e-03   1.877749e-02   1.800999e-03   1.546850e-04   1.850613e-04   5.222763e-04   8.964678e-06   1.733351e-05  -8.449847e-06   1.770197e-05   1.986465e+00   2.688862e-01   3.216889e-01   9.078637e-01
              2             50   3.059627e-03   1.896455e-02   3.311573e-03   3.059623e-03   1.896455e-02   3.311571e-03   8.650321e-04   8.044647e-04   3.930139e-09   6.590986e-05   1.279914e-06   4.168249e-04   2.400000e+10   1.609677e-04   8.048385e-05   7.574769e-05   3.059625e-03   1.896455e-02   3.311572e-03  -1.356288e-04  -1.298450e-06  -8.668191e-05   8.058230e-06  -7.922303e-05  -1.168016e-05   2.419517e-05   1.001172e+00  -8.425837e-01  -8.066526e-03  -5.385050e-01
              2              6   1.358782e-03   1.870433e-02   3.990934e-03   1.358783e-03   1.870433e-02   3.990930e-03   1.132493e-03   1.146549e-03   3.561270e-09   2.026153e-06   1.424428e-06   5.697389e-04   2.400000e+10   1.623287e-04   8.050098e-05   1.630462e-04   1.358782e-03   1.870433e-02   3.990932e-03   2.690905e-05   2.422251e-05  -1.582396e-04   1.251572e-05  -7.881796e-05  -1.055910e-05   2.293501e-05   6.122836e+00   1.657689e-01   1.492189e-01  -9.748099e-01
             26             24   2.464110e-03   1.797794e-02   1.310469e-03   2.464108e-03   1.797794e-02   1.310469e-03   9.984284e-04   1.203341e-03   2.025852e-09   5.488425e-06   1.051407e-06   5.456747e-04   2.400000e+10   6.815982e-05   3.407991e-05   3.597017e-06   2.464109e-03   1.797794e-02   1.310469e-03  -6.646250e-05  -5.508813e-06  -1.407658e-05  -7.480235e-06   7.530786e-06   3.238477e-05   3.166052e-05   5.344677e-01  -9.750979e-01  -8.082200e-02  -2.065231e-01
             26             38   1.841249e-03   1.694675e-02   9.158531e-04   1.841247e-03   1.694675e-02   9.158534e-04   1.140824e-03   1.001738e-03   2.387588e-09   2.809542e-05   1.128494e-06   5.333832e-04   2.400000e+10   8.622011e-05   4.311006e-05  -3.954897e-06   1.841248e-03   1.694675e-02   9.158533e-04  -6.021742e-05   6.057539e-05   1.176404e-05  -5.457884e-06  -1.335319e-05   4.062488e-05   1.742190e-05   2.807913e-01  -6.984150e-01   7.025668e-01   1.364419e-01
             42            130   4.781429e-03   1.714339e-02   5.639041e-03   4.781429e-03   1.714339e-02   5.639041e-03   1.420801e-03   1.288734e-03   1.159175e-11   2.106965e-10   8.850655e-08   6.757745e-04   2.400000e+10   3.283027e-08   1.641514e-08  -9.804647e-12   4.781429e-03   1.714339e-02   5.639041e-03   2.972627e-08   1.389420e-08  -1.061620e-09   5.114594e-09  -8.767339e-09   1.290083e-08   6.677798e-05   1.875838e+02   9.054530e-01   4.232131e-01  -3.233663e-02
             50             24   4.150935e-03   1.869191e-02   2.962240e-03   4.150935e-03   1.869191e-02   2.962244e-03   8.635626e-04   2.084883e-03   4.073951e-09   1.408771e-05   1.577245e-06   6.106360e-04   2.400000e+10   2.056197e-04   1.028099e-04  -1.843112e-04   4.150935e-03   1.869191e-02   2.962242e-03  -1.740033e-05   4.594971e-05   1.996630e-04  -3.086979e-05   9.485977e-05  -2.487065e-05   2.584960e-05   1.817231e+00  -8.462381e-02   2.234694e-01   9.710305e-01
             66             78   6.177291e-03   1.777508e-02   3.121514e-03   6.177291e-03   1.777508e-02   3.121514e-03   2.271688e-03   9.379816e-04   9.499921e-11   2.088868e-08   2.511316e-07   6.638694e-04   2.400000e+10   7.634336e-07   3.817168e-07   2.558050e-07   6.177291e-03   1.777508e-02   3.121514e-03   6.953450e-07  -5.467978e-08  -3.103810e-07   1.341918e-07  -1.459351e-07   3.261951e-07   4.076390e-05   5.836916e+01   9.108126e-01  -7.162350e-02  -4.065593e-01
             66            104   8.304696e-03   1.517390e-02   1.610171e-03   8.304696e-03   1.517390e-02   1.610171e-03   1.264618e-03   7.172354e-04   3.362068e-10   6.778039e-10   3.922636e-07   4.576669e-04   2.400000e+10   4.220215e-06   1.891157e-06  -1.810941e-06   8.304696e-03   1.517390e-02   1.610171e-03  -1.258937e-06   3.808828e-06   1.310771e-06  -1.285029e-06   8.029838e-08  -1.385181e-06   5.605035e-05   7.990675e+00  -2.983112e-01   9.025198e-01   3.105935e-01
            130             30   3.697712e-03   1.714532e-02   5.129372e-03   3.697712e-03   1.714532e-02   5.129372e-03   9.877495e-04   1.438434e-03   9.347313e-12   9.839398e-12   7.398606e-08   5.856162e-04   2.400000e+10   2.068585e-19   1.017682e-30  -1.447495e-19   3.697712e-03   1.714532e-02   5.129372e-03   1.401299e-19  -4.692174e-20   1.447495e-19   9.329499e-31   2.135231e-31   3.459605e-31   4.688015e-03   1.367808e+13   6.332047e-12  -2.120252e-12   6.540793e-12
            210            142   3.479464e-03   1.332341e-02   7.645677e-03   3.479464e-03   1.332341e-02   7.645677e-03   1.007111e-03   1.339458e-03   3.444765e-10   1.061627e-07   4.450066e-07   5.748747e-04   2.400000e+10   4.905418e-06   4.071693e-07   1.351397e-06   3.479464e-03   1.332341e-02   7.645677e-03   1.843711e-06  -4.102422e-06  -1.958059e-06   3.604972e-07   7.926966e-08   1.718865e-07   4.866539e-05   1.171001e+01   3.758519e-01  -8.363042e-01  -3.991624e-01
            210            216   5.115449e-03   1.275031e-02   6.066772e-03   5.115449e-03   1.275031e-02   6.066772e-03   1.023715e-03   2.221554e-03   1.827553e-10   4.022556e-09   3.578719e-07   7.007859e-04   2.400000e+10   2.092895e-06   4.223469e-07  -6.305845e-07   5.115449e-03   1.275031e-02   6.066772e-03  -1.627397e-06  -6.150173e-07   1.163419e-06  -8.766458e-08   4.027755e-07   9.199851e-08   5.725437e-05   1.785673e+01  -7.775815e-01  -2.938596e-01   5.558898e-01
            210            222   3.829255e-03   1.143269e-02   6.099153e-03   3.829255e-03   1.143269e-02   6.099153e-03   9.247163e-04   6.735430e-04   2.752599e-10   4.752575e-08   3.275177e-07   3.896966e-04   2.400000e+10   2.884880e-06   1.224085e-06  -1.024449e-06   3.829255e-03   1.143269e-02   6.099153e-03   1.344166e-06   2.050654e-06   1.520056e-06  -8.010774e-07   8.296967e-07  -4.101982e-07   3.233908e-05   6.188885e+00   4.659348e-01   7.108281e-01   5.269043e-01
            210            270   3.803067e-03   1.266521e-02   8.157615e-03   3.803067e-03   1.266521e-02   8.157615e-03   1.074506e-03   1.230558e-03   1.134844e-10   6.828458e-09   2.551420e-07   5.736248e-04   2.400000e+10   9.265485e-07   4.630402e-07   2.560033e-07   3.803067e-03   1.266521e-02   8.157615e-03   1.808573e-07   2.087460e-08  -9.084861e-07  -2.710058e-07   3.726447e-07  -4.580369e-08   3.663988e-05   1.231732e+01   1.951947e-01   2.252942e-02  -9.805057e-01
            234            166   4.071911e-03   1.546363e-02   5.843288e-03   4.071911e-03   1.546363e-02   5.843288e-03   7.072869e-04   9.048410e-04   5.488849e-11   2.396915e-08   1.476131e-07   3.969798e-04   2.400000e+10   2.592723e-07   1.296361e-07   2.040641e-09   4.071911e-03   1.546363e-02   5.843288e-03   2.579463e-07  -2.458412e-08   9.023852e-09   6.739132e-09   2.320032e-08  -1.273651e-07   4.817067e-05   1.290915e+01   9.948859e-01  -9.481971e-02   3.480454e-02
            234            174   5.398625e-03   1.555721e-02   6.381228e-03   5.398625e-03   1.555721e-02   6.381228e-03   8.602866e-04   1.309364e-03   3.584615e-11   1.022549e-07   1.364200e-07   5.191750e-04   2.400000e+10   1.564843e-07   7.824213e-08  -2.664105e-08   5.398625e-03   1.555721e-02   6.381228e-03  -9.043733e-08  -3.828687e-08  -1.218299e-07   4.879691e-08  -5.850933e-08  -1.781434e-08   5.484114e-05   2.753973e+01  -5.779324e-01  -2.446691e-01  -7.785443e-01
            234            198   5.336666e-03   1.567218e-02   5.207984e-03   5.336666e-03   1.567218e-02   5.207984e-03   1.056981e-03   5.980069e-04   3.801259e-11   6.027031e-09   1.204906e-07   3.819254e-04   2.400000e+10   1.465651e-07   7.328254e-08  -6.408498e-08   5.336666e-03   1.567218e-02   5.207984e-03  -7.704493e-08   3.120048e-08   1.207142e-07  -1.091045e-08  -7.152786e-08   1.162141e-08   4.292455e-05   3.670643e+01  -5.256705e-01   2.128780e-01   8.236222e-01
            242            282   7.096132e-03   1.317967e-02   8.251066e-03   7.096132e-03   1.317967e-02   8.251066e-03   1.623743e-03   1.447309e-03   2.578135e-11   8.887152e-09   1.404587e-07   7.652288e-04   2.400000e+10   1.158789e-07   5.793943e-08  -2.989948e-09   7.096132e-03   1.317967e-02   8.251066e-03  -8.969498e-08   6.945151e-08   2.364756e-08   3.648276e-08   4.404023e-08   9.297543e-09   8.662219e-05   1.419486e+02  -7.740410e-01   5.993459e-01   2.040714e-01
              6             22   1.441861e-03   1.844212e-02   6.316492e-03   1.441861e-03   1.844212e-02   6.316491e-03   1.044141e-03   1.919350e-03   6.974543e-10   5.976668e-06   6.867722e-07   6.762538e-04   2.400000e+10   1.532775e-05   7.663876e-06   1.558527e-05   1.441861e-03   1.844212e-02   6.316491e-03  -7.542868e-07   1.406407e-06  -1.524444e-05   7.617481e-06   7.859402e-07  -3.021215e-07   3.303032e-05   5.639865e+01  -4.921053e-02   9.175559e-02  -9.945648e-01
             22             54   2.106539e-03   1.835170e-02   7.902166e-03   2.106539e-03   1.835170e-02   7.902166e-03   1.713785e-03   1.368255e-03   1.024002e-11   4.783812e-07   8.826590e-08   7.608257e-04   2.400000e+10   2.892302e-08   1.446151e-08   2.650299e-05   2.106539e-03   1.835170e-02   7.902166e-03  -2.015975e-08   1.249395e-09  -2.070181e-08  -1.108565e-08   3.813727e-09   8.467533e-09   1.181601e-04   3.147241e-01  -6.970139e-01   4.319725e-02  -7.157553e-01
             24             78   5.255814e-03   1.797748e-02   2.845561e-03   5.255814e-03   1.797748e-02   2.845561e-03   1.328317e-03   1.189115e-03   1.091823e-10   2.028971e-09   2.617339e-07   6.274337e-04   2.400000e+10   9.144545e-07   4.572273e-07  -1.864805e-08   5.255814e-03   1.797748e-02   2.845561e-03  -4.348082e-07   2.656878e-07  -7.593279e-07  -3.486225e-07  -2.779242e-07   1.013767e-07   3.883211e-05   1.052607e+01  -4.754836e-01   2.905424e-01  -8.303616e-01
             24             96   4.580305e-03   1.719010e-02   1.324196e-03   4.580303e-03   1.719011e-02   1.324197e-03   2.538599e-03   1.010881e-03   4.045183e-09   4.465489e-05   1.710148e-06   7.229852e-04   2.400000e+10   2.213716e-04   1.106858e-04  -5.311588e-05   4.580304e-03   1.719011e-02   1.324196e-03  -8.898987e-05   1.942262e-04   5.798610e-05   9.584031e-06  -2.733268e-05   1.068289e-04   2.482484e-05   1.883492e+00  -4.019932e-01   8.773761e-01   2.619401e-01
             46            105   1.207760e-03   1.624844e-02   4.291088e-03   1.207760e-03   1.624844e-02   4.291088e-03   1.305627e-03   1.188826e-03   2.246547e-11   5.660650e-09   1.182330e-07   6.222459e-04   2.400000e+10   8.499713e-08   4.249857e-08   1.071287e-08   1.207760e-03   1.624844e-02   4.291088e-03   2.323607e-08   5.894483e-08  -5.665778e-08   3.897343e-08   9.970437e-10   1.691762e-08   5.382397e-05   8.956549e+01   2.733748e-01   6.934920e-01  -6.665846e-01
             81             94   6.336844e-03   1.460518e-02   1.029688e-03   6.336844e-03   1.460518e-02   1.029688e-03   8.632433e-04   1.678401e-03   5.777983e-11   3.784404e-09   1.814869e-07   5.700515e-04   2.400000e+10   3.355610e-07   4.579605e-08  -6.600326e-08   6.336844e-03   1.460518e-02   1.029688e-03   2.588781e-07   1.538450e-07  -1.480372e-07  -1.526234e-09   3.307615e-08   3.163728e-08   4.663354e-05   1.228770e+01   7.714787e-01   4.584710e-01  -4.411633e-01
            104             39   9.774844e-03   1.288291e-02   1.359433e-03   9.774844e-03   1.288291e-02   1.359433e-03   9.419199e-04   1.471114e-03   1.085906e-11   3.849657e-08   7.896679e-08   5.742446e-04   2.400000e+10   2.744016e-08   1.372008e-08   1.921070e-06   9.774844e-03   1.288291e-02   1.359433e-03  -1.769937e-08   2.076445e-08  -2.920924e-09   8.522483e-09   9.822203e-09   4.374032e-09   1.218850e-04   4.105348e-01  -6.450173e-01   7.567178e-01  -1.064470e-01
            102             41   3.957788e-03   1.097299e-02   1.774062e-03   3.957788e-03   1.097299e-02   1.774062e-03   9.666433e-04   1.032562e-03   1.576214e-10   5.323314e-09   2.805241e-07   4.992581e-04   2.400000e+10   1.414931e-06   6.593230e-07   1.483146e-07   3.957788e-03   1.097299e-02   1.774062e-03  -3.640017e-07   1.312269e-06   3.840372e-07   6.227553e-07   1.242755e-07   1.773082e-07   6.129405e-05   6.914872e+00  -2.572575e-01   9.274433e-01   2.714176e-01
            134            142   2.015551e-03   1.590578e-02   8.339650e-03   2.015550e-03   1.590578e-02   8.339650e-03   1.739045e-03   1.747128e-03   3.433713e-10   2.212788e-06   5.470478e-07   8.715385e-04   2.400000e+10   6.010897e-06   2.750906e-06  -1.631973e-06   2.015550e-03   1.590578e-02   8.339650e-03  -4.663080e-06   3.080449e-06   2.213007e-06   1.424350e-06   2.339487e-06  -2.559536e-07   4.389255e-05   2.159032e+01  -7.757710e-01   5.124775e-01   3.681658e-01
            134            261   1.233847e-03   1.510142e-02   9.805281e-03   1.233847e-03   1.510142e-02   9.805281e-03   1.102610e-03   1.874802e-03   1.049352e-11   6.892374e-08   8.535518e-08   6.942859e-04   2.400000e+10   2.866165e-08   1.433083e-08   3.571044e-06   1.233847e-03   1.510142e-02   9.805281e-03  -5.205564e-09   2.502295e-08  -1.297090e-08   1.407365e-08   2.361083e-09  -1.315427e-09   1.111190e-04   1.085387e+00  -1.816212e-01   8.730463e-01  -4.525526e-01
            134             54   1.927220e-03   1.707639e-02   9.001928e-03   1.927219e-03   1.707639e-02   9.001928e-03   1.120864e-03   1.916736e-03   5.607455e-10   5.157606e-08   6.297602e-07   7.072689e-04   2.400000e+10   1.130032e-05   5.650162e-06   8.083123e-07   1.927219e-03   1.707639e-02   9.001928e-03  -7.517064e-06  -8.146248e-06  -2.197668e-06   3.946387e-06  -3.914526e-06   1.013338e-06   4.423640e-05   3.566611e+00  -6.652078e-01  -7.208862e-01  -1.944783e-01
            101            222   2.971086e-03   1.127230e-02   5.388943e-03   2.971086e-03   1.127230e-02   5.388943e-03   3.163791e-03   1.252375e-03   3.118350e-10   1.923759e-07   5.289454e-07   8.972157e-04   2.400000e+10   5.278198e-06   2.639099e-06   1.935496e-07   2.971086e-03   1.127230e-02   5.388943e-03  -2.893638e-06   3.522732e-06  -2.660187e-06   4.142617e-07   1.778890e-06   1.904936e-06   2.808801e-05   3.102257e+00  -5.482246e-01   6.674118e-01  -5.039953e-01
            166            142   2.802034e-03   1.550151e-02   6.725349e-03   2.802034e-03   1.550151e-02   6.725349e-03   1.789809e-03   2.114028e-03   2.489359e-11   8.026201e-10   1.553305e-07   9.692277e-04   2.400000e+10   1.237355e-07   6.186775e-08  -1.186411e-07   2.802034e-03   1.550151e-02   6.725349e-03  -1.034870e-08   4.080690e-08  -1.163537e-07   5.507797e-08  -2.415358e-08  -1.451346e-08   8.237114e-05   7.477498e+01  -8.363566e-02   3.297914e-01  -9.403418e-01
            180            216   8.670391e-03   1.265247e-02   4.563906e-03   8.670391e-03   1.265247e-02   4.563906e-03   1.219168e-03   1.183194e-03   8.153340e-11   2.617348e-09   2.212627e-07   6.004556e-04   2.400000e+10   5.772896e-07   2.402778e-07   7.405375e-08   8.670391e-03   1.265247e-02   4.563906e-03   4.892427e-07  -1.723961e-07  -2.533466e-07  -9.166106e-08   5.313347e-08  -2.156583e-07   7.281457e-05   3.807420e+01   8.474822e-01  -2.986301e-01  -4.388553e-01
            174            236   7.604602e-03   1.588123e-02   7.917326e-03   7.604602e-03   1.588123e-02   7.917326e-03   2.523215e-03   2.231621e-03   4.565031e-11   2.238154e-09   2.325099e-07   1.184238e-03   2.400000e+10   3.396528e-07   1.698264e-07  -3.415928e-08   7.604602e-03   1.588123e-02   7.917326e-03  -3.022259e-07   1.459110e-07   5.228296e-08   7.731202e-08   1.342217e-07   6.963030e-08   9.600473e-05   3.452419e+02  -8.898083e-01   4.295888e-01   1.539306e-01
            174            314   5.626362e-03   1.644411e-02   9.849687e-03   5.626362e-03   1.644411e-02   9.849687e-03   1.672814e-03   1.362391e-03   2.124180e-11   4.924001e-08   1.262922e-07   7.508642e-04   2.400000e+10   8.584555e-08   4.292277e-08   4.258371e-08   5.626362e-03   1.644411e-02   9.849687e-03   3.507029e-08   2.129941e-08  -7.540469e-08  -2.607336e-08  -2.765789e-08  -1.993955e-08   1.462466e-04   5.495196e+02   4.085277e-01   2.481132e-01  -8.783763e-01
            198            216   5.767254e-03   1.456677e-02   4.723235e-03   5.767254e-03   1.456677e-02   4.723235e-03   1.139717e-03   2.548395e-03   9.753334e-11   2.792099e-09   2.771446e-07   7.875166e-04   2.400000e+10   8.649868e-07   4.324934e-07   3.909013e-08   5.767254e-03   1.456677e-02   4.723235e-03  -1.763903e-07   7.899307e-07  -3.051199e-07   4.160589e-07   5.542694e-08  -1.042756e-07   3.847622e-05   1.314973e+01  -2.039226e-01   9.132286e-01  -3.527452e-01
            206            141   1.566288e-03   1.073603e-02   6.993711e-03   1.566288e-03   1.073603e-02   6.993711e-03   9.109014e-04   1.378041e-03   2.112958e-11   3.190121e-08   1.076452e-07   5.484016e-04   2.400000e+10   7.278396e-08   2.677041e-08   2.026780e-08   1.566288e-03   1.073603e-02   6.993711e-03  -6.765032e-09   6.795228e-08   2.518385e-08   2.209168e-08   7.189046e-09  -1.330151e-08   1.043939e-04   6.358697e+01  -9.294674e-02   9.336162e-01   3.460083e-01
            216            262   7.677952e-03   1.228946e-02   6.109102e-03   7.677952e-03   1.228946e-02   6.109102e-03   2.537089e-03   1.133116e-03   6.784806e-11   6.258326e-09   2.305306e-07   7.832851e-04   2.400000e+10   5.005138e-07   2.502569e-07  -5.099717e-08   7.677952e-03   1.228946e-02   6.109102e-03  -1.290759e-07   3.899517e-07  -2.859915e-07  -2.416925e-07  -4.599178e-08   4.580405e-08   4.218725e-05   1.524742e+01  -2.578868e-01   7.791028e-01  -5.713958e-01
            236            244   9.223564e-03   1.411840e-02   7.437359e-03   9.223564e-03   1.411840e-02   7.437359e-03   2.460033e-03   1.364971e-03   7.486339e-11   8.829102e-10   2.563604e-07   8.778746e-04   2.400000e+10   6.141443e-07   1.868503e-07  -2.553413e-07   9.223564e-03   1.411840e-02   7.437359e-03  -2.376070e-07   5.354463e-07   1.844275e-07  -1.731149e-07  -6.788210e-08  -1.833824e-08   8.323419e-05   1.006447e+02  -3.868911e-01   8.718574e-01   3.002999e-01
            222            145   3.443873e-03   1.046863e-02   5.041163e-03   3.443873e-03   1.046863e-02   5.041164e-03   6.753643e-04   1.257464e-03   4.102225e-10   1.789362e-07   4.245511e-07   4.393801e-04   2.400000e+10   5.573133e-06   1.502691e-06  -3.759763e-06   3.443873e-03   1.046863e-02   5.041163e-03  -5.483435e-07   3.402399e-06   4.379819e-06   6.916746e-07   1.096110e-06  -7.604022e-07   3.048990e-05   9.041491e+00  -9.839054e-02   6.105002e-01   7.858809e-01
            262            244   8.501834e-03   1.216322e-02   6.538454e-03   8.501834e-03   1.216322e-02   6.538454e-03   6.152635e-04   1.345292e-03   4.931556e-11   9.836934e-08   1.442917e-07   4.221809e-04   2.400000e+10   2.277064e-07   1.138532e-07   4.063988e-08   8.501834e-03   1.216322e-02   6.538454e-03  -2.041917e-07  -9.778068e-08  -2.439014e-08  -3.725550e-08   5.466036e-08   9.266511e-08   5.229984e-05   2.497385e+01  -8.967325e-01  -4.294156e-01  -1.071122e-01
            270            313   3.927330e-03   1.214167e-02   9.308808e-03   3.927330e-03   1.214167e-02   9.308807e-03   1.139572e-03   1.918372e-03   1.048932e-10   3.365080e-10   2.738395e-07   7.148996e-04   2.400000e+10   9.191648e-07   1.583517e-07   1.099779e-07   3.927330e-03   1.214167e-02   9.308808e-03  -1.340313e-07   3.759234e-07  -8.279983e-07   7.796650e-08  -6.653818e-08  -1.207027e-07   3.536690e-05   1.129859e+01  -1.458185e-01   4.089837e-01  -9.008159e-01
            190            249   5.611830e-03   9.411761e-03   5.748737e-03   5.611830e-03   9.411761e-03   5.748737e-03   1.198843e-03   8.868408e-04   8.574681e-11   1.399946e-08   2.090686e-07   5.097527e-04   2.400000e+10   5.736628e-07   2.868314e-07   1.741478e-07   5.611830e-03   9.411761e-03   5.748737e-03   4.478895e-08   5.580253e-07  -1.252627e-07  -1.665465e-07   6.391409e-08   2.246097e-07   4.047629e-05   2.735360e+01   7.807539e-02   9.727409e-01  -2.183560e-01
            217            249   5.505014e-03   8.865223e-03   6.873542e-03   5.505014e-03   8.865224e-03   6.873542e-03   2.216927e-03   9.224957e-04   1.177300e-10   7.289561e-10   2.769342e-07   6.514273e-04   2.400000e+10   1.043311e-06   2.925695e-07  -1.284376e-06   5.505014e-03   8.865223e-03   6.873542e-03  -2.340444e-07   2.932571e-07   9.735095e-07  -2.089847e-07   1.994171e-07  -4.642330e-08   3.849083e-05   2.408471e+01  -2.243285e-01   2.810832e-01   9.330964e-01
            217            285   3.671549e-03   8.273574e-03   7.942796e-03   3.671549e-03   8.273574e-03   7.942796e-03   1.346971e-03   1.743911e-03   1.326708e-10   2.464013e-08   3.175322e-07   7.599765e-04   2.400000e+10   1.348073e-06   6.740363e-07   4.004528e-08   3.671549e-03   8.273574e-03   7.942796e-03   6.998702e-07   1.129779e-06  -2.260101e-07   4.339320e-07  -3.452433e-07  -3.831907e-07   6.078249e-05   1.912487e+01   5.191636e-01   8.380700e-01  -1.676542e-01
            217            294   6.255257e-03   1.086736e-02   9.308615e-03   6.255257e-03   1.086736e-02   9.308615e-03   1.839022e-03   2.590953e-03   4.007539e-11   9.623737e-09   2.076163e-07   1.075586e-03   2.400000e+10   2.662498e-07   1.331249e-07   1.491623e-07   6.255257e-03   1.086736e-02   9.308615e-03  -1.598388e-07  -7.208195e-08  -2.003614e-07   1.026265e-07  -5.920707e-08  -6.070063e-08   1.015974e-04   4.652472e+02  -6.003341e-01  -2.707306e-01  -7.525317e-01
            294            217   6.255257e-03   1.086736e-02   9.308615e-03   6.255257e-03   1.086736e-02   9.308615e-03   2.590953e-03   1.839022e-03   4.007539e-11   9.623737e-09   2.076163e-07   1.075586e-03   2.400000e+10   2.662498e-07   1.331249e-07  -1.491623e-07   6.255257e-03   1.086736e-02   9.308615e-03   1.598388e-07   7.208195e-08   2.003614e-07  -1.026265e-07   5.920707e-08   6.070063e-08   1.015974e-04   4.652472e+02   6.003341e-01   2.707306e-01   7.525317e-01
            313            366   4.046751e-03   1.228378e-02   1.120894e-02   4.046751e-03   1.228378e-02   1.120894e-02   1.774121e-03   2.318852e-03   1.554506e-12   3.882448e-09   3.952801e-08   1.005119e-03   2.400000e+10   3.056610e-21   1.528305e-21   2.959561e-21   4.046751e-03   1.228378e-02   1.120894e-02  -6.025186e-22  -4.699291e-22  -2.959561e-21   6.884504e-22  -1.339447e-21  -2.600627e-22   1.517116e-02   2.092173e+11  -3.064242e-13  -2.389929e-13  -1.505150e-12
            313            270   3.927330e-03   1.214167e-02   9.308807e-03   3.927330e-03   1.214167e-02   9.308808e-03   1.918372e-03   1.139572e-03   1.048932e-10   3.365080e-10   2.738395e-07   7.148996e-04   2.400000e+10   9.191648e-07   1.583517e-07  -1.099779e-07   3.927330e-03   1.214167e-02   9.308808e-03   1.340313e-07  -3.759234e-07   8.279983e-07  -7.796650e-08   6.653818e-08   1.207027e-07   3.536690e-05   1.129859e+01   1.458185e-01  -4.089837e-01   9.008159e-01
            442            454   5.079792e-03   1.693897e-02   1.738048e-02   5.079790e-03   1.693897e-02   1.738048e-02   1.352867e-03   2.108864e-03   2.393484e-09   2.161921e-06   1.404496e-06   8.241580e-04   2.400000e+10   1.075724e-04   5.378621e-05   2.482596e-06   5.079791e-03   1.693897e-02   1.738048e-02  -8.353808e-05  -6.763025e-05  -4.400657e-06   3.269157e-05  -4.112772e-05   1.152079e-05   4.089838e-05   1.352465e+00  -7.765752e-01  -6.286950e-01  -4.090878e-02
            442            460   4.878534e-03   1.467826e-02   1.778485e-02   4.878532e-03   1.467826e-02   1.778485e-02   2.122910e-03   6.610111e-04   2.838473e-09   6.610317e-06   1.196146e-06   5.040614e-04   2.400000e+10   1.086473e-04   5.432364e-05   1.675404e-05   4.878533e-03   1.467826e-02   1.778485e-02  -7.992184e-05   6.491296e-05  -3.468483e-05   2.536855e-05   5.711140e-06  -4.769567e-05   1.867817e-05   2.145550e-01  -7.356083e-01   5.974651e-01  -3.192426e-01
            442            394   1.317345e-03   1.454510e-02   1.635463e-02   1.317346e-03   1.454510e-02   1.635463e-02   1.637636e-03   1.269141e-03   2.724534e-09   9.224080e-08   1.395738e-06   7.150156e-04   2.400000e+10   1.216875e-04   6.084376e-05  -7.938665e-05   1.317345e-03   1.454510e-02   1.635463e-02   5.328314e-05   6.104626e-05   9.078607e-05   5.308613e-05  -2.660030e-05  -1.327589e-05   2.971429e-05   2.810993e+00   4.378686e-01   5.016642e-01   7.460591e-01
            454            386   4.883439e-03   1.839393e-02   1.646502e-02   4.883440e-03   1.839393e-02   1.646502e-02   1.456489e-03   1.754852e-03   2.349873e-09   1.952112e-06   1.367580e-06   7.959051e-04   2.400000e+10   1.028365e-04   3.653672e-05  -8.667663e-05   4.883439e-03   1.839393e-02   1.646502e-02   5.153397e-05  -2.603379e-05   8.509899e-05  -2.125572e-05  -2.947415e-05   3.794806e-06   2.776048e-05   2.366724e+01   5.011252e-01  -2.531571e-01   8.275174e-01
            418            378   8.292896e-03   1.471907e-02   1.604639e-02   8.292896e-03   1.471907e-02   1.604639e-02   2.344754e-03   2.607303e-03   1.070514e-10   8.655589e-08   3.635364e-07   1.234534e-03   2.400000e+10   1.245347e-06   6.226735e-07  -1.456081e-07   8.292896e-03   1.471907e-02   1.604639e-02   2.860160e-07  -7.026543e-07   9.876035e-07  -3.404734e-08   5.018398e-07   3.670421e-07   9.140399e-05   5.988018e+01   2.296677e-01  -5.642238e-01   7.930349e-01
            386            354   3.576261e-03   1.853563e-02   1.565394e-02   3.576263e-03   1.853563e-02   1.565394e-02   1.417240e-03   2.241525e-03   1.919596e-09   7.245805e-08   1.291015e-06   8.682653e-04   2.400000e+10   7.930325e-05   3.965163e-05  -3.471970e-06   3.576262e-03   1.853563e-02   1.565394e-02   7.765592e-05   1.573664e-05   3.304720e-06  -7.174313e-06   3.022928e-05   2.463679e-05   3.089596e-05   1.149329e+01   9.792275e-01   1.984363e-01   4.167193e-02
            386            226   5.273519e-03   1.842240e-02   1.429066e-02   5.273519e-03   1.842240e-02   1.429066e-02   9.902603e-04   2.122647e-03   9.431456e-10   2.498386e-08   7.980311e-07   6.752443e-04   2.400000e+10   2.408511e-05   1.204255e-05  -1.481046e-05   5.273519e-03   1.842240e-02   1.429066e-02  -7.990330e-06   3.085476e-06   2.251059e-05   1.089662e-05  -2.855040e-06   4.258575e-06   3.634072e-05   2.844417e+00  -3.317540e-01   1.281072e-01   9.346271e-01
            430            366   4.220608e-03   1.275444e-02   1.365941e-02   4.220608e-03   1.275444e-02   1.365941e-02   1.869376e-03   2.233761e-03   9.443775e-11   2.025798e-09   3.100141e-07   1.017694e-03   2.400000e+10   9.368652e-07   3.151925e-07   1.900387e-07   4.220608e-03   1.275444e-02   1.365941e-02  -4.582915e-08   2.459843e-07   9.028332e-07   3.065519e-07   6.957942e-08   2.304161e-08   7.568965e-05   3.156210e+01  -4.891755e-02   2.625610e-01   9.636746e-01
            410            254   3.174687e-03   1.534352e-02   1.399586e-02   3.174687e-03   1.534352e-02   1.399586e-02   8.004884e-04   9.946915e-04   9.025279e-11   7.332173e-09   2.000774e-07   4.435427e-04   2.400000e+10   5.778414e-07   2.180353e-07  -2.783239e-07   3.174687e-03   1.534352e-02   1.399586e-02   3.318374e-07   3.609272e-07   3.058041e-07  -1.282592e-08   1.476225e-07  -1.599452e-07   7.257790e-05   1.826679e+02   5.742707e-01   6.246130e-01   5.292180e-01
            378            346   7.443492e-03   1.389938e-02   1.339471e-02   7.443492e-03   1.389938e-02   1.339471e-02   1.662526e-03   1.263176e-03   3.814343e-11   5.447149e-09   1.654668e-07   7.177979e-04   2.400000e+10   2.019671e-07   1.009835e-07  -1.215255e-07   7.443492e-03   1.389938e-02   1.339471e-02  -6.940369e-08   1.512249e-07   1.144765e-07   7.116883e-08  -1.952916e-08   6.892958e-08   1.354826e-04   1.858037e+03  -3.436386e-01   7.487602e-01   5.668075e-01
            384            398   8.671507e-03   1.073151e-02   1.586891e-02   8.671507e-03   1.073151e-02   1.586891e-02   1.130916e-03   2.471585e-03   2.339350e-10   1.285516e-08   4.260381e-07   7.758928e-04   2.400000e+10   3.189287e-06   1.594644e-06  -6.888502e-07   8.671507e-03   1.073151e-02   1.586891e-02   6.092183e-07   1.558354e-06  -2.715132e-06  -4.772940e-07   1.362036e-06   6.781867e-07   5.247449e-05   5.159731e+00   1.910202e-01   4.886213e-01  -8.513287e-01
            226             54   4.672574e-03   1.858913e-02   1.162987e-02   4.672575e-03   1.858913e-02   1.162987e-02   1.898959e-03   1.469554e-03   8.417189e-10   1.544028e-09   8.350548e-07   8.284434e-04   2.400000e+10   2.249220e-05   6.309043e-06  -1.795130e-05   4.672574e-03   1.858913e-02   1.162987e-02   1.050218e-05   6.390439e-07   1.987951e-05  -4.513128e-06  -3.560395e-06   2.599864e-06   5.304065e-05   2.434546e+01   4.669254e-01   2.841179e-02   8.838402e-01
            254            261   1.654628e-03   1.423850e-02   1.142455e-02   1.654628e-03   1.423850e-02   1.142455e-02   2.102174e-03   1.635077e-03   3.466960e-10   6.197822e-09   5.646791e-07   9.197180e-04   2.400000e+10   6.264703e-06   3.132352e-06  -1.165620e-06   1.654628e-03   1.423850e-02   1.142455e-02   1.054313e-07   1.423112e-06   6.100012e-06   8.007778e-07  -2.952121e-06   6.748053e-07   5.608237e-05   8.337831e+00   1.682941e-02   2.271634e-01   9.737112e-01
            314            174   5.626362e-03   1.644411e-02   9.849687e-03   5.626362e-03   1.644411e-02   9.849687e-03   1.362391e-03   1.672814e-03   2.124180e-11   4.924001e-08   1.262922e-07   7.508642e-04   2.400000e+10   8.584555e-08   4.292277e-08  -4.258371e-08   5.626362e-03   1.644411e-02   9.849687e-03  -3.507029e-08  -2.129941e-08   7.540469e-08   2.607336e-08   2.765789e-08   1.993955e-08   1.462466e-04   5.495196e+02  -4.085277e-01  -2.481132e-01   8.783763e-01
            338            312   9.170070e-03   1.526695e-02   1.087653e-02   9.170070e-03   1.526695e-02   1.087653e-02   2.635553e-03   2.121118e-03   5.183368e-13   5.717313e-10   2.468157e-08   1.175259e-03   2.400000e+10   2.122007e-22   1.061003e-22  -3.432344e-23   9.170070e-03   1.526695e-02   1.087653e-02  -1.890129e-22   9.013959e-23   3.432344e-23  -4.445195e-23  -9.591728e-23  -9.010029e-24   3.442268e-02   1.914104e+15  -4.616967e-13   2.201815e-13   8.384092e-14
            342            389   1.010483e-03   1.077812e-02   1.019881e-02   1.010483e-03   1.077812e-02   1.019881e-02   7.103733e-04   7.120877e-04   4.606581e-12   1.534351e-07   4.047429e-08   3.556148e-04   2.400000e+10   2.748443e-20   1.374222e-20  -1.585679e-20   1.010483e-03   1.077812e-02   1.019881e-02   1.099966e-20   1.956946e-20   1.585679e-20  -5.976218e-21  -5.302387e-21   1.118115e-20   7.131688e-03   2.031454e+11   1.843620e-12   3.279977e-12   2.657707e-12
            261            134   1.233847e-03   1.510142e-02   9.805281e-03   1.233847e-03   1.510142e-02   9.805281e-03   1.874802e-03   1.102610e-03   1.049352e-11   6.892374e-08   8.535518e-08   6.942859e-04   2.400000e+10   2.866165e-08   1.433083e-08  -3.571044e-06   1.233847e-03   1.510142e-02   9.805281e-03   5.205564e-09  -2.502295e-08   1.297090e-08  -1.407365e-08  -2.361083e-09   1.315427e-09   1.111190e-04   1.085387e+00   1.816212e-01  -8.730463e-01   4.525526e-01
             54             22   2.106539e-03   1.835170e-02   7.902166e-03   2.106539e-03   1.835170e-02   7.902166e-03   1.368255e-03   1.713785e-03   1.024002e-11   4.783812e-07   8.826590e-08   7.608257e-04   2.400000e+10   2.892302e-08   1.446151e-08  -2.650299e-05   2.106539e-03   1.835170e-02   7.902166e-03   2.015975e-08  -1.249395e-09   2.070181e-08   1.108565e-08  -3.813727e-09  -8.467533e-09   1.181601e-04   3.147241e-01   6.970139e-01  -4.319725e-02   7.157553e-01
             54            134   1.927219e-03   1.707639e-02   9.001928e-03   1.927220e-03   1.707639e-02   9.001928e-03   1.916736e-03   1.120864e-03   5.607455e-10   5.157606e-08   6.297602e-07   7.072689e-04   2.400000e+10   1.130032e-05   5.650162e-06  -8.083123e-07   1.927219e-03   1.707639e-02   9.001928e-03   7.517064e-06   8.146248e-06   2.197668e-06  -3.946387e-06   3.914526e-06  -1.013338e-06   4.423640e-05   3.566611e+00   6.652078e-01   7.208862e-01   1.944783e-01
              3             43   1.781425e-02   2.245482e-03   2.204420e-03   1.781426e-02   2.245490e-03   2.204428e-03   1.421671e-03   2.521885e-03   1.346306e-08   3.092320e-09   3.498566e-06   9.091518e-04   2.400000e+10   1.507244e-03   4.018659e-04  -8.621317e-04   1.781425e-02   2.245486e-03   2.204424e-03   9.051632e-04   8.613373e-04   8.429490e-04   3.135215e-04  -2.283139e-04  -1.052292e-04   2.253109e-05   2.666049e+00   6.005418e-01   5.714650e-01   5.592650e-01
              3             51   1.862921e-02   3.875523e-03   4.596897e-03   1.862921e-02   3.875522e-03   4.596896e-03   1.514934e-03   1.460305e-03   8.501424e-10   2.177728e-08   7.950667e-07   7.435589e-04   2.400000e+10   2.162944e-05   8.701386e-06   7.011618e-06   1.862921e-02   3.875522e-03   4.596897e-03   1.840158e-06  -1.599958e-05  -1.443814e-05   6.452498e-06   4.299383e-06  -3.949011e-06   4.726345e-05   4.024789e+00   8.507653e-02  -7.397130e-01  -6.675228e-01
             19             27   1.649039e-02   6.735690e-03   2.123474e-03   1.649039e-02   6.735690e-03   2.123474e-03   2.512285e-03   2.173751e-03   8.471415e-10   1.482774e-06   9.936068e-07   1.165395e-03   2.400000e+10   2.693522e-05   1.346761e-05  -1.688955e-07   1.649039e-02   6.735690e-03   2.123474e-03   2.056521e-05  -1.739050e-05   3.855566e-07   8.425621e-06   1.004051e-05   3.094119e-06   4.644148e-05   5.407634e+00   7.635064e-01  -6.456416e-01   1.431422e-02
             19             99   1.614438e-02   5.125970e-03   1.530810e-03   1.614438e-02   5.125970e-03   1.530810e-03   1.220222e-03   1.581400e-03   2.096084e-10   1.197287e-07   3.799617e-07   6.887649e-04   2.400000e+10   2.548582e-06   1.274291e-06  -8.262723e-07   1.614438e-02   5.125970e-03   1.530810e-03   2.414889e-06   7.238506e-07   3.736563e-07   3.354670e-07  -1.215072e-06   1.867574e-07   5.556515e-05   6.809500e+00   9.475424e-01   2.840209e-01   1.466134e-01
             27             99   1.513075e-02   6.209796e-03   1.905050e-03   1.513075e-02   6.209797e-03   1.905050e-03   1.087086e-03   1.627472e-03   8.857784e-10   3.281352e-07   7.598043e-07   6.517460e-04   2.400000e+10   2.153658e-05   1.076829e-05  -1.485865e-06   1.513075e-02   6.209796e-03   1.905050e-03   5.606094e-06   2.046064e-05   3.709219e-06   1.019374e-05  -3.082031e-06   1.595253e-06   3.724368e-05   1.944489e+00   2.603056e-01   9.500412e-01   1.722288e-01
             27             72   1.483777e-02   8.851082e-03   1.958814e-03   1.483777e-02   8.851081e-03   1.958814e-03   2.437415e-03   2.566081e-03   2.470024e-10   7.485476e-09   5.556659e-07   1.250047e-03   2.400000e+10   4.392026e-06   8.717030e-07   1.149756e-06   1.483777e-02   8.851081e-03   1.958814e-03   3.425313e-06  -2.717267e-06  -4.166390e-07   2.455734e-08  -1.046356e-07   8.650517e-07   5.653539e-05   8.084914e+00   7.798935e-01  -6.186818e-01  -9.486260e-02
             27             11   1.695175e-02   8.983650e-03   1.688232e-03   1.695175e-02   8.983650e-03   1.688232e-03   1.916340e-03   1.466280e-03   1.135358e-10   1.104692e-08   3.071034e-07   8.306849e-04   2.400000e+10   1.115751e-06   5.578756e-07  -1.540839e-07   1.695175e-02   8.983650e-03   1.688232e-03  -9.295271e-07  -6.125194e-07   7.549764e-08  -1.384472e-07   2.678616e-07   4.693695e-07   7.604750e-05   2.406002e+01  -8.330954e-01  -5.489749e-01   6.766530e-02
             35             51   1.871998e-02   3.702717e-03   5.904970e-03   1.871998e-02   3.702716e-03   5.904970e-03   1.245269e-03   1.385116e-03   9.117876e-10   2.164087e-07   7.732356e-07   6.557375e-04   2.400000e+10   2.256085e-05   1.128043e-05   2.154987e-06   1.871998e-02   3.702716e-03   5.904970e-03   1.738500e-06  -2.136967e-05   7.021874e-06  -3.359647e-06   3.114661e-06   1.030823e-05   4.792601e-05   1.277144e+00   7.705824e-02  -9.472015e-01   3.112415e-01
             35             83   1.781972e-02   1.338467e-03   5.614094e-03   1.781972e-02   1.338467e-03   5.614094e-03   1.895556e-03   1.879925e-03   5.113904e-10   1.576661e-08   6.947502e-07   9.438540e-04   2.400000e+10   1.136923e-05   5.431372e-06  -8.222756e-06   1.781972e-02   1.338467e-03   5.614094e-03   8.012082e-06   1.522907e-06   7.921286e-06   3.623485e-06   1.136345e-06  -3.883152e-06   5.056068e-05   1.245351e+02   7.047161e-01   1.339498e-01   6.967299e-01
             35            163   1.865699e-02   1.195517e-03   7.976257e-03   1.865699e-02   1.195517e-03   7.976256e-03   1.382639e-03   1.077478e-03   9.785637e-10   1.543198e-07   7.697954e-07   6.055661e-04   2.400000e+10   2.410540e-05   1.205270e-05   1.149418e-05   1.865699e-02   1.195517e-03   7.976256e-03  -5.349166e-07   5.366767e-06  -2.349430e-05   3.679472e-06   1.120705e-05   2.476097e-06   3.700120e-05   2.034007e+00  -2.219073e-02   2.226375e-01  -9.746487e-01
             43             55   1.556203e-02   1.339394e-03   2.458053e-03   1.556204e-02   1.339395e-03   2.458050e-03   1.561638e-03   1.491831e-03   5.022512e-09   1.291791e-06   1.957554e-06   7.629683e-04   2.400000e+10   3.146188e-04   1.573094e-04   1.161774e-04   1.556204e-02   1.339395e-03   2.458051e-03   2.631409e-04   7.230574e-05  -1.565687e-04  -3.107019e-05   1.530918e-04   1.854177e-05   2.320313e-05   6.812436e-01   8.363800e-01   2.298202e-01  -4.976457e-01
             43             31   1.576512e-02   1.353985e-03   9.943507e-04   1.576513e-02   1.353989e-03   9.943541e-04   2.470953e-03   9.086239e-04   9.800182e-09   2.161430e-05   2.551586e-06   6.643337e-04   2.400000e+10   8.001923e-04   4.000961e-04  -2.691723e-04   1.576512e-02   1.353987e-03   9.943524e-04   6.737835e-04   3.291373e-04   2.792708e-04  -1.830084e-04   3.549099e-04   2.497639e-05   1.243701e-05   8.131625e-01   8.420270e-01   4.113227e-01   3.490046e-01
             51            147   1.826739e-02   6.043953e-03   6.703539e-03   1.826739e-02   6.043953e-03   6.703539e-03   2.293351e-03   2.172493e-03   3.474929e-10   2.273550e-07   6.226380e-07   1.115643e-03   2.400000e+10   6.923593e-06   2.293384e-06   7.952280e-06   1.826739e-02   6.043953e-03   6.703539e-03   2.825744e-07  -3.255548e-06  -6.103908e-06  -2.216727e-06   4.697685e-07  -3.536228e-07   5.340838e-05   2.811777e+01   4.081326e-02  -4.702107e-01  -8.816100e-01
             51            187   1.738149e-02   4.432703e-03   6.001504e-03   1.738149e-02   4.432703e-03   6.001504e-03   2.049991e-03   1.100566e-03   4.981464e-11   4.458240e-09   1.888726e-07   7.161118e-04   2.400000e+10   3.010759e-07   1.505379e-07   2.049531e-06   1.738149e-02   4.432703e-03   6.001504e-03   1.501846e-07   1.975147e-07  -1.705264e-07   1.042376e-07   1.471745e-08   1.076085e-07   7.469972e-05   3.819284e+00   4.988263e-01   6.560295e-01  -5.663900e-01
             67             99   1.394098e-02   5.363601e-03   1.732715e-03   1.394098e-02   5.363601e-03   1.732715e-03   1.038779e-03   1.469306e-03   7.106144e-10   1.292295e-07   6.576027e-07   6.085457e-04   2.400000e+10   1.495366e-05   7.476832e-06   7.573201e-07   1.394098e-02   5.363601e-03   1.732715e-03  -1.465505e-05  -2.866159e-06  -7.917137e-07   1.380637e-06  -7.292696e-06   9.019108e-07   3.375494e-05   2.896391e+01  -9.800305e-01  -1.916694e-01  -5.294446e-02
             67            115   1.312634e-02   5.797823e-03   2.093201e-03   1.312634e-02   5.797823e-03   2.093200e-03   1.507421e-03   1.772474e-03   2.716346e-11   3.073725e-09   1.487544e-07   8.146190e-04   2.400000e+10   1.293019e-07   6.465095e-08  -6.377038e-08   1.312634e-02   5.797823e-03   2.093201e-03  -7.415962e-09  -1.191770e-07  -4.960672e-08   2.102131e-08  -2.480843e-08   5.587837e-08   7.097154e-05   4.394294e+01  -5.735385e-02  -9.216957e-01  -3.836503e-01
             67             87   1.224541e-02   3.932767e-03   1.753290e-03   1.224541e-02   3.932768e-03   1.753290e-03   1.072474e-03   1.272696e-03   8.173732e-10   3.466178e-07   6.897295e-07   5.820190e-04   2.400000e+10   1.804053e-05   9.020263e-06   1.508857e-06   1.224541e-02   3.932767e-03   1.753290e-03   5.107828e-06   1.703111e-05  -3.051539e-06   8.096813e-06  -1.786842e-06   3.551613e-06   3.908985e-05   2.587098e+00   2.831308e-01   9.440474e-01  -1.691491e-01
             83            135   1.489308e-02   2.263048e-03   5.063426e-03   1.489308e-02   2.263048e-03   5.063426e-03   1.307140e-03   1.525323e-03   6.671714e-10   8.588555e-09   6.852966e-07   7.039142e-04   2.400000e+10   1.463073e-05   4.101164e-06  -1.661581e-06   1.489308e-02   2.263048e-03   5.063426e-03   1.392435e-05  -4.266225e-06   1.403575e-06  -5.094238e-07  -3.354614e-07   4.055552e-06   5.592089e-05   1.519859e+01   9.517195e-01  -2.915934e-01   9.593332e-02
             99            103   1.434619e-02   6.097698e-03   1.018289e-03   1.434619e-02   6.097697e-03   1.018289e-03   9.616695e-04   5.707762e-04   4.996570e-10   6.331561e-09   4.230477e-07   3.581844e-04   2.400000e+10   6.764119e-06   2.779572e-06  -2.461985e-06   1.434619e-02   6.097698e-03   1.018289e-03   3.255629e-06  -5.421883e-06   2.399452e-06  -6.437805e-07   7.546565e-07   2.596548e-06   2.845447e-05   3.180439e+01   4.813086e-01  -8.015653e-01   3.547324e-01
            147            283   1.678615e-02   5.927600e-03   8.329666e-03   1.678615e-02   5.927600e-03   8.329666e-03   1.558553e-03   1.335333e-03   2.267347e-10   3.072655e-09   4.038070e-07   7.191670e-04   2.400000e+10   2.929826e-06   1.464913e-06   7.068058e-07   1.678615e-02   5.927600e-03   8.329666e-03   2.435720e-06   1.318763e-06  -9.549933e-07  -1.163517e-08  -8.380382e-07  -1.201469e-06   6.631936e-05   3.832415e+01   8.313532e-01   4.501164e-01  -3.259556e-01
             55             87   1.341881e-02   1.460576e-03   2.278438e-03   1.341881e-02   1.460575e-03   2.278439e-03   8.240505e-04   2.156835e-03   2.615798e-09   3.233867e-07   1.248863e-06   5.962460e-04   2.400000e+10   1.045367e-04   2.237700e-05  -4.425918e-05   1.341881e-02   1.460575e-03   2.278439e-03   8.980378e-05  -2.943392e-05   4.468620e-05   1.114271e-05   5.880638e-06  -1.849293e-05   2.904999e-05   2.442107e+01   8.590642e-01  -2.815653e-01   4.274688e-01
             55            135   1.404573e-02   1.543581e-03   3.883641e-03   1.404573e-02   1.543581e-03   3.883641e-03   9.922199e-04   2.652285e-03   9.480425e-10   5.533680e-07   8.273870e-07   7.220871e-04   2.400000e+10   2.510074e-05   1.255037e-05  -1.069349e-05   1.404573e-02   1.543581e-03   3.883641e-03   1.471529e-05  -1.050623e-05  -1.741053e-05  -5.089721e-06   7.399497e-06  -8.766638e-06   3.765460e-05   6.225611e-01   5.862492e-01  -4.185625e-01  -6.936262e-01
            283            271   1.411801e-02   4.545033e-03   9.610345e-03   1.411801e-02   4.545033e-03   9.610345e-03   1.288605e-03   2.122770e-03   1.224506e-10   6.207793e-10   3.133481e-07   8.018503e-04   2.400000e+10   1.227829e-06   9.083280e-08   6.338914e-07   1.411801e-02   4.545033e-03   9.610345e-03   9.109776e-07   6.582474e-07  -4.943621e-07   6.082706e-08   1.382694e-08   6.602638e-08   7.528591e-05   7.158013e+01   7.419419e-01   5.361068e-01  -4.026311e-01
             87            135   1.237819e-02   2.357960e-03   3.337696e-03   1.237819e-02   2.357960e-03   3.337695e-03   1.361297e-03   2.516618e-03   6.336877e-10   3.701948e-08   7.482102e-07   8.834296e-04   2.400000e+10   1.517221e-05   7.586106e-06   1.359069e-05   1.237819e-02   2.357960e-03   3.337695e-03  -3.595911e-06  -9.619611e-07  -1.470850e-05   5.124526e-07  -7.559937e-06   3.657224e-07   5.351820e-05   3.857626e+01  -2.370064e-01  -6.340283e-02  -9.694370e-01
             87             71   1.100722e-02   2.111072e-03   1.503725e-03   1.100722e-02   2.111072e-03   1.503726e-03   2.515371e-03   1.308705e-03   2.410015e-09   5.750391e-07   1.440352e-06   8.608297e-04   2.400000e+10   1.110806e-04   2.948101e-05  -1.510876e-05   1.100722e-02   2.111072e-03   1.503725e-03   1.099495e-04  -3.264520e-07   1.580813e-05  -3.879937e-06  -1.154962e-05   2.684553e-05   3.511502e-05   1.099075e+01   9.898175e-01  -2.938874e-03   1.423122e-01
             72            168   1.363368e-02   9.964364e-03   3.677806e-03   1.363368e-02   9.964364e-03   3.677806e-03   1.505530e-03   1.606217e-03   7.172507e-11   3.259899e-08   2.360914e-07   7.771222e-04   2.400000e+10   5.418774e-07   2.709387e-07  -7.213325e-07   1.363368e-02   9.964364e-03   3.677806e-03   1.345912e-07  -1.543429e-07  -5.016918e-07   1.163808e-07  -2.233524e-07   9.988507e-08   9.527375e-05   2.091866e+01   2.483794e-01  -2.848300e-01  -9.258399e-01
             72             39   1.269958e-02   9.952479e-03   1.472523e-03   1.269958e-02   9.952479e-03   1.472523e-03   2.358447e-03   1.321984e-03   9.596861e-12   1.325951e-07   9.016572e-08   8.471370e-04   2.400000e+10   2.657357e-19   1.328678e-19  -2.836096e-20   1.269958e-02   9.952479e-03   1.472523e-03   2.271867e-19  -1.348974e-19   2.836096e-20  -6.013404e-20  -1.171697e-19   1.757912e-20   1.057559e-02   2.605385e+10   8.204692e-12  -4.871726e-12   1.024236e-12
            299            208   1.365064e-02   8.893417e-03   8.008738e-03   1.365064e-02   8.893417e-03   8.008738e-03   2.839829e-03   1.580328e-03   1.318884e-11   5.651316e-09   1.157189e-07   1.015317e-03   2.400000e+10   4.883835e-08   2.441917e-08   7.596026e-09   1.365064e-02   8.893417e-03   8.008738e-03  -1.219306e-08  -4.551038e-08  -1.285762e-08  -2.456489e-09  -6.097763e-09   2.351763e-08   1.527819e-04   1.140764e+03  -2.496616e-01  -9.318576e-01  -2.632689e-01
            121            184   1.126117e-02   8.976443e-03   3.407880e-03   1.126117e-02   8.976443e-03   3.407880e-03   1.838313e-03   9.722852e-04   5.214554e-11   8.875038e-10   1.821024e-07   6.359373e-04   2.400000e+10   3.038665e-07   1.517500e-07  -1.955998e-08   1.126117e-02   8.976443e-03   3.407880e-03   2.322649e-07  -1.928273e-07  -3.472031e-08  -8.631016e-08  -1.120912e-07  -5.490149e-08   6.414477e-05   1.950830e+01   7.643650e-01  -6.345790e-01  -1.142617e-01
            265            259   9.630284e-03   6.016452e-03   6.871687e-03   9.630284e-03   6.016452e-03   6.871687e-03   6.551863e-04   1.299778e-03   6.615068e-12   2.148297e-08   5.368028e-08   4.356074e-04   2.400000e+10   7.516807e-20   3.758404e-20   1.192941e-20   9.630284e-03   6.016452e-03   6.871687e-03   5.855047e-20  -4.560451e-20  -1.192941e-20   3.230185e-21   1.335437e-20  -3.498266e-20   5.830180e-03   1.300397e+13   5.152658e-12  -4.013365e-12  -1.049832e-12
            335            327   1.297064e-02   8.753391e-04   1.123978e-02   1.297064e-02   8.753391e-04   1.123978e-02   8.120008e-04   7.396350e-04   9.932152e-12   1.884910e-08   6.200315e-08   3.870652e-04   2.400000e+10   1.957269e-19   9.786344e-20  -1.692461e-19   1.297064e-02   8.753391e-04   1.123978e-02   9.754877e-20   1.220717e-20   1.692461e-19  -9.563098e-20   5.674361e-21   1.999426e-20   4.081328e-03   1.954416e+13   4.950108e-12   6.194524e-13   8.588385e-12
            271            303   1.229187e-02   3.183526e-03   1.077529e-02   1.229187e-02   3.183526e-03   1.077529e-02   2.514212e-03   1.870578e-03   7.436079e-11   2.449758e-09   2.824142e-07   1.072578e-03   2.400000e+10   6.720173e-07   3.270858e-07   8.779992e-08   1.229187e-02   3.183526e-03   1.077529e-02   6.210041e-07   2.497205e-07  -6.000692e-08  -1.133283e-07   2.390185e-07  -1.923850e-07   8.711042e-05   1.206446e+02   9.240895e-01   3.715983e-01  -8.929371e-02
            271            283   1.411801e-02   4.545033e-03   9.610345e-03   1.411801e-02   4.545033e-03   9.610345e-03   2.122770e-03   1.288605e-03   1.224506e-10   6.207793e-10   3.133481e-07   8.018503e-04   2.400000e+10   1.227829e-06   9.083280e-08  -6.338914e-07   1.411801e-02   4.545033e-03   9.610345e-03  -9.109776e-07  -6.582474e-07   4.943621e-07  -6.082706e-08  -1.382694e-08  -6.602638e-08   7.528591e-05   7.158013e+01  -7.419419e-01  -5.361068e-01   4.026311e-01
            451            409   1.326556e-02   7.646376e-03   1.704477e-02   1.326556e-02   7.646376e-03   1.704477e-02   2.079582e-03   9.955679e-04   8.461675e-11   2.787673e-09   2.386813e-07   6.732566e-04   2.400000e+10   6.462860e-07   3.231430e-07  -1.645230e-05   1.326556e-02   7.646376e-03   1.704477e-02  -4.479865e-07  -9.724751e-08   4.555619e-07   1.480478e-07   2.116576e-07   1.941759e-07   7.010729e-05   5.990098e-01  -6.931706e-01  -1.504713e-01   7.048921e-01
            417            387   1.914362e-02   3.413328e-03   1.226958e-02   1.914362e-02   3.413328e-03   1.226958e-02   5.829241e-04   7.158154e-04   9.999797e-12   1.810325e-08   5.668147e-08   3.212854e-04   2.400000e+10   1.813734e-19   9.068668e-20  -1.650133e-19   1.914362e-02   3.413328e-03   1.226958e-02   1.304638e-20  -7.413978e-20   1.650133e-19   8.700951e-21  -7.804473e-20  -4.535842e-20   4.263797e-03   3.774088e+13   7.192962e-13  -4.087606e-12   9.097804e-12
            435            351   1.446440e-02   4.513904e-03   1.434936e-02   1.446440e-02   4.513904e-03   1.434936e-02   1.436051e-03   1.756913e-03   1.088469e-11   4.655611e-09   9.274086e-08   7.901802e-04   2.400000e+10   3.230258e-08   1.615129e-08  -5.026639e-10   1.446440e-02   4.513904e-03   1.434936e-02  -2.229048e-08   2.052591e-08   1.119277e-08   1.150886e-08   8.329677e-09   7.682898e-09   1.124700e-04   3.961744e+02  -6.900527e-01   6.354263e-01   3.464976e-01
            401            355   1.203529e-02   1.041570e-02   1.450487e-02   1.203529e-02   1.041570e-02   1.450487e-02   2.516576e-03   1.642601e-03   6.227401e-12   1.341371e-06   7.867211e-08   9.938819e-04   2.400000e+10   9.763026e-20   4.881513e-20  -7.439242e-20   1.203529e-02   1.041570e-02   1.450487e-02   2.276693e-20  -5.898391e-20   7.439242e-20   4.714730e-20   1.187732e-20  -4.356410e-21   8.533134e-03   2.100377e+12   1.452201e-12  -3.762322e-12   4.745163e-12
            383            452   1.690536e-02   1.037121e-02   1.788321e-02   1.690536e-02   1.037121e-02   1.788321e-02   1.125417e-03   1.230779e-03   1.001664e-11   4.432906e-10   7.673650e-08   5.878712e-04   2.400000e+10   2.459653e-08   4.002570e-10  -2.449059e-10   1.690536e-02   1.037121e-02   1.788321e-02   7.536522e-09  -2.341206e-08   2.560610e-10   3.809097e-11   7.904256e-12  -3.983620e-10   5.378748e-05   3.537409e+03   3.064059e-01  -9.518440e-01   1.041045e-02
            292            255   1.761593e-02   9.858429e-03   1.275118e-02   1.761593e-02   9.858429e-03   1.275118e-02   2.346886e-03   1.374601e-03   6.806847e-12   2.945272e-09   7.681554e-08   8.668664e-04   2.400000e+10   1.138914e-19   5.694571e-20   6.570351e-20   1.761593e-02   9.858429e-03   1.275118e-02   6.032918e-20  -7.081450e-20  -6.570351e-20  -1.118870e-20   3.060588e-20  -4.670018e-20   8.508530e-03   1.672636e+13   3.605640e-12  -4.232307e-12  -3.926843e-12
            251            247   1.692222e-02   1.896404e-03   9.782694e-03   1.692222e-02   1.896404e-03   9.782694e-03   1.365097e-03   6.201553e-04   9.984566e-12   1.540152e-09   6.525123e-08   4.264305e-04   2.400000e+10   2.081599e-19   1.040799e-19  -2.880169e-20   1.692222e-02   1.896404e-03   9.782694e-03   8.651866e-20   1.871244e-19   2.880169e-20   5.003014e-20  -5.866178e-20   6.991721e-20   5.299950e-03   5.735641e+13   4.149941e-12   8.975579e-12   1.381497e-12
             68            124   1.758270e-02   1.673035e-02   4.541976e-03   1.758270e-02   1.673035e-02   4.541976e-03   4.677783e-04   1.698294e-03   5.666890e-12   1.442631e-11   4.558924e-08   3.667583e-04   2.400000e+10   4.684918e-20   2.342459e-20  -1.912157e-20   1.758270e-02   1.673035e-02   4.541976e-03   3.801769e-20   1.959252e-20   1.912157e-20   6.130484e-21  -6.601776e-21   2.162279e-20   6.491670e-03   9.266973e+12   4.598631e-12   2.369917e-12   2.312950e-12
            140             92   1.823648e-02   1.809671e-02   7.904257e-03   1.823648e-02   1.809671e-02   7.904257e-03   6.436814e-04   8.228313e-04   9.957106e-12   2.955476e-10   5.996731e-08   3.611569e-04   2.400000e+10   1.902527e-19   9.512633e-20   1.736562e-20   1.823648e-02   1.809671e-02   7.904257e-03   1.442858e-19  -1.227848e-19  -1.736562e-20  -3.225322e-20  -1.329795e-23  -8.949161e-20   5.152670e-03   8.816847e+13   7.551376e-12  -6.426092e-12  -9.088511e-13
            164            112   1.619919e-02   1.348267e-02   7.787244e-03   1.619919e-02   1.348267e-02   7.787244e-03   2.403807e-03   1.090058e-03   7.912434e-12   1.763646e-09   7.703295e-08   7.499684e-04   2.400000e+10   1.543287e-19   7.716436e-20   2.708679e-20   1.619919e-02   1.348267e-02   7.787244e-03  -1.242132e-19  -8.749143e-20  -2.708679e-20   3.158695e-20  -3.350108e-20  -6.192157e-20   1.326531e-02   7.413724e+12  -6.368409e-12  -4.485686e-12  -1.388740e-12
            164            168   1.368058e-02   1.195691e-02   5.724611e-03   1.368058e-02   1.195691e-02   5.724611e-03   2.057407e-03   2.648529e-03   2.798158e-11   1.429031e-09   1.800013e-07   1.157921e-03   2.400000e+10   1.611751e-07   8.058753e-08  -1.246479e-08   1.368058e-02   1.195691e-02   5.724611e-03   1.029628e-07   8.771023e-08   8.765257e-08   6.155664e-08  -4.252828e-08  -2.994121e-08   1.225000e-04   2.677575e+02   6.388260e-01   5.441923e-01   5.438346e-01
            168             72   1.363368e-02   9.964364e-03   3.677806e-03   1.363368e-02   9.964364e-03   3.677806e-03   1.606217e-03   1.505530e-03   7.172507e-11   3.259899e-08   2.360914e-07   7.771222e-04   2.400000e+10   5.418774e-07   2.709387e-07   7.213325e-07   1.363368e-02   9.964364e-03   3.677806e-03  -1.345912e-07   1.543429e-07   5.016918e-07  -1.163808e-07   2.233524e-07  -9.988507e-08   9.527375e-05   2.091866e+01  -2.483794e-01   2.848300e-01   9.258399e-01
             39            104   9.774844e-03   1.288291e-02   1.359433e-03   9.774844e-03   1.288291e-02   1.359433e-03   1.471114e-03   9.419199e-04   1.085906e-11   3.849657e-08   7.896679e-08   5.742446e-04   2.400000e+10   2.744016e-08   1.372008e-08  -1.921070e-06   9.774844e-03   1.288291e-02   1.359433e-03   1.769937e-08  -2.076445e-08   2.920924e-09  -8.522483e-09  -9.822203e-09  -4.374032e-09   1.218850e-04   4.105348e-01   6.450173e-01  -7.567178e-01   1.064470e-01
             39             72   1.269958e-02   9.952479e-03   1.472523e-03   1.269958e-02   9.952479e-03   1.472523e-03   1.321984e-03   2.358447e-03   9.596861e-12   1.325951e-07   9.016572e-08   8.471370e-04   2.400000e+10   2.657357e-19   1.328678e-19   2.836096e-20   1.269958e-02   9.952479e-03   1.472523e-03  -2.271867e-19   1.348974e-19  -2.836096e-20   6.013404e-20   1.171697e-19  -1.757912e-20   1.057559e-02   2.605385e+10  -8.204692e-12   4.871726e-12  -1.024236e-12
            208            299   1.365064e-02   8.893417e-03   8.008738e-03   1.365064e-02   8.893417e-03   8.008738e-03   1.580328e-03   2.839829e-03   1.318884e-11   5.651316e-09   1.157189e-07   1.015317e-03   2.400000e+10   4.883835e-08   2.441917e-08  -7.596026e-09   1.365064e-02   8.893417e-03   8.008738e-03   1.219306e-08   4.551038e-08   1.285762e-08   2.456489e-09   6.097763e-09  -2.351763e-08   1.527819e-04   1.140764e+03   2.496616e-01   9.318576e-01   2.632689e-01
            272            244   1.012000e-02   1.286391e-02   8.283697e-03   1.012000e-02   1.286391e-02   8.283697e-03   1.994128e-03   2.076636e-03   7.090025e-12   4.393384e-08   8.492638e-08   1.017273e-03   2.400000e+10   1.366118e-19   6.830588e-20  -1.321260e-19   1.012000e-02   1.286391e-02   8.283697e-03   1.736659e-20  -3.006486e-20   1.321260e-19  -3.689697e-20  -5.703415e-20  -7.170260e-21   1.043353e-02   7.540802e+11   9.013103e-13  -1.560339e-12   6.857218e-12
            272            324   1.155009e-02   1.282548e-02   9.999558e-03   1.155009e-02   1.282548e-02   9.999557e-03   2.041353e-03   1.100944e-03   2.280116e-11   5.968302e-11   1.277017e-07   7.152143e-04   2.400000e+10   9.317585e-08   4.658792e-08   7.093091e-08   1.155009e-02   1.282548e-02   9.999558e-03  -7.516947e-08  -2.348599e-08  -4.979656e-08   1.563221e-09   3.178678e-08  -3.402340e-08   9.084586e-05   2.635507e+02  -8.067485e-01  -2.520609e-01  -5.344363e-01
            244            236   9.223564e-03   1.411840e-02   7.437359e-03   9.223564e-03   1.411840e-02   7.437359e-03   1.364971e-03   2.460033e-03   7.486339e-11   8.829102e-10   2.563604e-07   8.778746e-04   2.400000e+10   6.141443e-07   1.868503e-07   2.553413e-07   9.223564e-03   1.411840e-02   7.437359e-03   2.376070e-07  -5.354463e-07  -1.844275e-07   1.731149e-07   6.788210e-08   1.833824e-08   8.323419e-05   1.006447e+02   3.868911e-01  -8.718574e-01  -3.002999e-01
            244            262   8.501834e-03   1.216322e-02   6.538454e-03   8.501834e-03   1.216322e-02   6.538454e-03   1.345292e-03   6.152635e-04   4.931556e-11   9.836934e-08   1.442917e-07   4.221809e-04   2.400000e+10   2.277064e-07   1.138532e-07  -4.063988e-08   8.501834e-03   1.216322e-02   6.538454e-03   2.041917e-07   9.778068e-08   2.439014e-08   3.725550e-08  -5.466036e-08  -9.266511e-08   5.229984e-05   2.497385e+01   8.967325e-01   4.294156e-01   1.071122e-01
            257            252   1.585174e-02   1.598640e-02   1.082350e-02   1.585174e-02   1.598640e-02   1.082350e-02   1.487649e-03   2.071234e-03   3.931197e-12   7.869929e-12   5.834053e-08   8.657966e-04   2.400000e+10   2.885161e-20   1.135301e-31   2.686219e-21   1.585174e-02   1.598640e-02   1.082350e-02  -2.800942e-20  -6.377479e-21  -2.686219e-21  -7.982431e-32   5.594108e-32   5.820440e-32   1.816212e-02   1.815877e+14  -3.816444e-12  -8.689681e-13  -3.660128e-13
            324            272   1.155009e-02   1.282548e-02   9.999557e-03   1.155009e-02   1.282548e-02   9.999558e-03   1.100944e-03   2.041353e-03   2.280116e-11   5.968302e-11   1.277017e-07   7.152143e-04   2.400000e+10   9.317585e-08   4.658792e-08  -7.093091e-08   1.155009e-02   1.282548e-02   9.999558e-03   7.516947e-08   2.348599e-08   4.979656e-08  -1.563221e-09  -3.178678e-08   3.402340e-08   9.084586e-05   2.635507e+02   8.067485e-01   2.520609e-01   5.344363e-01
            452            383   1.690536e-02   1.037121e-02   1.788321e-02   1.690536e-02   1.037121e-02   1.788321e-02   1.230779e-03   1.125417e-03   1.001664e-11   4.432906e-10   7.673650e-08   5.878712e-04   2.400000e+10   2.459653e-08   4.002570e-10   2.449059e-10   1.690536e-02   1.037121e-02   1.788321e-02  -7.536522e-09   2.341206e-08  -2.560610e-10  -3.809097e-11  -7.904256e-12   3.983620e-10   5.378748e-05   3.537409e+03  -3.064059e-01   9.518440e-01  -1.041045e-02
            412            364   1.152941e-02   1.839361e-02   1.781583e-02   1.152941e-02   1.839361e-02   1.781583e-02   1.273126e-03   1.800618e-03   1.251129e-11   5.874750e-09   9.659701e-08   7.458048e-04   2.400000e+10   3.867370e-08   1.509835e-08  -2.130061e-08   1.152941e-02   1.839361e-02   1.781583e-02  -2.707599e-08  -1.796493e-08   2.097159e-08  -8.105513e-09  -2.207133e-09  -1.254549e-08   5.954746e-05   9.848584e+03  -7.001137e-01  -4.645257e-01   5.422699e-01
            420            360   1.122609e-02   1.294119e-02   1.431682e-02   1.122609e-02   1.294119e-02   1.431682e-02   1.245751e-03   1.092802e-03   1.059447e-09   6.148891e-09   7.853302e-07   5.821375e-04   2.400000e+10   2.662449e-05   1.328673e-05   1.385833e-05   1.122609e-02   1.294119e-02   1.431682e-02   1.279730e-05   7.244363e-06   2.219486e-05   4.413946e-06  -1.244019e-05   1.515263e-06   3.663340e-05   5.931831e-01   4.806590e-01   2.720939e-01   8.336257e-01
            275            276   1.861699e-02   1.154530e-02   1.376326e-02   1.861699e-02   1.154530e-02   1.376326e-02   1.092673e-03   1.142844e-03   2.323554e-11   1.214549e-09   1.139268e-07   5.585976e-04   2.400000e+10   8.470882e-08   2.151274e-08  -7.131434e-08   1.861699e-02   1.154530e-02   1.376326e-02  -3.851464e-08  -6.097106e-10   7.544425e-08   1.116597e-09  -2.146921e-08   7.900558e-10   5.483176e-05   1.201145e+03  -4.546710e-01  -7.197722e-03   8.906304e-01
            211             74   1.278858e-02   1.829158e-02   1.354577e-02   1.278858e-02   1.829158e-02   1.354577e-02   1.100023e-03   2.801150e-03   9.789116e-12   4.292475e-09   8.793125e-08   7.898471e-04   2.400000e+10   2.696374e-19   1.348187e-19  -2.101372e-19   1.278858e-02   1.829158e-02   1.354577e-02   1.521817e-19   7.339924e-20   2.101372e-19  -1.110807e-19   7.623321e-20  -5.066346e-21   8.094160e-03   1.483228e+13   5.524917e-12   2.664740e-12   7.628974e-12
            255            292   1.761593e-02   9.858429e-03   1.275118e-02   1.761593e-02   9.858429e-03   1.275118e-02   1.374601e-03   2.346886e-03   6.806847e-12   2.945272e-09   7.681554e-08   8.668664e-04   2.400000e+10   1.138914e-19   5.694571e-20  -6.570351e-20   1.761593e-02   9.858429e-03   1.275118e-02  -6.032918e-20   7.081450e-20   6.570351e-20   1.118870e-20  -3.060588e-20   4.670018e-20   8.508530e-03   1.672636e+13  -3.605640e-12   4.232307e-12   3.926843e-12
            355            401   1.203529e-02   1.041570e-02   1.450487e-02   1.203529e-02   1.041570e-02   1.450487e-02   1.642601e-03   2.516576e-03   6.227401e-12   1.341371e-06   7.867211e-08   9.938819e-04   2.400000e+10   9.763026e-20   4.881513e-20   7.439242e-20   1.203529e-02   1.041570e-02   1.450487e-02  -2.276693e-20   5.898391e-20  -7.439242e-20  -4.714730e-20  -1.187732e-20   4.356410e-21   8.533134e-03   2.100377e+12  -1.452201e-12   3.762322e-12  -4.745163e-12
            312            338   9.170070e-03   1.526695e-02   1.087653e-02   9.170070e-03   1.526695e-02   1.087653e-02   2.121118e-03   2.635553e-03   5.183368e-13   5.717313e-10   2.468157e-08   1.175259e-03   2.400000e+10   2.122007e-22   1.061003e-22   3.432344e-23   9.170070e-03   1.526695e-02   1.087653e-02   1.890129e-22  -9.013959e-23  -3.432344e-23   4.445195e-23   9.591728e-23   9.010029e-24   3.442268e-02   1.914104e+15   4.616967e-13  -2.201815e-13  -8.384092e-14
