              6

              1
             18
          pos_x          pos_y          pos_z       normal_x       normal_y       normal_z        tangt_x        tangt_y        tangt_z          pentr
   9.999950e-06   3.378829e-03   1.097637e-03  -1.173049e-04   0.000000e+00   0.000000e+00  -0.000000e+00  -1.415515e-06   2.214052e-05   1.775074e-09
   9.999950e-06   9.916389e-04   2.045965e-03  -7.024077e-05   0.000000e+00   0.000000e+00  -0.000000e+00   2.789882e-05   5.866020e-06   9.807995e-10
   9.999950e-06   5.515610e-03   6.881601e-04  -5.232175e-12   0.000000e+00   0.000000e+00  -0.000000e+00   1.545864e-13  -6.742189e-15   2.154147e-14
   9.999950e-06   5.713649e-03   5.132916e-03  -7.800327e-06   0.000000e+00   0.000000e+00  -0.000000e+00   3.807517e-08  -6.792085e-07   2.090036e-10
   9.999950e-06   1.146885e-03   9.046257e-03  -2.145503e-04   0.000000e+00   0.000000e+00  -0.000000e+00   1.022682e-05   5.189596e-06   2.264390e-09
   9.999950e-06   9.193189e-04   4.227053e-03  -1.293847e-04   0.000000e+00   0.000000e+00  -0.000000e+00   6.397739e-05   5.815272e-06   1.659251e-09
   9.999950e-06   8.475013e-03   1.760118e-02  -4.989852e-04   0.000000e+00   0.000000e+00  -0.000000e+00  -1.743869e-05  -1.226489e-04   3.563157e-09
   9.999950e-06   4.438085e-03   1.284859e-02  -1.441233e-06   0.000000e+00   0.000000e+00  -0.000000e+00  -4.814109e-07  -3.841567e-08   6.939345e-11
   9.999950e-06   1.797313e-02   8.538879e-04  -2.513138e-04   0.000000e+00   0.000000e+00  -0.000000e+00  -7.293551e-06   1.637346e-05   2.473711e-09
   9.999950e-06   1.817928e-02   4.856406e-03  -2.385750e-04   0.000000e+00   0.000000e+00   0.000000e+00  -1.192769e-04   1.588151e-06   2.380132e-09
   9.999950e-06   1.549798e-02   1.154624e-03  -9.392386e-05   0.000000e+00   0.000000e+00  -0.000000e+00  -1.053706e-05   3.571938e-05   1.373398e-09
   9.999950e-06   1.390568e-02   2.758992e-03  -5.080766e-04   0.000000e+00   0.000000e+00  -0.000000e+00  -3.721418e-05   1.795525e-04   3.313738e-09
   9.999950e-06   1.592203e-02   4.509230e-03  -1.284026e-06   0.000000e+00   0.000000e+00  -0.000000e+00  -3.914622e-07   3.260783e-07   8.541189e-11
   9.999950e-06   1.603641e-02   8.606561e-03  -1.228080e-10   0.000000e+00   0.000000e+00  -0.000000e+00   3.414171e-11  -4.286361e-11   1.413782e-13
   9.999950e-06   1.158808e-02   7.494669e-03  -4.851583e-10   0.000000e+00   0.000000e+00   0.000000e+00   2.363061e-10   5.480929e-11   4.093412e-13
   9.999950e-06   1.906537e-02   9.449460e-03  -1.033140e-04   0.000000e+00   0.000000e+00  -0.000000e+00  -1.362103e-05   1.596644e-07   1.311879e-09
   9.999950e-06   1.050924e-02   1.511212e-02  -6.310114e-07   0.000000e+00   0.000000e+00  -0.000000e+00  -2.391922e-07   1.329606e-07   4.272214e-11
   9.999950e-06   1.843431e-02   1.187498e-02  -2.181387e-04   0.000000e+00   0.000000e+00  -0.000000e+00  -1.764379e-05   5.708469e-06   2.244250e-09
                                               -2.454965e-03   0.000000e+00   0.000000e+00   0.000000e+00  -1.234115e-04   1.552056e-04   1.319271e-09

              2
             15
          pos_x          pos_y          pos_z       normal_x       normal_y       normal_z        tangt_x        tangt_y        tangt_z          pentr
   1.999000e-02   3.240720e-03   3.330659e-03   1.244756e-03   0.000000e+00   0.000000e+00  -0.000000e+00   3.425218e-04   3.743492e-04   5.418792e-09
   1.999000e-02   6.865992e-03   2.149348e-03   3.940611e-04   0.000000e+00   0.000000e+00  -0.000000e+00   6.190236e-05   1.108093e-04   2.874435e-09
   1.999000e-02   1.765611e-03   6.319126e-03   3.190375e-04   0.000000e+00   0.000000e+00  -0.000000e+00   6.428518e-05   4.757334e-06   2.136997e-09
   1.999000e-02   1.115168e-03   9.384068e-03   2.849468e-04   0.000000e+00   0.000000e+00  -0.000000e+00   1.306506e-04  -7.272133e-06   2.660002e-09
   1.999000e-02   2.188240e-03   1.541438e-02   4.772057e-04   0.000000e+00   0.000000e+00  -0.000000e+00   5.630750e-05   1.063127e-07   3.599685e-09
   1.999000e-02   5.207018e-03   1.589881e-02   4.083454e-09   0.000000e+00   0.000000e+00  -0.000000e+00   7.739935e-10  -1.264899e-10   1.430273e-12
   1.999000e-02   4.672998e-03   1.253850e-02   1.450189e-11   0.000000e+00   0.000000e+00  -0.000000e+00  -2.595257e-12  -1.106666e-12   3.890985e-14
   1.999000e-02   3.432308e-03   1.094309e-02   2.833811e-12   0.000000e+00   0.000000e+00  -0.000000e+00   5.289071e-13  -8.410831e-14   1.156020e-14
   1.999000e-02   6.711690e-03   1.068971e-02   5.739323e-07   0.000000e+00   0.000000e+00  -0.000000e+00  -1.207610e-08  -9.416871e-08   3.077187e-11
   1.999000e-02   1.870176e-02   1.161602e-03   1.099146e-04   0.000000e+00   0.000000e+00  -0.000000e+00  -3.191767e-06   3.447248e-05   1.655493e-09
   1.999000e-02   1.451903e-02   8.832548e-04   1.198441e-04   0.000000e+00   0.000000e+00  -0.000000e+00  -3.780245e-07   1.056407e-05   1.616968e-09
   1.999000e-02   1.232208e-02   4.125316e-03   6.901728e-06   0.000000e+00   0.000000e+00  -0.000000e+00   3.225107e-07  -4.297121e-07   1.954103e-10
   1.999000e-02   1.310786e-02   1.683428e-02   1.725902e-07   0.000000e+00   0.000000e+00  -0.000000e+00  -4.685608e-08  -6.239781e-08   1.673913e-11
   1.999000e-02   1.351591e-02   1.450123e-02   2.672410e-06   0.000000e+00   0.000000e+00   0.000000e+00   2.463679e-07  -1.313296e-06   1.541827e-10
   1.999000e-02   1.111342e-02   9.396466e-03   7.068524e-06   0.000000e+00   0.000000e+00  -0.000000e+00   3.131025e-07   1.870625e-07   2.337798e-10
                                                2.967159e-03   0.000000e+00   0.000000e+00   0.000000e+00   6.529215e-04   5.260739e-04   1.372982e-09

              3
             23
          pos_x          pos_y          pos_z       normal_x       normal_y       normal_z        tangt_x        tangt_y        tangt_z          pentr
   6.179022e-03   9.999950e-06   9.949171e-04   0.000000e+00  -2.803621e-04   0.000000e+00  -1.927883e-05  -0.000000e+00   1.134744e-04   2.831736e-09
   6.211180e-04   9.999950e-06   1.839115e-03   0.000000e+00  -1.145241e-04   0.000000e+00   3.076657e-05  -0.000000e+00  -1.048814e-05   1.877793e-09
   3.887936e-03   9.999950e-06   1.947201e-03   0.000000e+00  -8.078798e-06   0.000000e+00   6.019342e-07  -0.000000e+00  -3.607640e-07   2.362685e-10
   1.412019e-03   9.999950e-06   8.456831e-03   0.000000e+00  -1.741794e-04   0.000000e+00   1.975663e-05  -0.000000e+00  -8.507244e-06   1.655801e-09
   8.863559e-04   9.999950e-06   4.167414e-03   0.000000e+00  -1.310936e-04   0.000000e+00   2.573729e-05  -0.000000e+00  -1.111028e-06   1.715494e-09
   3.933217e-03   9.999950e-06   6.423424e-03   0.000000e+00  -3.670980e-11   0.000000e+00  -2.472669e-26   0.000000e+00  -9.115088e-24   7.383933e-14
   3.728207e-03   9.999950e-06   7.829311e-03   0.000000e+00  -2.136353e-06   0.000000e+00   3.982584e-07  -0.000000e+00   8.146583e-07   1.005371e-10
   9.678487e-03   9.999950e-06   1.384713e-03   0.000000e+00  -5.016317e-04   0.000000e+00   1.259005e-05  -0.000000e+00   5.716879e-05   3.992935e-09
   2.577023e-03   9.999950e-06   1.251600e-02   0.000000e+00  -1.092934e-05   0.000000e+00   5.076525e-07  -0.000000e+00   2.020958e-06   3.558280e-10
   1.297824e-03   9.999950e-06   1.062912e-02   0.000000e+00  -6.544416e-11   0.000000e+00   2.690633e-11  -0.000000e+00  -1.487015e-11   1.015548e-13
   3.210105e-03   9.999950e-06   1.055425e-02   0.000000e+00  -2.671892e-06   0.000000e+00  -4.230501e-07  -0.000000e+00   1.040274e-06   1.232518e-10
   1.888262e-02   9.999950e-06   6.185293e-03   0.000000e+00  -5.028086e-04   0.000000e+00  -1.951844e-04  -0.000000e+00  -2.411423e-05   3.972428e-09
   1.762480e-02   9.999950e-06   1.828237e-03   0.000000e+00  -4.244031e-04   0.000000e+00  -9.856035e-05  -0.000000e+00   9.586776e-05   3.124771e-09
   1.861203e-02   9.999950e-06   9.445134e-03   0.000000e+00  -2.288838e-04   0.000000e+00  -1.019031e-04  -0.000000e+00   4.398500e-06   1.931865e-09
   1.508182e-02   9.999950e-06   2.836259e-03   0.000000e+00  -2.840987e-04   0.000000e+00  -6.679056e-05  -0.000000e+00   1.192617e-04   2.309011e-09
   1.539315e-02   9.999950e-06   9.786136e-04   0.000000e+00  -9.614342e-04   0.000000e+00  -1.991207e-04  -0.000000e+00   2.594269e-04   7.329850e-09
   1.689707e-02   9.999950e-06   7.557457e-03   0.000000e+00  -3.152842e-10   0.000000e+00  -2.902747e-11  -0.000000e+00  -3.079092e-11   2.938542e-13
   1.454099e-02   9.999950e-06   9.127004e-03   0.000000e+00  -7.929339e-10   0.000000e+00   2.642112e-10  -0.000000e+00  -1.319388e-11   4.503144e-13
   1.041084e-02   9.999950e-06   3.304238e-03   0.000000e+00  -4.241510e-05   0.000000e+00  -1.022978e-05  -0.000000e+00   5.096873e-06   6.160410e-10
   1.271466e-02   9.999950e-06   8.430800e-03   0.000000e+00  -7.734640e-10   0.000000e+00   3.129044e-10  -0.000000e+00   1.030058e-10   5.961281e-13
   1.236592e-02   9.999950e-06   6.476195e-03   0.000000e+00  -9.539872e-12   0.000000e+00  -3.420448e-12  -0.000000e+00   1.407216e-12   2.694572e-14
   1.311492e-02   9.999950e-06   1.671701e-02   0.000000e+00  -2.938062e-11   0.000000e+00   7.952098e-12  -0.000000e+00   1.232008e-11   5.858544e-14
   1.741725e-02   9.999950e-06   1.540707e-02   0.000000e+00  -4.065215e-04   0.000000e+00  -1.384205e-04  -0.000000e+00  -4.622472e-07   2.881598e-09
                                                0.000000e+00  -4.076174e-03   0.000000e+00  -7.395524e-04   0.000000e+00   6.135272e-04   1.524209e-09

              4
             16
          pos_x          pos_y          pos_z       normal_x       normal_y       normal_z        tangt_x        tangt_y        tangt_z          pentr
   1.714182e-03   1.999000e-02   2.486011e-03   0.000000e+00   1.404564e-05   0.000000e+00   1.588870e-06  -0.000000e+00   6.687236e-06   3.074277e-10
   3.791848e-03   1.999000e-02   4.095853e-03   0.000000e+00   4.514043e-09   0.000000e+00   4.147234e-10  -0.000000e+00  -2.205827e-10   1.381343e-12
   9.517666e-03   1.999000e-02   7.424770e-03   0.000000e+00   3.560447e-10   0.000000e+00   5.914832e-11  -0.000000e+00  -5.773017e-11   2.913676e-13
   1.722089e-03   1.999000e-02   4.831881e-03   0.000000e+00   2.510877e-04   0.000000e+00   9.941981e-05  -0.000000e+00  -1.316735e-06   2.551269e-09
   4.831385e-03   1.999000e-02   1.257361e-03   0.000000e+00   1.995125e-10   0.000000e+00  -5.445672e-11  -0.000000e+00   6.797968e-11   1.843907e-13
   9.373219e-03   1.999000e-02   1.288332e-03   0.000000e+00   9.658893e-05   0.000000e+00  -2.860155e-06  -0.000000e+00   4.233340e-05   1.377238e-09
   7.612052e-04   1.999000e-02   9.440029e-03   0.000000e+00   1.268805e-04   0.000000e+00   1.483570e-06  -0.000000e+00  -5.772341e-09   1.770556e-09
   7.659538e-03   1.999000e-02   1.611538e-02   0.000000e+00   9.855821e-06   0.000000e+00  -2.461417e-06  -0.000000e+00   1.150418e-06   3.140619e-10
   2.282043e-03   1.999000e-02   1.567309e-02   0.000000e+00   1.804386e-05   0.000000e+00   5.424742e-07  -0.000000e+00   3.288908e-06   3.557311e-10
   1.608813e-03   1.999000e-02   1.133806e-02   0.000000e+00   2.118298e-04   0.000000e+00   6.698774e-05  -0.000000e+00  -2.224394e-05   2.109766e-09
   3.716686e-03   1.999000e-02   9.608330e-03   0.000000e+00   5.156317e-09   0.000000e+00   3.810427e-10  -0.000000e+00  -1.292646e-09   1.274075e-12
   1.552618e-02   1.999000e-02   4.852268e-03   0.000000e+00   9.940032e-11   0.000000e+00  -6.464617e-23   0.000000e+00  -7.186761e-24   1.350343e-13
   1.545884e-02   1.999000e-02   9.740743e-04   0.000000e+00   8.651175e-05   0.000000e+00  -5.754807e-06  -0.000000e+00   1.818801e-05   1.198519e-09
   1.124540e-02   1.999000e-02   5.808614e-03   0.000000e+00   9.264327e-11   0.000000e+00   1.164308e-11  -0.000000e+00   1.277370e-11   1.184296e-13
   1.448048e-02   1.999000e-02   1.013803e-02   0.000000e+00   2.546563e-09   0.000000e+00  -4.948840e-10  -0.000000e+00  -1.302932e-10   1.150306e-12
   1.205837e-02   1.999000e-02   1.172579e-02   0.000000e+00   1.403820e-09   0.000000e+00   1.806934e-10  -0.000000e+00   1.126992e-10   6.062720e-13
                                                0.000000e+00   8.148584e-04   0.000000e+00   1.589466e-04   0.000000e+00   4.808001e-05   6.243569e-10

              5
             25
          pos_x          pos_y          pos_z       normal_x       normal_y       normal_z        tangt_x        tangt_y        tangt_z          pentr
   6.346793e-03   1.433884e-03   9.999950e-06   0.000000e+00   0.000000e+00  -1.944110e-04   1.035670e-05   8.735474e-05  -0.000000e+00   1.709590e-09
   1.289684e-03   3.445273e-03   9.999950e-06   0.000000e+00   0.000000e+00  -1.002444e-04   2.539228e-05   1.329165e-06  -0.000000e+00   1.429109e-09
   5.089614e-03   3.446536e-03   9.999950e-06   0.000000e+00   0.000000e+00  -2.380422e-10  -8.510693e-11   2.313609e-11  -0.000000e+00   2.324671e-13
   8.491331e-03   5.022115e-03   9.999950e-06   0.000000e+00   0.000000e+00  -5.089496e-06   1.577926e-06  -1.194806e-06  -0.000000e+00   1.661022e-10
   9.371829e-03   2.212456e-03   9.999950e-06   0.000000e+00   0.000000e+00  -3.141046e-04  -1.487602e-05   1.080025e-04  -0.000000e+00   2.117617e-09
   1.059866e-03   1.842514e-02   9.999950e-06   0.000000e+00   0.000000e+00  -1.679088e-04   6.721587e-06   1.903914e-06  -0.000000e+00   1.590246e-09
   2.360599e-03   1.684289e-02   9.999950e-06   0.000000e+00   0.000000e+00  -2.075003e-05   5.733012e-06  -1.402780e-06  -0.000000e+00   5.003630e-10
   6.152149e-03   1.818898e-02   9.999950e-06   0.000000e+00   0.000000e+00  -8.719900e-12   6.461065e-27  -4.289228e-24   0.000000e+00   2.472811e-14
   1.057552e-03   1.583224e-02   9.999950e-06   0.000000e+00   0.000000e+00  -1.019893e-04   1.424147e-05   4.285626e-06  -0.000000e+00   1.564736e-09
   6.762441e-03   1.506234e-02   9.999950e-06   0.000000e+00   0.000000e+00  -1.510693e-09  -4.391808e-10   5.001579e-10  -0.000000e+00   7.614343e-13
   2.468633e-03   1.445658e-02   9.999950e-06   0.000000e+00   0.000000e+00  -5.676454e-04   1.757708e-04   3.904348e-05  -0.000000e+00   3.890899e-09
   9.454695e-03   1.896231e-02   9.999950e-06   0.000000e+00   0.000000e+00  -1.187120e-04   1.325925e-06  -1.792067e-05  -0.000000e+00   1.837172e-09
   8.562588e-03   1.340951e-02   9.999950e-06   0.000000e+00   0.000000e+00  -7.968598e-09  -2.221602e-10   3.978100e-09   0.000000e+00   2.204795e-12
   1.794805e-02   5.664762e-03   9.999950e-06   0.000000e+00   0.000000e+00  -4.016011e-04  -1.891377e-05  -1.085803e-05  -0.000000e+00   3.037651e-09
   1.703273e-02   1.938038e-03   9.999950e-06   0.000000e+00   0.000000e+00  -9.544549e-04  -3.650789e-05   1.288905e-04  -0.000000e+00   5.310930e-09
   1.255229e-02   4.998233e-03   9.999950e-06   0.000000e+00   0.000000e+00  -2.287342e-05   1.315896e-06   7.224155e-06  -0.000000e+00   5.290169e-10
   1.519802e-02   1.257081e-03   9.999950e-06   0.000000e+00   0.000000e+00  -5.512786e-04  -5.380611e-05   5.321552e-05  -0.000000e+00   4.253859e-09
   1.244507e-02   1.752555e-03   9.999950e-06   0.000000e+00   0.000000e+00  -7.374195e-06  -2.753242e-06   1.685476e-06  -0.000000e+00   2.171946e-10
   1.331860e-02   9.047059e-03   9.999950e-06   0.000000e+00   0.000000e+00  -7.298815e-06   3.091627e-07  -2.709773e-07  -0.000000e+00   2.271371e-10
   1.420544e-02   6.644165e-03   9.999950e-06   0.000000e+00   0.000000e+00  -2.547998e-13  -1.985248e-25  -5.007290e-27   0.000000e+00   2.322188e-15
   1.753096e-02   1.724372e-02   9.999950e-06   0.000000e+00   0.000000e+00  -8.331489e-08  -4.842864e-10   5.276277e-10  -0.000000e+00   1.391086e-11
   1.878013e-02   1.880399e-02   9.999950e-06   0.000000e+00   0.000000e+00  -1.047138e-04  -3.443542e-05   2.825190e-06  -0.000000e+00   1.558668e-09
   1.906455e-02   1.455293e-02   9.999950e-06   0.000000e+00   0.000000e+00  -1.132586e-04  -4.851709e-05   1.800594e-06  -0.000000e+00   1.489288e-09
   1.577845e-02   1.917901e-02   9.999950e-06   0.000000e+00   0.000000e+00  -1.029880e-04   1.700103e-05  -4.276890e-05  -0.000000e+00   1.555877e-09
   1.122474e-02   1.392305e-02   9.999950e-06   0.000000e+00   0.000000e+00  -2.547624e-05   3.793124e-06   1.113444e-05  -0.000000e+00   5.659627e-10
                                                0.000000e+00   0.000000e+00  -3.882266e-03   5.372811e-05   3.742842e-04   0.000000e+00   1.342742e-09

              6
              1
          pos_x          pos_y          pos_z       normal_x       normal_y       normal_z        tangt_x        tangt_y        tangt_z          pentr
   1.894619e-03   8.686395e-03   1.907149e-02   0.000000e+00   0.000000e+00   3.885970e-04   1.132995e-05   1.228121e-06  -0.000000e+00   2.501015e-09
                                                0.000000e+00   0.000000e+00   3.885970e-04   1.132995e-05   1.228121e-06   0.000000e+00   2.501015e-09

