              5             21   1.234150e-03   1.293040e-03   1.578329e-03   1.234151e-03   1.293040e-03   1.578329e-03   1.008731e-03   8.453042e-04   9.669708e-10   9.858655e-07   6.668711e-07   4.599074e-04   2.400000e+10   2.063504e-05   1.031752e-05   1.186818e-05   1.234151e-03   1.293040e-03   1.578329e-03   1.560737e-05   6.615679e-06  -1.176637e-05   4.124883e-06  -9.455858e-06   1.524888e-07   2.266335e-05   5.838673e+01   7.563529e-01   3.206042e-01  -5.702133e-01
              5            109   2.216820e-03   1.905450e-03   1.966703e-03   2.216820e-03   1.905450e-03   1.966702e-03   1.843733e-03   2.026631e-03   7.369409e-10   2.403313e-09   8.434839e-07   9.654302e-04   2.400000e+10   1.989113e-05   7.843279e-06   1.988528e-05   2.216820e-03   1.905450e-03   1.966702e-03  -3.394464e-06  -2.305793e-06  -1.946324e-05  -3.065027e-06  -7.095464e-06   1.333054e-06   3.534801e-05   1.040000e+02  -1.706522e-01  -1.159207e-01  -9.784888e-01
              7             45   5.767067e-03   1.792726e-03   1.659019e-03   5.767068e-03   1.792725e-03   1.659018e-03   1.689507e-03   1.807320e-03   1.014157e-09   4.982954e-08   9.410505e-07   8.732143e-04   2.400000e+10   3.053992e-05   9.676439e-06   1.586222e-05   5.767067e-03   1.792725e-03   1.659018e-03   2.044682e-05  -1.152978e-05  -1.953659e-05  -5.833359e-07  -8.619432e-06   4.358736e-06   2.821712e-05   6.373427e+00   6.695113e-01  -3.775314e-01  -6.397067e-01
              7             71   7.759394e-03   2.028124e-03   1.200059e-03   7.759394e-03   2.028124e-03   1.200059e-03   8.535770e-04   1.300896e-03   6.889886e-10   3.278011e-08   5.959065e-07   5.153997e-04   2.400000e+10   1.313833e-05   6.569165e-06   2.913190e-07   7.759394e-03   2.028124e-03   1.200059e-03  -1.269587e-05  -3.086933e-06  -1.378892e-06  -1.689833e-06   5.721779e-06   2.749480e-06   4.205468e-05   1.684446e+00  -9.663233e-01  -2.349563e-01  -1.049519e-01
              9             61   4.514039e-03   5.568009e-03   1.170712e-03   4.514039e-03   5.568009e-03   1.170712e-03   1.282720e-03   9.307464e-04   9.975964e-12   5.761622e-09   7.335380e-08   5.393744e-04   2.400000e+10   2.336051e-19   1.168026e-19  -8.818464e-20   4.514039e-03   5.568009e-03   1.170712e-03   4.079073e-20  -2.124404e-19   8.818464e-20   1.081939e-19   4.383559e-20  -3.919660e-21   3.749544e-03   5.753917e+13   1.741943e-12  -9.072139e-12   3.765871e-12
              9             63   4.843193e-03   4.473124e-03   9.724863e-04   4.843193e-03   4.473124e-03   9.724863e-04   1.070455e-03   4.622828e-04   9.923775e-12   4.662997e-09   5.660341e-08   3.228556e-04   2.400000e+10   1.783801e-19   8.919005e-20  -5.149243e-20   4.843193e-03   4.473124e-03   9.724863e-04  -4.155889e-20   1.656528e-19   5.149243e-20  -1.135004e-20   1.660526e-20  -8.689251e-20   4.272166e-03   2.884236e+14  -2.312035e-12   9.215720e-12   2.864665e-12
             15             41   5.665543e-03   8.676740e-03   1.196966e-03   5.665544e-03   8.676740e-03   1.196966e-03   1.273262e-03   2.037374e-03   1.949362e-10   1.203155e-06   3.908272e-07   7.835689e-04   2.400000e+10   2.437964e-06   1.218982e-06  -7.075892e-07   5.665543e-03   8.676740e-03   1.196966e-03   2.291226e-06  -7.638292e-08  -8.295283e-07  -3.669613e-07   4.831157e-07  -1.057287e-06   3.177815e-05   2.856396e+00   9.398113e-01  -3.133063e-02  -3.402546e-01
             41             93   3.818810e-03   7.580854e-03   1.969775e-03   3.818811e-03   7.580855e-03   1.969775e-03   1.806983e-03   1.254234e-03   6.862256e-10   4.394515e-08   7.127753e-07   7.403523e-04   2.400000e+10   1.565199e-05   7.825995e-06   1.171803e-05   3.818811e-03   7.580854e-03   1.969775e-03   8.158884e-06   1.145291e-05  -6.873733e-06  -3.293747e-07  -3.849638e-06  -6.805733e-06   5.483237e-05   3.626189e+00   5.212682e-01   7.317224e-01  -4.391603e-01
             41            102   3.977670e-03   1.095869e-02   1.802587e-03   3.977670e-03   1.095869e-02   1.802587e-03   1.035000e-03   9.685306e-04   8.941658e-10   1.235953e-07   6.688642e-07   5.003314e-04   2.400000e+10   1.913842e-05   9.569208e-06   5.531792e-06   3.977670e-03   1.095869e-02   1.802587e-03   5.030585e-06  -1.770799e-05  -5.234437e-06   6.147994e-06   3.629992e-06  -6.371425e-06   3.969488e-05   1.930037e+01   2.628527e-01  -9.252588e-01  -2.735042e-01
             45            109   4.169622e-03   2.497254e-03   2.601108e-03   4.169623e-03   2.497254e-03   2.601107e-03   1.676393e-03   1.712993e-03   1.107492e-09   5.033674e-07   9.686690e-07   8.472476e-04   2.400000e+10   3.432937e-05   7.469367e-07   1.327878e-05   4.169622e-03   2.497254e-03   2.601107e-03   3.175652e-05   1.620616e-06  -1.293844e-05  -1.413641e-07  -2.531762e-07  -6.883549e-07   3.298494e-05   4.840060e+01   9.250538e-01   4.720784e-02  -3.768911e-01
             45            129   5.737448e-03   3.272120e-03   2.416541e-03   5.737448e-03   3.272120e-03   2.416541e-03   1.051044e-03   2.426779e-03   4.874391e-11   1.663155e-07   1.890741e-07   7.334048e-04   2.400000e+10   2.949188e-07   1.474594e-07   3.485599e-06   5.737448e-03   3.272120e-03   2.416541e-03  -1.765395e-07  -2.340263e-07  -3.228956e-08  -1.071624e-07   8.630028e-08  -5.303545e-08   7.465990e-05   3.838440e-01  -5.986037e-01  -7.935278e-01  -1.094863e-01
             93            117   2.135034e-03   4.873398e-03   4.115258e-03   2.135034e-03   4.873398e-03   4.115258e-03   1.476475e-03   1.210371e-03   9.985900e-12   4.310309e-08   8.149754e-08   6.651228e-04   2.400000e+10   2.600572e-19   1.300286e-19   1.480163e-19   2.135034e-03   4.873398e-03   4.115258e-03   3.067905e-20   2.116122e-19  -1.480163e-19   1.003058e-19   4.994397e-20   6.596805e-20   1.105036e-02   4.035188e+10   1.178040e-12   8.125666e-12  -5.683658e-12
             93            145   3.619532e-03   7.762388e-03   3.193161e-03   3.619532e-03   7.762387e-03   3.193161e-03   1.993336e-03   1.346470e-03   4.458126e-10   6.004271e-08   5.985552e-07   8.036298e-04   2.400000e+10   8.538990e-06   3.453237e-06   2.608357e-06   3.619532e-03   7.762387e-03   3.193161e-03  -3.413515e-06  -7.040625e-06  -3.419337e-06   3.041862e-06  -7.769553e-07  -1.438145e-06   5.983582e-05   1.943021e+01  -3.997563e-01  -8.245267e-01  -4.004381e-01
            109            117   2.247215e-03   2.646038e-03   4.096240e-03   2.247215e-03   2.646037e-03   4.096239e-03   2.570034e-03   2.572471e-03   1.073132e-09   1.883231e-06   1.174584e-06   1.285626e-03   2.400000e+10   4.033549e-05   2.016775e-05   2.743429e-05   2.247215e-03   2.646037e-03   4.096239e-03   1.413707e-05  -2.448518e-05  -2.876753e-05   4.205657e-06   1.598455e-05  -1.155614e-05   3.888528e-05   5.123949e+01   3.504871e-01  -6.070382e-01  -7.132065e-01
            117            157   1.453440e-03   2.014786e-03   5.960179e-03   1.453440e-03   2.014787e-03   5.960178e-03   1.269818e-03   1.813761e-03   1.343316e-09   3.831147e-07   1.001664e-06   7.469069e-04   2.400000e+10   4.305765e-05   1.502420e-05   2.930828e-05   1.453440e-03   2.014787e-03   5.960178e-03   3.661984e-06   3.284560e-05  -2.759923e-05   9.646014e-06  -7.967919e-06  -8.318247e-06   3.243712e-05   1.262664e+01   8.504840e-02   7.628285e-01  -6.409832e-01
            117            165   1.399840e-03   4.745081e-03   5.031718e-03   1.399840e-03   4.745080e-03   5.031718e-03   1.978554e-03   9.326246e-04   9.353702e-10   1.523667e-07   7.699893e-07   6.338491e-04   2.400000e+10   2.304720e-05   2.334336e-06   4.771370e-06   1.399840e-03   4.745081e-03   5.031718e-03   7.079400e-06  -2.117788e-05  -5.705510e-06  -2.217670e-06  -7.254248e-07  -6.947067e-08   3.699654e-05   5.745223e+00   3.071696e-01  -9.188918e-01  -2.475576e-01
            119            129   7.736393e-03   4.638709e-03   1.213771e-03   7.736393e-03   4.638709e-03   1.213771e-03   9.955770e-04   1.853323e-03   4.370146e-10   4.219627e-09   5.320131e-07   6.476625e-04   2.400000e+10   7.439919e-06   3.719959e-06   4.606838e-06   7.736393e-03   4.638709e-03   1.213771e-03   5.531829e-06   4.465047e-06  -2.194222e-06   8.657212e-07   7.193283e-07   3.545588e-06   4.450843e-05   2.351548e+00   7.435335e-01   6.001473e-01  -2.949256e-01
            119            133   8.554292e-03   6.970042e-03   1.347148e-03   8.554292e-03   6.970042e-03   1.347148e-03   1.099621e-03   1.641157e-03   8.654418e-11   8.502026e-11   2.387144e-07   6.584446e-04   2.400000e+10   6.610988e-07   3.305494e-07   1.610378e-06   8.554292e-03   6.970042e-03   1.347148e-03   3.328706e-08  -6.540639e-07  -9.024462e-08   2.993040e-07  -2.295243e-09  -1.402667e-07   6.644528e-05   1.278054e+00   5.035112e-02  -9.893587e-01  -1.365070e-01
            119             73   9.703394e-03   6.347762e-03   1.116594e-03   9.703393e-03   6.347762e-03   1.116594e-03   9.346666e-04   1.137507e-03   3.255329e-10   1.490919e-09   4.086860e-07   5.130795e-04   2.400000e+10   4.257304e-06   2.128652e-06  -7.092164e-07   9.703394e-03   6.347762e-03   1.116594e-03  -3.857975e-06  -1.782444e-06   2.521138e-07  -9.089429e-07   1.857809e-06  -5.035150e-07   4.281779e-05   1.729056e+00  -9.062014e-01  -4.186790e-01   5.921911e-02
            129            201   6.586416e-03   4.685669e-03   4.104660e-03   6.586416e-03   4.685669e-03   4.104659e-03   1.256648e-03   2.839347e-03   8.584838e-10   1.079797e-08   8.647736e-07   8.711095e-04   2.400000e+10   2.375661e-05   1.187831e-05   6.739300e-06   6.586416e-03   4.685669e-03   4.104659e-03  -8.201600e-07  -8.148567e-06  -2.230033e-05  -1.072778e-05  -4.652509e-06   2.088821e-06   4.978083e-05   2.662912e+00  -3.452344e-02  -3.430020e-01  -9.387000e-01
            141            165   1.255136e-03   7.134450e-03   5.766987e-03   1.255136e-03   7.134451e-03   5.766987e-03   1.620783e-03   1.072947e-03   9.543688e-10   4.788850e-08   7.849331e-07   6.455784e-04   2.400000e+10   2.397170e-05   5.574292e-06  -1.599029e-06   1.255136e-03   7.134451e-03   5.766987e-03   4.111388e-06   2.347786e-05   2.555234e-06  -4.541973e-07  -5.173280e-07   5.531619e-06   3.865949e-05   2.961679e+00   1.715101e-01   9.793988e-01   1.065938e-01
            141            206   1.593795e-03   1.070881e-02   7.025440e-03   1.593796e-03   1.070881e-02   7.025439e-03   1.394977e-03   9.204852e-04   8.498429e-10   8.350911e-10   6.865029e-07   5.545569e-04   2.400000e+10   1.866943e-05   5.906762e-06   3.858486e-06   1.593795e-03   1.070881e-02   7.025440e-03   1.829007e-06  -1.744250e-05  -6.400113e-06  -5.215760e-06  -1.420742e-06   2.380583e-06   4.133817e-05   2.875050e+00   9.796804e-02  -9.342815e-01  -3.428125e-01
            145            222   3.467400e-03   1.046357e-02   5.063237e-03   3.467400e-03   1.046357e-02   5.063236e-03   1.256698e-03   6.769280e-04   7.494834e-10   8.578925e-08   5.742242e-07   4.399475e-04   2.400000e+10   1.377189e-05   3.113278e-06   1.086921e-05   3.467400e-03   1.046357e-02   5.063237e-03   1.389146e-06  -8.347461e-06  -1.086532e-05  -2.833980e-06  -1.172125e-06   5.358915e-07   2.621683e-05   1.683715e+03   1.008682e-01  -6.061232e-01  -7.889488e-01
            151            111   1.000941e-02   4.950285e-03   2.635249e-03   1.000941e-02   4.950285e-03   2.635249e-03   1.165243e-03   1.698136e-03   4.478587e-12   6.572088e-11   5.563212e-08   6.910512e-04   2.400000e+10   3.570734e-20   1.785367e-20  -1.650926e-20   1.000941e-02   4.950285e-03   2.635249e-03  -2.367112e-20   2.102704e-20   1.650926e-20   9.162956e-21  -3.973231e-21   1.479889e-20   9.039259e-03   5.675871e+13  -2.968946e-12   2.637312e-12   2.070671e-12
            157            167   1.632896e-03   1.055243e-03   7.544316e-03   1.632896e-03   1.055243e-03   7.544314e-03   1.857049e-03   9.256035e-04   1.623593e-09   7.050061e-07   1.001459e-06   6.177167e-04   2.400000e+10   5.203077e-05   2.601538e-05   3.986646e-05   1.632896e-03   1.055243e-03   7.544315e-03   6.344947e-06   3.977121e-06  -5.148908e-05  -1.731590e-05   1.940527e-05  -6.285190e-07   2.735285e-05   1.761577e+00   1.219461e-01   7.643787e-02  -9.895890e-01
            158             65   6.569878e-03   1.086521e-02   2.943171e-03   6.569878e-03   1.086521e-02   2.943171e-03   2.279186e-03   2.645538e-03   2.149619e-11   2.081591e-08   1.622321e-07   1.224368e-03   2.400000e+10   1.115959e-07   5.579795e-08  -2.439885e-08   6.569878e-03   1.086521e-02   2.943171e-03  -1.949675e-08  -7.647682e-08   7.889751e-08  -5.452299e-08   1.775988e-09  -1.172609e-08   1.149331e-04   4.498637e+02  -1.747085e-01  -6.853013e-01   7.069930e-01
            167            237   1.136114e-03   9.277078e-04   1.022386e-02   1.136114e-03   9.277080e-04   1.022386e-02   1.142172e-03   9.252196e-04   1.013470e-09   5.799801e-07   7.197511e-07   5.111562e-04   2.400000e+10   2.334228e-05   1.167114e-05   2.069834e-05   1.136114e-03   9.277079e-04   1.022386e-02   2.123187e-06   3.771251e-06  -2.293756e-05   2.234084e-06   1.126910e-05   2.057153e-06   2.181494e-05   5.202077e+00   9.095884e-02   1.615631e-01  -9.826616e-01
            173            205   3.167430e-03   1.296401e-03   5.533262e-03   3.167430e-03   1.296401e-03   5.533262e-03   9.110033e-04   1.349494e-03   2.681944e-11   9.963859e-08   1.207726e-07   5.438597e-04   2.400000e+10   1.036497e-07   5.182485e-08  -5.474254e-11   3.167430e-03   1.296401e-03   5.533262e-03  -7.804265e-08  -4.274836e-08  -5.315246e-08   2.491769e-08   9.594283e-09  -4.441705e-08   5.325507e-05   4.608125e+01  -7.529462e-01  -4.124311e-01  -5.128086e-01
            201            193   8.887753e-03   6.122606e-03   4.931167e-03   8.887752e-03   6.122605e-03   4.931167e-03   1.447217e-03   1.908270e-03   1.003215e-09   1.145009e-08   9.086696e-07   8.230341e-04   2.400000e+10   2.917092e-05   5.088571e-06  -1.346344e-07   8.887752e-03   6.122606e-03   4.931167e-03  -2.594338e-05  -1.333180e-05   3.833343e-07  -4.885649e-07   8.067895e-07  -5.000395e-06   5.781441e-05   3.278065e+00  -8.893575e-01  -4.570236e-01   1.314097e-02
            205            221   4.078564e-03   2.683174e-03   6.624097e-03   4.078564e-03   2.683174e-03   6.624097e-03   1.443091e-03   2.286168e-03   5.267677e-11   1.769551e-08   2.158735e-07   8.846660e-04   2.400000e+10   3.638885e-07   1.819443e-07  -1.453803e-08   4.078564e-03   2.683174e-03   6.624097e-03   2.095232e-08  -3.366462e-07  -1.365474e-07  -1.722183e-07   1.210087e-08  -5.742955e-08   7.555578e-05   4.770274e+01   5.757895e-02  -9.251356e-01  -3.752450e-01
            207            175   9.404706e-03   1.754493e-03   5.926657e-03   9.404706e-03   1.754493e-03   5.926657e-03   1.995641e-03   1.180069e-03   5.687928e-10   1.251298e-09   6.494587e-07   7.415647e-04   2.400000e+10   1.182104e-05   5.910519e-06  -7.033258e-07   9.404706e-03   1.754493e-03   5.926657e-03  -1.144695e-05   2.499239e-06   1.567821e-06  -7.932764e-07  -5.255395e-06   2.585686e-06   4.250076e-05   4.077784e+00  -9.683541e-01   2.114230e-01   1.326297e-01
            221            269   5.095529e-03   4.765156e-03   8.028991e-03   5.095529e-03   4.765156e-03   8.028991e-03   2.624231e-03   2.068385e-03   1.109173e-10   7.342414e-09   3.581862e-07   1.156694e-03   2.400000e+10   1.271329e-06   6.084589e-07   2.840070e-07   5.095529e-03   4.765156e-03   8.028991e-03  -1.180974e-06  -2.922464e-07  -3.690119e-07   2.177172e-07  -2.326749e-07  -5.183471e-07   8.098637e-05   1.671785e+02  -9.289288e-01  -2.298746e-01  -2.902567e-01
            221            325   2.592062e-03   3.676299e-03   8.964255e-03   2.592062e-03   3.676299e-03   8.964255e-03   2.056957e-03   2.564249e-03   1.517713e-10   1.785229e-08   4.162074e-07   1.141379e-03   2.400000e+10   2.021387e-06   1.010693e-06   1.238979e-06   2.592062e-03   3.676299e-03   8.964255e-03   9.656741e-07   5.679673e-07  -1.682525e-06  -8.007668e-07  -2.747459e-07  -5.520766e-07   7.512966e-05   9.849389e+01   4.777285e-01   2.809790e-01  -8.323619e-01
            249            217   5.560223e-03   8.871613e-03   6.926405e-03   5.560223e-03   8.871613e-03   6.926405e-03   9.124604e-04   2.214070e-03   5.645823e-11   1.333016e-09   1.910007e-07   6.461640e-04   2.400000e+10   3.450740e-07   1.725370e-07   2.086212e-07   5.560223e-03   8.871613e-03   6.926405e-03   7.422781e-08  -1.034539e-07  -3.207235e-07   3.415933e-08   1.627222e-07  -4.608306e-08   4.634769e-05   5.464762e+01   2.151069e-01  -2.998020e-01  -9.294341e-01
            253            273   7.752599e-03   9.068621e-03   7.166566e-03   7.752599e-03   9.068621e-03   7.166566e-03   1.944970e-03   1.941825e-03   1.314189e-11   1.021521e-08   1.130042e-07   9.716981e-04   2.400000e+10   4.752284e-08   2.376142e-08   4.017542e-08   7.752599e-03   9.068621e-03   7.166566e-03  -3.756883e-09   4.050394e-08  -2.457106e-08   2.022111e-08  -5.033235e-09  -1.141834e-08   8.142764e-05   4.831058e+02  -7.905426e-02   8.523047e-01  -5.170369e-01
            269            259   7.512895e-03   6.057932e-03   7.690831e-03   7.512895e-03   6.057932e-03   7.690831e-03   1.319699e-03   1.029802e-03   9.784714e-12   2.682788e-07   7.523165e-08   5.784329e-04   2.400000e+10   2.304872e-19   1.152436e-19  -9.153899e-20   7.512895e-03   6.057932e-03   7.690831e-03  -1.880258e-19  -9.690854e-20   9.153899e-20   1.843706e-20   5.662334e-20   9.866589e-20   8.093042e-03   4.513632e+11  -7.982129e-12  -4.113991e-12   3.886042e-12
            269            305   7.249312e-03   3.978489e-03   9.176071e-03   7.249312e-03   3.978490e-03   9.176071e-03   1.780358e-03   2.415249e-03   2.143518e-10   4.106708e-09   4.687063e-07   1.024883e-03   2.400000e+10   3.214977e-06   1.607488e-06   9.569247e-07   7.249312e-03   3.978490e-03   9.176071e-03  -1.307097e-06   2.226257e-06  -1.916077e-06  -8.349629e-07  -1.143995e-06  -7.603498e-07   6.155692e-05   2.604489e+01  -4.065650e-01   6.924644e-01  -5.959849e-01
            269            326   4.981941e-03   6.229420e-03   9.144902e-03   4.981941e-03   6.229420e-03   9.144902e-03   1.056040e-03   7.422074e-04   9.655779e-11   1.210396e-08   2.051501e-07   4.358693e-04   2.400000e+10   6.338830e-07   3.169415e-07   2.817728e-07   4.981941e-03   6.229420e-03   9.144902e-03   4.716746e-07  -2.195790e-07  -3.620992e-07  -2.115970e-07  -1.149477e-07  -2.060720e-07   4.386166e-05   3.875542e+01   7.441035e-01  -3.464030e-01  -5.712398e-01
            273            259   8.348704e-03   7.421230e-03   7.400635e-03   8.348704e-03   7.421230e-03   7.400635e-03   1.567849e-03   1.879821e-03   4.067696e-11   2.902396e-09   1.864755e-07   8.548601e-04   2.400000e+10   2.427282e-07   1.213641e-07   4.141030e-09   8.348704e-03   7.421230e-03   7.400635e-03  -1.032148e-07   2.149760e-07   4.526567e-08   8.284423e-08   5.409837e-08  -7.028116e-08   6.338818e-05   5.708045e+01  -4.252281e-01   8.856656e-01   1.864871e-01
            273            321   6.924709e-03   8.333747e-03   8.649166e-03   6.924709e-03   8.333747e-03   8.649166e-03   1.018606e-03   1.545607e-03   4.651482e-11   1.219262e-08   1.689940e-07   6.139758e-04   2.400000e+10   2.515432e-07   1.257716e-07  -3.060468e-08   6.924709e-03   8.333747e-03   8.649166e-03   9.883907e-08   2.820941e-08  -2.295845e-07  -4.445772e-08   1.175544e-07  -4.793909e-09   7.897102e-05   3.891136e+01   3.929308e-01   1.121454e-01  -9.127041e-01
            297            217   5.087231e-03   8.290490e-03   8.604256e-03   5.087231e-03   8.290490e-03   8.604256e-03   8.501546e-04   1.963128e-03   3.216943e-10   4.948964e-08   4.368559e-07   5.932438e-04   2.400000e+10   4.497090e-06   2.248545e-06  -1.423751e-07   5.087231e-03   8.290490e-03   8.604256e-03  -3.190928e-07  -4.103543e-06   1.811886e-06  -1.950039e-06   5.756058e-07   9.601984e-07   3.064619e-05   2.241366e+00  -7.095540e-02  -9.124885e-01   4.029020e-01
             71             87   1.099779e-02   2.121940e-03   1.525852e-03   1.099779e-02   2.121940e-03   1.525852e-03   1.306763e-03   2.517092e-03   3.299826e-10   2.637729e-08   5.327738e-07   8.601903e-04   2.400000e+10   5.625795e-06   2.812898e-06   6.194836e-07   1.099779e-02   2.121940e-03   1.525852e-03  -5.562413e-06  -7.826128e-09  -8.420630e-07  -4.107447e-07  -5.919764e-07   2.719052e-06   5.773721e-05   2.205776e+01  -9.887337e-01  -1.391115e-03  -1.496789e-01
            305            369   7.294641e-03   4.502857e-03   1.146868e-02   7.294641e-03   4.502856e-03   1.146868e-02   1.236664e-03   1.289468e-03   6.091279e-10   5.087816e-07   6.200937e-07   6.312569e-04   2.400000e+10   1.208692e-05   6.043462e-06   8.284789e-07   7.294641e-03   4.502856e-03   1.146868e-02  -1.050544e-06  -6.977249e-06  -9.813670e-06  -5.667875e-06   1.947733e-06  -7.777931e-07   5.351784e-05   3.026118e+00  -8.691574e-02  -5.772559e-01  -8.119244e-01
            305            269   7.249312e-03   3.978490e-03   9.176071e-03   7.249312e-03   3.978489e-03   9.176071e-03   2.415249e-03   1.780358e-03   2.143518e-10   4.106708e-09   4.687063e-07   1.024883e-03   2.400000e+10   3.214977e-06   1.607488e-06  -9.569247e-07   7.249312e-03   3.978490e-03   9.176071e-03   1.307097e-06  -2.226257e-06   1.916077e-06   8.349629e-07   1.143995e-06   7.603498e-07   6.155692e-05   2.604489e+01   4.065650e-01  -6.924644e-01   5.959849e-01
            325            341   2.490361e-03   3.836261e-03   1.136398e-02   2.490361e-03   3.836261e-03   1.136398e-02   2.118177e-03   3.222635e-03   3.678379e-10   4.342930e-07   6.856639e-07   1.278104e-03   2.400000e+10   8.070822e-06   4.035411e-06   2.466445e-06   2.490361e-03   3.836261e-03   1.136398e-02  -8.088586e-07  -1.695535e-06  -7.849145e-06   3.239792e-06  -2.398978e-06   1.821828e-07   5.853434e-05   1.253368e+01  -1.002201e-01  -2.100821e-01  -9.725335e-01
            325            221   2.592062e-03   3.676299e-03   8.964255e-03   2.592062e-03   3.676299e-03   8.964255e-03   2.564249e-03   2.056957e-03   1.517713e-10   1.785229e-08   4.162074e-07   1.141379e-03   2.400000e+10   2.021387e-06   1.010693e-06  -1.238979e-06   2.592062e-03   3.676299e-03   8.964255e-03  -9.656741e-07  -5.679673e-07   1.682525e-06   8.007668e-07   2.747459e-07   5.520766e-07   7.512966e-05   9.849389e+01  -4.777285e-01  -2.809790e-01   8.323619e-01
            321            273   6.924709e-03   8.333747e-03   8.649166e-03   6.924709e-03   8.333747e-03   8.649166e-03   1.545607e-03   1.018606e-03   4.651482e-11   1.219262e-08   1.689940e-07   6.139758e-04   2.400000e+10   2.515432e-07   1.257716e-07   3.060468e-08   6.924709e-03   8.333747e-03   8.649166e-03  -9.883907e-08  -2.820941e-08   2.295845e-07   4.445772e-08  -1.175544e-07   4.793909e-09   7.897102e-05   3.891136e+01  -3.929308e-01  -1.121454e-01   9.127041e-01
            445            423   1.495241e-03   7.078964e-03   1.718044e-02   1.495241e-03   7.078964e-03   1.718044e-02   1.432186e-03   1.174546e-03   5.527130e-10   1.975818e-08   5.972228e-07   6.453169e-04   2.400000e+10   1.056297e-05   5.281485e-06  -3.619684e-06   1.495241e-03   7.078964e-03   1.718044e-02   9.281194e-07   9.039196e-06   5.385895e-06   2.873608e-06  -2.480729e-06   3.671845e-06   5.453296e-05   9.011246e+00   8.786538e-02   8.557438e-01   5.098845e-01
            423            341   1.330775e-03   5.389250e-03   1.396202e-02   1.330775e-03   5.389250e-03   1.396202e-02   1.125693e-03   2.338032e-03   1.017960e-11   2.881964e-07   8.794856e-08   7.598484e-04   2.400000e+10   2.864899e-08   1.432449e-08  -9.623407e-06   1.330775e-03   5.389250e-03   1.396202e-02  -4.251026e-09   1.415059e-08   2.454494e-08  -5.397218e-09   1.122183e-08  -7.080369e-09   1.634376e-04   1.178484e+00  -1.483831e-01   4.939297e-01   8.567473e-01
            433            405   4.409758e-03   1.580192e-03   1.445319e-02   4.409758e-03   1.580192e-03   1.445319e-02   1.681432e-03   1.547999e-03   9.282390e-11   1.475007e-06   2.735218e-07   8.059794e-04   2.400000e+10   8.124594e-07   4.062297e-07  -1.158005e-07   4.409758e-03   1.580192e-03   1.445319e-02  -4.991028e-07   2.874772e-08   6.404374e-07  -1.504464e-07   3.530860e-07  -1.331117e-07   5.233873e-05   2.717015e+01  -6.143112e-01   3.538358e-02   7.882701e-01
            382            381   1.203337e-03   1.165811e-03   1.306703e-02   1.203338e-03   1.165811e-03   1.306703e-02   1.054527e-03   1.041674e-03   7.075531e-10   1.331031e-05   6.089166e-07   5.240305e-04   2.400000e+10   1.378691e-05   6.893453e-06  -9.338615e-07   1.203337e-03   1.165811e-03   1.306703e-02   5.088760e-06  -9.778884e-09   1.281340e-05  -6.392193e-06   4.474277e-07   2.541530e-06   2.371735e-05   9.603816e-01   3.691010e-01  -7.092878e-04   9.293890e-01
            357            333   4.218545e-03   7.276957e-03   1.287744e-02   4.218545e-03   7.276957e-03   1.287744e-02   2.217753e-03   2.398358e-03   1.346803e-10   4.683993e-10   3.939377e-07   1.152261e-03   2.400000e+10   1.697781e-06   6.116312e-07  -3.302185e-06   4.218545e-03   7.276957e-03   1.287744e-02   2.875566e-07  -1.004175e-06   1.338433e-06  -8.864243e-08  -4.893808e-07  -3.560080e-07   9.383795e-05   2.685577e+01   1.693721e-01  -5.914635e-01   7.883426e-01
            374            359   6.559834e-03   1.024673e-02   1.452935e-02   6.559834e-03   1.024673e-02   1.452935e-02   1.865254e-03   1.684044e-03   9.974271e-12   4.138316e-10   9.395396e-08   8.850116e-04   2.400000e+10   2.991076e-19   1.495538e-19   3.997169e-21   6.559834e-03   1.024673e-02   1.452935e-02  -2.989579e-19  -8.575046e-21  -3.997169e-21  -9.213861e-21   8.627043e-20  -1.218148e-19   7.218811e-03   1.547740e+15  -9.969281e-12  -2.859501e-13  -1.332927e-13
            381            237   1.026248e-03   1.016936e-03   1.183413e-02   1.026247e-03   1.016936e-03   1.183413e-02   1.274828e-03   5.999846e-04   6.942390e-10   5.991222e-08   5.321958e-07   4.079753e-04   2.400000e+10   1.182308e-05   1.382766e-06  -1.174110e-05   1.026247e-03   1.016936e-03   1.183413e-02  -1.582138e-06   2.562124e-06   1.143317e-05   1.345848e-06  -2.113533e-07   2.367817e-07   2.042427e-05   1.671221e+01  -1.338178e-01   2.167054e-01   9.670220e-01
            333            326   4.550241e-03   6.886411e-03   1.037669e-02   4.550241e-03   6.886411e-03   1.037669e-02   1.917968e-03   6.684794e-04   1.023460e-10   3.541913e-11   2.252414e-07   4.957078e-04   2.400000e+10   7.376815e-07   2.206738e-07  -4.711544e-07   4.550241e-03   6.886411e-03   1.037669e-02  -3.058730e-08   4.302358e-07   5.984443e-07  -1.983310e-07  -8.308320e-08   4.958745e-08   4.304298e-05   3.370463e+01  -4.146409e-02   5.832270e-01   8.112503e-01
            333            313   4.128339e-03   1.084449e-02   1.048825e-02   4.128339e-03   1.084449e-02   1.048825e-02   1.335475e-03   1.383793e-03   5.648554e-10   3.410189e-09   6.195781e-07   6.796024e-04   2.400000e+10   1.119911e-05   5.599553e-06  -1.987686e-06   4.128339e-03   1.084449e-02   1.048825e-02   3.707948e-07  -1.074936e-05   3.119904e-06  -1.381016e-06   1.482336e-06   5.220198e-06   4.459840e-05   7.409161e+00   3.310932e-02  -9.598407e-01   2.785851e-01
            333            350   2.877841e-03   9.763764e-03   1.262955e-02   2.877841e-03   9.763763e-03   1.262955e-02   1.750845e-03   1.825595e-03   2.323688e-11   6.735630e-08   1.441085e-07   8.937194e-04   2.400000e+10   1.071562e-07   5.357809e-08   1.033680e-06   2.877841e-03   9.763763e-03   1.262955e-02   5.323657e-08  -7.196422e-08  -5.890217e-08   3.841196e-08   3.613774e-08  -9.444436e-09   1.451758e-04   1.685505e+01   4.968129e-01  -6.715826e-01  -5.496852e-01
            237            167   1.136114e-03   9.277080e-04   1.022386e-02   1.136114e-03   9.277078e-04   1.022386e-02   9.252196e-04   1.142172e-03   1.013470e-09   5.799801e-07   7.197511e-07   5.111562e-04   2.400000e+10   2.334228e-05   1.167114e-05  -2.069834e-05   1.136114e-03   9.277079e-04   1.022386e-02  -2.123187e-06  -3.771251e-06   2.293756e-05  -2.234084e-06  -1.126910e-05  -2.057153e-06   2.181494e-05   5.202077e+00  -9.095884e-02  -1.615631e-01   9.826616e-01
            326            269   4.981941e-03   6.229420e-03   9.144902e-03   4.981941e-03   6.229420e-03   9.144902e-03   7.422074e-04   1.056040e-03   9.655779e-11   1.210396e-08   2.051501e-07   4.358693e-04   2.400000e+10   6.338830e-07   3.169415e-07  -2.817728e-07   4.981941e-03   6.229420e-03   9.144902e-03  -4.716746e-07   2.195790e-07   3.620992e-07   2.115970e-07   1.149477e-07   2.060720e-07   4.386166e-05   3.875542e+01  -7.441035e-01   3.464030e-01   5.712398e-01
            467            391   8.686726e-03   9.665832e-04   1.773271e-02   8.686726e-03   9.665832e-04   1.773271e-02   1.068181e-03   1.520424e-03   6.912815e-11   2.604482e-07   2.082569e-07   6.273990e-04   2.400000e+10   4.606852e-07   2.303426e-07  -1.119450e-07   8.686726e-03   9.665832e-04   1.773271e-02  -3.661307e-07  -1.242173e-07   2.504979e-07  -4.172208e-08  -1.793667e-07  -1.383639e-07   4.438599e-05   3.162021e+01  -7.947526e-01  -2.696360e-01   5.437506e-01
              2             26   1.647095e-03   1.876571e-02   1.816970e-03   1.647096e-03   1.876571e-02   1.816974e-03   1.428837e-03   1.624484e-03   4.389384e-09   8.013669e-08   1.826689e-06   7.601962e-04   2.400000e+10   2.565773e-04   1.078926e-04  -2.372353e-04   1.647095e-03   1.876571e-02   1.816972e-03   6.994089e-05   8.109858e-05   2.331591e-04  -4.816016e-05  -8.563225e-05   4.459299e-05   2.025288e-05   9.616188e+00   2.725919e-01   3.160786e-01   9.087288e-01
              2             50   3.078860e-03   1.894470e-02   3.330851e-03   3.078857e-03   1.894470e-02   3.330849e-03   8.659320e-04   8.019390e-04   3.107526e-09   8.790485e-05   1.137467e-06   4.163539e-04   2.400000e+10   1.131107e-04   4.506590e-05   7.026293e-05   3.078859e-03   1.894470e-02   3.330850e-03  -9.520687e-05  -1.068024e-06  -6.106171e-05  -1.217847e-05  -3.881105e-05   1.939902e-05   2.566550e-05   1.120831e+00  -8.417144e-01  -9.442292e-03  -5.398405e-01
              2              6   1.378993e-03   1.868252e-02   4.005433e-03   1.378994e-03   1.868252e-02   4.005428e-03   1.138816e-03   1.136081e-03   5.085632e-09   2.204273e-06   1.700682e-06   5.687235e-04   2.400000e+10   2.767694e-04   6.693417e-05   2.671205e-04   1.378993e-03   1.868252e-02   4.005431e-03   4.737780e-05   4.075847e-05  -2.696208e-04   6.333427e-05  -2.033626e-05   7.442485e-06   2.098977e-05   1.289356e+01   1.711815e-01   1.472651e-01  -9.741714e-01
             26             24   2.481050e-03   1.797650e-02   1.320065e-03   2.481047e-03   1.797650e-02   1.320064e-03   9.973384e-04   1.199062e-03   3.465032e-09   3.923827e-06   1.373536e-06   5.444684e-04   2.400000e+10   1.522991e-04   6.609545e-05   3.412644e-05   2.481049e-03   1.797650e-02   1.320065e-03  -1.484703e-04  -1.276892e-05  -3.144112e-05  -2.914287e-06  -5.509460e-05   3.639644e-05   2.770023e-05   2.380461e+00  -9.748599e-01  -8.384109e-02  -2.064433e-01
             26             38   1.861179e-03   1.693826e-02   9.249498e-04   1.861177e-03   1.693826e-02   9.249501e-04   1.130749e-03   9.901450e-04   2.091675e-09   6.239001e-05   1.050800e-06   5.278933e-04   2.400000e+10   7.033385e-05   3.516693e-05  -3.583281e-06   1.861178e-03   1.693826e-02   9.249500e-04  -4.911897e-05   4.943298e-05   9.516229e-06  -4.761699e-06  -1.114220e-05   3.301349e-05   1.805448e-05   3.495619e-01  -6.983687e-01   7.028334e-01   1.353008e-01
             50             24   4.165964e-03   1.868027e-02   2.978064e-03   4.165964e-03   1.868027e-02   2.978070e-03   8.553655e-04   2.091050e-03   6.172466e-09   2.122426e-05   1.935711e-06   6.070468e-04   2.400000e+10   3.823395e-04   1.911697e-04  -3.263115e-04   4.165964e-03   1.868027e-02   2.978067e-03  -3.158507e-05   8.381428e-05   3.717002e-04  -9.478393e-05   1.597257e-04  -4.527238e-05   2.333368e-05   6.752453e-01  -8.261003e-02   2.192143e-01   9.721732e-01
             66            150   6.573066e-03   1.636613e-02   3.494424e-03   6.573068e-03   1.636613e-02   3.494422e-03   1.672336e-03   1.115078e-03   2.690483e-09   1.276324e-08   1.341618e-06   6.690019e-04   2.400000e+10   1.155072e-04   5.775359e-05   4.067113e-05   6.573067e-03   1.636613e-02   3.494423e-03   9.419367e-05   3.756574e-05  -5.530167e-05  -3.107849e-05   4.211790e-05  -2.440669e-05   1.763649e-05   7.045392e-01   8.154789e-01   3.252243e-01  -4.787726e-01
             98             82   9.879777e-03   1.762690e-02   7.362089e-03   9.879777e-03   1.762690e-02   7.362089e-03   1.312315e-03   1.673668e-03   1.305854e-11   2.899297e-10   9.800703e-08   7.355632e-04   2.400000e+10   4.095451e-08   2.047725e-08  -1.537798e-08   9.879777e-03   1.762690e-02   7.362089e-03  -3.028057e-08  -4.069481e-09  -2.727266e-08  -2.861853e-09   2.025962e-08  -8.219077e-10   1.478716e-04   2.423095e+02  -7.393709e-01  -9.936590e-02  -6.659257e-01
            210            142   3.524715e-03   1.327849e-02   7.674214e-03   3.524715e-03   1.327849e-02   7.674214e-03   1.024689e-03   1.340025e-03   4.401840e-11   1.217126e-06   1.598749e-07   5.806661e-04   2.400000e+10   2.251980e-07   1.125990e-07   7.043652e-06   3.524715e-03   1.327849e-02   7.674214e-03   8.483343e-08  -1.877531e-07  -9.091868e-08   8.218341e-08   5.929743e-08  -4.907382e-08   8.119200e-05   6.302444e-01   3.767059e-01  -8.337245e-01  -4.037277e-01
            210            216   5.152538e-03   1.272712e-02   6.078116e-03   5.152537e-03   1.272712e-02   6.078117e-03   1.018939e-03   2.220737e-03   1.162515e-09   2.303307e-09   9.010960e-07   6.984635e-04   2.400000e+10   3.352119e-05   8.665023e-06  -1.380388e-05   5.152538e-03   1.272712e-02   6.078116e-03  -2.594854e-05  -1.014306e-05   1.864033e-05   4.493925e-06  -6.931113e-06   2.616664e-06   3.608169e-05   3.108162e+00  -7.740936e-01  -3.025866e-01   5.560760e-01
            210            222   3.849026e-03   1.141375e-02   6.123661e-03   3.849027e-03   1.141375e-02   6.123661e-03   9.307866e-04   6.836151e-04   7.382100e-10   3.386976e-08   5.394051e-07   3.941397e-04   2.400000e+10   1.274222e-05   3.292463e-06  -6.093612e-06   3.849027e-03   1.141375e-02   6.123661e-03   6.072499e-06   8.975788e-06   6.702541e-06  -2.300964e-06   2.198332e-06  -8.445233e-07   2.519925e-05   6.549861e+00   4.765654e-01   7.044134e-01   5.260106e-01
            210            270   3.838514e-03   1.264031e-02   8.190933e-03   3.838514e-03   1.264031e-02   8.190932e-03   1.034623e-03   1.219568e-03   6.392807e-10   2.105630e-08   5.981974e-07   5.597543e-04   2.400000e+10   1.223731e-05   4.474849e-06   1.277609e-05   3.838514e-03   1.264031e-02   8.190932e-03   2.371658e-06   2.524736e-07  -1.200264e-05  -7.440503e-07   4.412220e-06  -5.454447e-08   2.392891e-05   1.532494e+01   1.938055e-01   2.063146e-02  -9.808230e-01
            234            166   4.068780e-03   1.544185e-02   5.872749e-03   4.068780e-03   1.544185e-02   5.872749e-03   7.053125e-04   9.095267e-04   7.860327e-10   5.917142e-09   5.587972e-07   3.972535e-04   2.400000e+10   1.405545e-05   7.027726e-06  -4.124669e-07   4.068780e-03   1.544185e-02   5.872749e-03   1.399129e-05  -1.266783e-06   4.414813e-07   4.356457e-07   1.914517e-06  -6.747871e-06   2.475814e-05   8.619811e+00   9.954348e-01  -9.012754e-02   3.140997e-02
            234            174   5.409297e-03   1.553844e-02   6.397831e-03   5.409296e-03   1.553844e-02   6.397830e-03   8.578592e-04   1.320258e-03   1.439609e-09   1.762567e-08   8.652049e-07   5.199882e-04   2.400000e+10   3.985780e-05   1.992890e-05   1.877429e-05   5.409296e-03   1.553844e-02   6.397830e-03  -2.362049e-05  -9.632471e-06  -3.062568e-05   1.292033e-05   8.410007e-06  -1.262925e-05   2.177640e-05   8.550950e-01  -5.926189e-01  -2.416709e-01  -7.683736e-01
            234            198   5.332567e-03   1.565231e-02   5.243722e-03   5.332566e-03   1.565231e-02   5.243723e-03   1.070787e-03   5.885396e-04   1.922130e-09   3.991357e-08   8.544071e-07   3.797929e-04   2.400000e+10   5.255302e-05   2.627651e-05  -3.697046e-05   5.332567e-03   1.565231e-02   5.243722e-03  -2.767904e-05   1.127021e-05   4.322815e-05   5.526179e-06  -2.376411e-05   9.756191e-06   1.611943e-05   8.694311e-01  -5.266879e-01   2.144541e-01   8.225627e-01
              6             22   1.447187e-03   1.843531e-02   6.338118e-03   1.447187e-03   1.843531e-02   6.338116e-03   1.037108e-03   1.927667e-03   1.683854e-09   3.003427e-05   1.065576e-06   6.743172e-04   2.400000e+10   5.741677e-05   2.870838e-05   2.733444e-05   1.447187e-03   1.843531e-02   6.338117e-03  -2.825836e-06   5.156130e-06  -5.711492e-05   2.061471e-05  -1.978078e-05  -2.815267e-06   2.651716e-05   7.987381e-01  -4.921621e-02   8.980182e-02  -9.947429e-01
             24             48   5.682203e-03   1.840486e-02   9.649220e-04   5.682199e-03   1.840486e-02   9.649233e-04   1.952985e-03   7.879039e-04   3.696647e-09   7.140547e-07   1.440603e-06   5.614107e-04   2.400000e+10   1.704128e-04   8.520642e-05  -4.986879e-05   5.682201e-03   1.840486e-02   9.649227e-04  -1.556091e-04   3.578914e-05   5.954396e-05   3.175325e-05   6.940864e-06   7.876350e-05   1.655194e-05   5.536476e-01  -9.131301e-01   2.100143e-01   3.494101e-01
             24             96   4.587819e-03   1.718428e-02   1.340242e-03   4.587817e-03   1.718429e-02   1.340244e-03   2.530621e-03   1.011719e-03   4.698242e-09   5.952516e-05   1.842748e-06   7.227642e-04   2.400000e+10   2.770457e-04   1.385228e-04  -6.448824e-05   4.587818e-03   1.718428e-02   1.340243e-03  -1.110893e-04   2.431511e-04   7.273930e-05   1.284259e-05  -3.387663e-05   1.337012e-04   2.391500e-05   1.157695e+00  -4.009783e-01   8.776572e-01   2.625535e-01
            282            244   8.578647e-03   1.281415e-02   7.811934e-03   8.578647e-03   1.281415e-02   7.811934e-03   1.609571e-03   1.291101e-03   3.554376e-10   1.254327e-08   5.046236e-07   7.164268e-04   2.400000e+10   5.739591e-06   2.869795e-06  -3.236681e-06   8.578647e-03   1.281415e-02   7.811934e-03  -5.017659e-06  -1.248173e-06   2.491598e-06   1.250471e-06  -2.140350e-06   1.446011e-06   4.570036e-05   1.415566e+01  -8.742190e-01  -2.174673e-01   4.341073e-01
            282            294   7.731168e-03   1.147468e-02   9.177188e-03   7.731168e-03   1.147468e-02   9.177188e-03   1.246727e-03   1.748105e-03   2.663122e-10   1.308327e-09   4.402291e-07   7.277236e-04   2.400000e+10   3.751629e-06   1.875815e-06   3.526532e-05   7.731168e-03   1.147468e-02   9.177188e-03   6.883963e-07   2.086216e-06  -3.041140e-06   1.776897e-06   2.758205e-07   5.340789e-07   4.892874e-05   5.512381e-01   1.834926e-01   5.560826e-01  -8.106187e-01
             78            150   5.437850e-03   1.691372e-02   3.491913e-03   5.437850e-03   1.691372e-02   3.491913e-03   7.300185e-04   8.056735e-04   5.095255e-10   2.246252e-09   4.417508e-07   3.829912e-04   2.400000e+10   7.202666e-06   3.601333e-06   2.200910e-07   5.437850e-03   1.691372e-02   3.491913e-03  -1.307558e-06   7.012296e-06  -9.981959e-07   2.353118e-06   5.071025e-08  -2.725778e-06   2.241783e-05   1.050701e+00  -1.815381e-01   9.735695e-01  -1.385870e-01
             86            102   2.533281e-03   1.292786e-02   2.129748e-03   2.533281e-03   1.292786e-02   2.129748e-03   2.662872e-03   9.355230e-04   1.548553e-10   6.138228e-09   3.274244e-07   6.923026e-04   2.400000e+10   1.622509e-06   8.112544e-07  -2.360991e-10   2.533281e-03   1.292786e-02   2.129748e-03  -9.800573e-07   1.293067e-06   9.534065e-11   3.504420e-07   2.656714e-07  -6.817204e-07   5.985727e-05   6.245815e+00  -6.040383e-01   7.969553e-01   5.876126e-05
            102             41   3.977670e-03   1.095869e-02   1.802587e-03   3.977670e-03   1.095869e-02   1.802587e-03   9.685306e-04   1.035000e-03   8.941658e-10   1.235953e-07   6.688642e-07   5.003314e-04   2.400000e+10   1.913842e-05   9.569208e-06  -5.531792e-06   3.977670e-03   1.095869e-02   1.802587e-03  -5.030585e-06   1.770799e-05   5.234437e-06  -6.147994e-06  -3.629992e-06   6.371425e-06   3.969488e-05   1.930037e+01  -2.628527e-01   9.252588e-01   2.735042e-01
            134            142   2.055572e-03   1.586944e-02   8.356582e-03   2.055571e-03   1.586945e-02   8.356583e-03   1.713221e-03   1.731227e-03   1.184993e-09   1.676709e-06   1.010140e-06   8.610885e-04   2.400000e+10   3.830430e-05   1.915215e-05  -1.141264e-05   2.055571e-03   1.586945e-02   8.356582e-03  -2.994530e-05   1.957410e-05   1.368768e-05   1.192407e-05   1.301217e-05   7.436715e-06   3.230074e-05   7.164592e+00  -7.817740e-01   5.110158e-01   3.573405e-01
            134             54   1.959112e-03   1.702648e-02   9.021643e-03   1.959110e-03   1.702648e-02   9.021643e-03   1.137622e-03   1.888799e-03   2.647617e-09   6.036824e-08   1.371055e-06   7.099935e-04   2.400000e+10   1.161609e-04   7.063408e-07   2.159253e-05   1.959111e-03   1.702648e-02   9.021643e-03  -7.789798e-05  -8.342384e-05  -2.158054e-05  -2.773419e-07   1.197322e-07   6.384849e-07   2.998057e-05   5.915909e+02  -6.706042e-01  -7.181750e-01  -1.857815e-01
            101            142   2.473516e-03   1.378376e-02   6.553994e-03   2.473516e-03   1.378376e-02   6.553993e-03   1.587288e-03   1.349936e-03   6.833074e-10   3.840174e-08   7.060313e-07   7.295108e-04   2.400000e+10   1.543797e-05   7.718983e-06   1.488241e-05   2.473516e-03   1.378376e-02   6.553993e-03  -3.247076e-06  -9.159266e-06  -1.199563e-05   7.143421e-06   1.045215e-06  -2.731622e-06   5.768387e-05   1.207538e+01  -2.103305e-01  -5.932949e-01  -7.770214e-01
            101            222   2.987085e-03   1.126283e-02   5.412587e-03   2.987085e-03   1.126283e-02   5.412586e-03   3.170804e-03   1.244781e-03   4.345203e-10   7.008798e-07   6.232211e-07   8.938697e-04   2.400000e+10   8.665672e-06   4.332836e-06  -2.955242e-07   2.987085e-03   1.126283e-02   5.412586e-03  -4.771441e-06   5.746849e-06  -4.393285e-06   7.530206e-08   2.670807e-06   3.410951e-06   2.587649e-05   1.771150e+00  -5.506140e-01   6.631741e-01  -5.069756e-01
            150            198   6.022316e-03   1.574795e-02   4.177128e-03   6.022317e-03   1.574795e-02   4.177127e-03   1.174763e-03   9.875030e-04   2.921339e-09   2.536620e-08   1.251932e-06   5.365123e-04   2.400000e+10   1.170342e-04   2.522801e-05   6.276952e-05   6.022316e-03   1.574795e-02   4.177127e-03   2.725930e-05   8.938631e-05  -7.045575e-05   2.015173e-05  -1.269514e-05  -8.318278e-06   1.331655e-05   1.052184e+00   2.329175e-01   7.637626e-01  -6.020102e-01
             65            158   6.569878e-03   1.086521e-02   2.943171e-03   6.569878e-03   1.086521e-02   2.943171e-03   2.645538e-03   2.279186e-03   2.149619e-11   2.081591e-08   1.622321e-07   1.224368e-03   2.400000e+10   1.115959e-07   5.579795e-08   2.439885e-08   6.569878e-03   1.086521e-02   2.943171e-03   1.949675e-08   7.647682e-08  -7.889751e-08   5.452299e-08  -1.775988e-09   1.172609e-08   1.149331e-04   4.498637e+02   1.747085e-01   6.853013e-01  -7.069930e-01
            142            206   2.226794e-03   1.322895e-02   7.415652e-03   2.226795e-03   1.322895e-02   7.415652e-03   1.178105e-03   7.107692e-04   8.561469e-10   1.185753e-07   6.160684e-07   4.433122e-04   2.400000e+10   1.687824e-05   3.899564e-06  -1.224082e-06   2.226794e-03   1.322895e-02   7.415652e-03   7.580998e-06   1.493030e-05   2.118915e-06  -3.432533e-06   1.802355e-06  -4.193212e-07   4.136080e-05   2.073390e+00   4.491580e-01   8.845883e-01   1.255412e-01
            198            216   5.777418e-03   1.456585e-02   4.755310e-03   5.777418e-03   1.456585e-02   4.755309e-03   1.154701e-03   2.528539e-03   1.894146e-09   6.409317e-08   1.225353e-06   7.927006e-04   2.400000e+10   7.427191e-05   3.707537e-05   1.417216e-05   5.777418e-03   1.456585e-02   4.755309e-03  -1.626246e-05   6.742953e-05  -2.655388e-05   3.448697e-05   3.121289e-06  -1.324723e-05   1.829848e-05   6.100400e-01  -2.189584e-01   9.078739e-01  -3.575224e-01
            206            141   1.593796e-03   1.070881e-02   7.025439e-03   1.593795e-03   1.070881e-02   7.025440e-03   9.204852e-04   1.394977e-03   8.498429e-10   8.350911e-10   6.865029e-07   5.545569e-04   2.400000e+10   1.866943e-05   5.906762e-06  -3.858486e-06   1.593795e-03   1.070881e-02   7.025440e-03  -1.829007e-06   1.744250e-05   6.400113e-06   5.215760e-06   1.420742e-06  -2.380583e-06   4.133817e-05   2.875050e+00  -9.796804e-02   9.342815e-01   3.428125e-01
            216            262   7.690684e-03   1.231002e-02   6.159601e-03   7.690684e-03   1.231002e-02   6.159601e-03   2.561227e-03   1.120053e-03   5.404625e-11   2.043883e-09   2.052233e-07   7.792695e-04   2.400000e+10   3.549296e-07   1.774648e-07   1.254198e-06   7.690684e-03   1.231002e-02   6.159601e-03  -9.304607e-08   2.769437e-07  -2.015430e-07  -1.634240e-07  -2.236809e-09   6.914717e-08   4.471284e-05   4.524048e+00  -2.621536e-01   7.802780e-01  -5.678395e-01
            222            145   3.467400e-03   1.046357e-02   5.063236e-03   3.467400e-03   1.046357e-02   5.063237e-03   6.769280e-04   1.256698e-03   7.494834e-10   8.578925e-08   5.742242e-07   4.399475e-04   2.400000e+10   1.377189e-05   3.113278e-06  -1.086921e-05   3.467400e-03   1.046357e-02   5.063237e-03  -1.389146e-06   8.347461e-06   1.086532e-05   2.833980e-06   1.172125e-06  -5.358915e-07   2.621683e-05   1.683715e+03  -1.008682e-01   6.061232e-01   7.889488e-01
            240            184   9.341583e-03   1.067237e-02   3.259630e-03   9.341583e-03   1.067237e-02   3.259630e-03   1.268799e-03   8.808099e-04   9.824499e-12   2.385107e-08   7.146822e-08   5.198949e-04   2.400000e+10   2.207414e-19   1.103707e-19   5.390076e-20   9.341583e-03   1.067237e-02   3.259630e-03  -1.797952e-19   1.161686e-19  -5.390076e-20  -6.406638e-20  -8.201912e-20   3.674305e-20   4.730462e-03   7.055450e+13  -8.002115e-12   5.170296e-12  -2.398952e-12
            270            313   3.985796e-03   1.210853e-02   9.350980e-03   3.985796e-03   1.210853e-02   9.350979e-03   1.116161e-03   1.908390e-03   5.951179e-10   3.181925e-10   6.473929e-07   7.042598e-04   2.400000e+10   1.232880e-05   3.411142e-07   1.306258e-05   3.985796e-03   1.210853e-02   9.350980e-03  -1.825613e-06   4.986903e-06  -1.112642e-05   1.740908e-07   2.803344e-07   8.639426e-08   2.300176e-05   6.321810e+00  -1.480770e-01   4.044920e-01  -9.024740e-01
            217            249   5.560223e-03   8.871613e-03   6.926405e-03   5.560223e-03   8.871613e-03   6.926405e-03   2.214070e-03   9.124604e-04   5.645823e-11   1.333016e-09   1.910007e-07   6.461640e-04   2.400000e+10   3.450740e-07   1.725370e-07  -2.086212e-07   5.560223e-03   8.871613e-03   6.926405e-03  -7.422781e-08   1.034539e-07   3.207235e-07  -3.415933e-08  -1.627222e-07   4.608306e-08   4.634769e-05   5.464762e+01  -2.151069e-01   2.998020e-01   9.294341e-01
            217            297   5.087231e-03   8.290490e-03   8.604256e-03   5.087231e-03   8.290490e-03   8.604256e-03   1.963128e-03   8.501546e-04   3.216943e-10   4.948964e-08   4.368559e-07   5.932438e-04   2.400000e+10   4.497090e-06   2.248545e-06   1.423751e-07   5.087231e-03   8.290490e-03   8.604256e-03   3.190928e-07   4.103543e-06  -1.811886e-06   1.950039e-06  -5.756058e-07  -9.601984e-07   3.064619e-05   2.241366e+00   7.095540e-02   9.124885e-01  -4.029020e-01
            294            282   7.731168e-03   1.147468e-02   9.177188e-03   7.731168e-03   1.147468e-02   9.177188e-03   1.748105e-03   1.246727e-03   2.663122e-10   1.308327e-09   4.402291e-07   7.277236e-04   2.400000e+10   3.751629e-06   1.875815e-06  -3.526532e-05   7.731168e-03   1.147468e-02   9.177188e-03  -6.883963e-07  -2.086216e-06   3.041140e-06  -1.776897e-06  -2.758205e-07  -5.340789e-07   4.892874e-05   5.512381e-01  -1.834926e-01  -5.560826e-01   8.106187e-01
            313            366   4.081587e-03   1.226397e-02   1.126019e-02   4.081587e-03   1.226397e-02   1.126019e-02   1.778543e-03   2.329409e-03   3.040096e-10   6.280187e-10   5.537147e-07   1.008521e-03   2.400000e+10   5.386707e-06   2.693354e-06   6.477513e-06   4.081587e-03   1.226397e-02   1.126019e-02  -1.090682e-06  -7.876445e-07  -5.215999e-06   7.403799e-07   2.529732e-06  -5.535750e-07   4.362751e-05   2.691058e+01  -2.024765e-01  -1.462200e-01  -9.683093e-01
            313            333   4.128339e-03   1.084449e-02   1.048825e-02   4.128339e-03   1.084449e-02   1.048825e-02   1.383793e-03   1.335475e-03   5.648554e-10   3.410189e-09   6.195781e-07   6.796024e-04   2.400000e+10   1.119911e-05   5.599553e-06   1.987686e-06   4.128339e-03   1.084449e-02   1.048825e-02  -3.707948e-07   1.074936e-05  -3.119904e-06   1.381016e-06  -1.482336e-06  -5.220198e-06   4.459840e-05   7.409161e+00  -3.310932e-02   9.598407e-01  -2.785851e-01
            313            270   3.985796e-03   1.210853e-02   9.350979e-03   3.985796e-03   1.210853e-02   9.350980e-03   1.908390e-03   1.116161e-03   5.951179e-10   3.181925e-10   6.473929e-07   7.042598e-04   2.400000e+10   1.232880e-05   3.411142e-07  -1.306258e-05   3.985796e-03   1.210853e-02   9.350980e-03   1.825613e-06  -4.986903e-06   1.112642e-05  -1.740908e-07  -2.803344e-07  -8.639426e-08   2.300176e-05   6.321810e+00   1.480770e-01  -4.044920e-01   9.024740e-01
            454            386   4.892883e-03   1.837821e-02   1.646188e-02   4.892883e-03   1.837821e-02   1.646188e-02   1.444526e-03   1.744196e-03   2.918703e-12   1.292341e-07   4.802274e-08   7.901399e-04   2.400000e+10   1.309112e-20   6.545559e-21  -1.081873e-20   4.892883e-03   1.837821e-02   1.646188e-02   6.587362e-21  -3.307439e-21   1.081873e-20  -1.734350e-21   5.562805e-21   2.981875e-21   1.239220e-02   3.945600e+11   1.468672e-12  -7.374032e-13   2.412067e-12
            386            354   3.593957e-03   1.851575e-02   1.564379e-02   3.593957e-03   1.851575e-02   1.564379e-02   1.427985e-03   2.245299e-03   9.406565e-11   4.696777e-08   2.865413e-07   8.728575e-04   2.400000e+10   8.625181e-07   4.312591e-07   5.625614e-08   3.593957e-03   1.851575e-02   1.564379e-02   8.445422e-07   1.716880e-07   3.477488e-08  -7.663325e-08   3.210379e-07   2.775723e-07   6.558035e-05   9.698015e+00   9.791587e-01   1.990543e-01   4.031786e-02
            386            226   5.306254e-03   1.840695e-02   1.427865e-02   5.306254e-03   1.840695e-02   1.427865e-02   9.630210e-04   2.112211e-03   1.318049e-11   7.336173e-10   9.337130e-08   6.614472e-04   2.400000e+10   3.938175e-08   1.969088e-08  -2.114165e-07   5.306254e-03   1.840695e-02   1.427865e-02  -1.380323e-08   5.208598e-09   3.651388e-08  -1.011890e-08  -1.686942e-08  -8.723513e-10   1.062421e-04   4.132403e+01  -3.504982e-01   1.322592e-01   9.271777e-01
            438            350   1.031414e-03   1.050324e-02   1.437572e-02   1.031414e-03   1.050324e-02   1.437572e-02   7.609348e-04   2.974108e-03   3.089154e-10   8.481539e-09   4.326374e-07   6.059107e-04   2.400000e+10   4.276748e-06   1.823937e-06  -3.682235e-06   1.031414e-03   1.050324e-02   1.437572e-02  -1.830625e-06  -1.718997e-06   3.461855e-06  -1.623946e-06   6.232634e-07  -5.487152e-07   3.079524e-05   3.038564e+01  -4.280412e-01  -4.019401e-01   8.094596e-01
            426            346   7.226036e-03   1.259626e-02   1.396516e-02   7.226036e-03   1.259626e-02   1.396516e-02   1.399322e-03   1.446571e-03   1.076731e-10   1.562900e-09   2.767407e-07   7.112770e-04   2.400000e+10   9.535211e-07   4.767605e-07  -1.952053e-07   7.226036e-03   1.259626e-02   1.396516e-02  -4.071939e-07  -8.526256e-08   8.579778e-07  -4.117564e-07   1.629622e-07  -1.766369e-07   6.510823e-05   2.793174e+01  -4.270423e-01  -8.941864e-02   8.997995e-01
            350            366   3.002708e-03   1.177091e-02   1.289206e-02   3.002708e-03   1.177091e-02   1.289206e-02   2.965375e-03   1.443420e-03   3.867758e-10   1.489556e-09   6.127818e-07   9.708508e-04   2.400000e+10   7.584294e-06   3.792147e-06  -1.236799e-06   3.002708e-03   1.177091e-02   1.289206e-02  -6.601142e-06  -2.837306e-06   2.428198e-06   1.855326e-06  -2.667754e-06   1.954798e-06   5.913715e-05   1.146993e+01  -8.703699e-01  -3.741028e-01   3.201614e-01
            350            333   2.877841e-03   9.763763e-03   1.262955e-02   2.877841e-03   9.763764e-03   1.262955e-02   1.825595e-03   1.750845e-03   2.323688e-11   6.735630e-08   1.441085e-07   8.937194e-04   2.400000e+10   1.071562e-07   5.357809e-08  -1.033680e-06   2.877841e-03   9.763763e-03   1.262955e-02  -5.323657e-08   7.196422e-08   5.890217e-08  -3.841196e-08  -3.613774e-08   9.444436e-09   1.451758e-04   1.685505e+01  -4.968129e-01   6.715826e-01   5.496852e-01
            254            246   2.233383e-03   1.555754e-02   1.233968e-02   2.233383e-03   1.555754e-02   1.233968e-02   2.207677e-03   1.354757e-03   2.038122e-10   6.903376e-08   4.136567e-07   8.395568e-04   2.400000e+10   2.697865e-06   1.112480e-06  -4.199314e-07   2.233383e-03   1.555754e-02   1.233968e-02  -2.403422e-07  -2.140770e-06   1.624135e-06   1.033016e-07   6.448834e-07   9.005925e-07   5.047582e-05   1.153923e+01  -8.908608e-02  -7.935052e-01   6.020076e-01
            258            246   1.286235e-03   1.665398e-02   1.176139e-02   1.286235e-03   1.665398e-02   1.176139e-02   9.725484e-04   1.784205e-03   3.599519e-10   1.028648e-09   4.759938e-07   6.294454e-04   2.400000e+10   5.482716e-06   2.092304e-06  -2.428236e-06   1.286235e-03   1.665398e-02   1.176139e-02  -4.447341e-06   2.828917e-07   3.193948e-06  -7.598035e-07  -1.727467e-06  -9.034889e-07   2.682529e-05   7.709277e+00  -8.111566e-01   5.159701e-02   5.825485e-01
            366            314   4.217406e-03   1.376289e-02   1.224062e-02   4.217406e-03   1.376289e-02   1.224062e-02   1.785612e-03   1.768879e-03   3.817757e-10   2.579093e-09   5.824492e-07   8.886031e-04   2.400000e+10   7.115679e-06   2.420110e-06  -1.214729e-06   4.217406e-03   1.376289e-02   1.224062e-02  -4.671183e-07  -6.882756e-06   1.744237e-06   1.703473e-06   3.060750e-07   1.691577e-06   6.065747e-05   2.360736e+01  -6.564633e-02  -9.672662e-01   2.451258e-01
            346            360   9.801231e-03   1.175969e-02   1.276997e-02   9.801230e-03   1.175969e-02   1.276997e-02   2.707197e-03   1.158333e-03   6.308043e-10   9.442702e-09   7.153515e-07   8.112305e-04   2.400000e+10   1.443990e-05   7.219948e-06   5.449509e-06   9.801231e-03   1.175969e-02   1.276997e-02  -1.224593e-05  -5.223016e-06  -5.591779e-06  -3.293762e-06   6.282427e-06   1.345327e-06   4.049605e-05   7.452930e+01  -8.480620e-01  -3.617073e-01  -3.872451e-01
            314            338   6.571366e-03   1.647545e-02   1.123687e-02   6.571365e-03   1.647545e-02   1.123687e-02   1.776280e-03   3.134205e-03   1.050982e-10   1.527181e-10   3.451873e-07   1.133743e-03   2.400000e+10   1.160914e-06   5.642731e-07  -1.225028e-08   6.571365e-03   1.647545e-02   1.123687e-02  -1.088037e-06  -4.043666e-07   1.963146e-08   5.468050e-08  -1.913388e-07   5.280186e-07   9.380191e-05   1.075214e+02  -9.372241e-01  -3.483175e-01   1.691035e-02
            314            246   3.233528e-03   1.577064e-02   1.195829e-02   3.233528e-03   1.577064e-02   1.195829e-02   2.542009e-03   1.136041e-03   3.839752e-10   2.507794e-08   5.490709e-07   7.851517e-04   2.400000e+10   6.746547e-06   3.222332e-06  -7.011434e-07   3.233528e-03   1.577064e-02   1.195829e-02   5.894919e-06  -3.178871e-06   8.127731e-07  -1.461502e-06  -2.255063e-06   1.778238e-06   4.622301e-05   2.539094e+01   8.737684e-01  -4.711849e-01   1.204725e-01
            246             54   2.289913e-03   1.724701e-02   1.078359e-02   2.289913e-03   1.724701e-02   1.078359e-02   1.448543e-03   1.726980e-03   5.617848e-10   2.198153e-08   6.652528e-07   7.877773e-04   2.400000e+10   1.195932e-05   3.194273e-06  -5.942898e-06   2.289913e-03   1.724701e-02   1.078359e-02  -3.765391e-06  -7.949455e-06   8.102681e-06   2.854448e-06  -1.431764e-06  -7.453058e-08   4.304017e-05   1.061682e+01  -3.148498e-01  -6.647077e-01   6.775200e-01
             54            134   1.959110e-03   1.702648e-02   9.021643e-03   1.959112e-03   1.702648e-02   9.021643e-03   1.888799e-03   1.137622e-03   2.647617e-09   6.036824e-08   1.371055e-06   7.099935e-04   2.400000e+10   1.161609e-04   7.063408e-07  -2.159253e-05   1.959111e-03   1.702648e-02   9.021643e-03   7.789798e-05   8.342384e-05   2.158054e-05   2.773419e-07  -1.197322e-07  -6.384849e-07   2.998057e-05   5.915909e+02   6.706042e-01   7.181750e-01   1.857815e-01
              3             43   1.780039e-02   2.261379e-03   2.219515e-03   1.780040e-02   2.261386e-03   2.219521e-03   1.419428e-03   2.521350e-03   1.235916e-08   3.095295e-09   3.350246e-06   9.081647e-04   2.400000e+10   1.324999e-03   3.684137e-04  -7.667234e-04   1.780039e-02   2.261382e-03   2.219518e-03   7.941978e-04   7.572938e-04   7.425485e-04   2.880432e-04  -2.067645e-04  -1.000413e-04   2.302443e-05   2.071161e+00   5.993950e-01   5.715429e-01   5.604144e-01
             27             99   1.511560e-02   6.233628e-03   1.936354e-03   1.511560e-02   6.233628e-03   1.936354e-03   1.089568e-03   1.633799e-03   4.816242e-10   2.632078e-08   5.610836e-07   6.536524e-04   2.400000e+10   8.647407e-06   2.450904e-07  -2.425967e-06   1.511560e-02   6.233628e-03   1.936354e-03   2.286471e-06   8.209755e-06   1.466158e-06   1.430627e-07  -7.229013e-08   1.854089e-07   4.334007e-05   3.819198e+00   2.644111e-01   9.493892e-01   1.695489e-01
             27             72   1.480924e-02   8.852662e-03   1.959628e-03   1.480924e-02   8.852662e-03   1.959628e-03   2.460817e-03   2.568527e-03   1.049320e-09   1.196532e-08   1.148366e-06   1.256759e-03   2.400000e+10   3.856011e-05   1.928006e-05   2.656232e-06   1.480924e-02   8.852662e-03   1.959628e-03   3.035909e-05  -2.350469e-05  -3.568934e-06  -3.805179e-07   2.325281e-06  -1.913554e-05   3.932667e-05   9.196194e+00   7.873186e-01  -6.095597e-01  -9.255507e-02
             27             11   1.693314e-02   9.003422e-03   1.720771e-03   1.693314e-02   9.003421e-03   1.720771e-03   1.911528e-03   1.457343e-03   7.585174e-10   1.188078e-08   7.919757e-07   8.269098e-04   2.400000e+10   1.922327e-05   9.230257e-06  -1.686472e-06   1.693314e-02   9.003421e-03   1.720771e-03  -1.600840e-05  -1.053771e-05   1.490647e-06  -1.619928e-06   3.609401e-06   8.339407e-06   4.735560e-05   1.766096e+01  -8.327616e-01  -5.481744e-01   7.754386e-02
             43             55   1.555568e-02   1.351772e-03   2.486690e-03   1.555568e-02   1.351772e-03   2.486690e-03   1.546352e-03   1.482270e-03   9.699010e-11   6.971124e-06   2.709312e-07   7.568163e-04   2.400000e+10   8.408844e-07   4.204422e-07   1.079728e-06   1.555568e-02   1.351772e-03   2.486690e-03   6.998925e-07   1.897711e-07  -4.257043e-07  -7.046239e-08   4.090568e-07   6.692717e-08   6.236974e-05   1.582081e+01   8.323289e-01   2.256804e-01  -5.062578e-01
             43             31   1.575134e-02   1.370292e-03   1.006000e-03   1.575135e-02   1.370296e-03   1.006004e-03   2.468875e-03   9.102468e-04   1.107816e-08   2.979242e-05   2.714320e-06   6.650502e-04   2.400000e+10   9.622296e-04   4.811148e-04  -3.242551e-04   1.575134e-02   1.370294e-03   1.006002e-03   8.096029e-04   3.964960e-04   3.364813e-04  -2.219123e-04   4.254156e-04   3.532605e-05   1.205842e-05   6.953294e-01   8.413823e-01   4.120597e-01   3.496892e-01
             99             47   1.493248e-02   4.209501e-03   1.593849e-03   1.493248e-02   4.209502e-03   1.593849e-03   1.700351e-03   1.512191e-03   3.359556e-10   8.373548e-09   5.185482e-07   8.003803e-04   2.400000e+10   5.574693e-06   2.787347e-06   7.192724e-07   1.493248e-02   4.209502e-03   1.593849e-03   2.530468e-06   4.945147e-06  -4.684620e-07  -1.805437e-06   1.099644e-06   1.816723e-06   3.801234e-05   8.149262e+00   4.539205e-01   8.870707e-01  -8.403367e-02
             55            135   1.403191e-02   1.571869e-03   3.911808e-03   1.403191e-02   1.571869e-03   3.911808e-03   9.957797e-04   2.702024e-03   1.215668e-10   1.970111e-07   2.974143e-07   7.276267e-04   2.400000e+10   1.156983e-06   5.784913e-07  -5.087208e-07   1.403191e-02   1.571869e-03   3.911808e-03   6.732539e-07  -4.870638e-07  -8.050509e-07  -4.538736e-07  -2.985419e-07  -1.988057e-07   6.280461e-05   8.038654e+00   5.819049e-01  -4.209776e-01  -6.958193e-01
             47             87   1.312381e-02   3.023906e-03   1.657870e-03   1.312381e-02   3.023906e-03   1.657870e-03   1.047244e-03   2.418873e-03   1.014188e-10   2.360587e-08   2.722501e-07   7.308323e-04   2.400000e+10   8.835608e-07   4.417804e-07   4.735554e-07   1.312381e-02   3.023906e-03   1.657870e-03   8.010692e-07   3.666974e-07  -6.708922e-08   1.427643e-07  -3.519232e-07  -2.256951e-07   6.221848e-05   2.704067e+00   9.066373e-01   4.150222e-01  -7.593051e-02
             87             71   1.099779e-02   2.121940e-03   1.525852e-03   1.099779e-02   2.121940e-03   1.525852e-03   2.517092e-03   1.306763e-03   3.299826e-10   2.637729e-08   5.327738e-07   8.601903e-04   2.400000e+10   5.625795e-06   2.812898e-06  -6.194836e-07   1.099779e-02   2.121940e-03   1.525852e-03   5.562413e-06   7.826128e-09   8.420630e-07   4.107447e-07   5.919764e-07  -2.719052e-06   5.773721e-05   2.205776e+01   9.887337e-01   1.391115e-03   1.496789e-01
             72            168   1.359295e-02   1.001052e-02   3.727827e-03   1.359295e-02   1.001052e-02   3.727826e-03   1.473559e-03   1.642860e-03   1.114384e-09   1.690732e-08   9.304083e-07   7.768054e-04   2.400000e+10   3.317864e-05   1.653749e-05   2.493599e-05   1.359295e-02   1.001052e-02   3.727827e-03   8.169907e-06  -1.018567e-05  -3.050126e-05   1.341294e-05   9.667566e-06   3.459083e-07   4.799285e-05   8.869130e+00   2.462400e-01  -3.069948e-01  -9.193041e-01
            299            225   1.404137e-02   6.415880e-03   7.252859e-03   1.404137e-02   6.415880e-03   7.252859e-03   2.392308e-03   1.598456e-03   2.969764e-10   2.164352e-09   5.334477e-07   9.582122e-04   2.400000e+10   5.069484e-06   2.534742e-06  -4.510662e-05   1.404137e-02   6.415880e-03   7.252859e-03  -4.193216e-07   3.980441e-06   3.111257e-06   2.324640e-06   7.720520e-07  -6.518454e-07   4.689500e-05   4.768481e-01  -8.271485e-02   7.851769e-01   6.137227e-01
             11             44   1.872900e-02   1.112895e-02   9.784125e-04   1.872900e-02   1.112895e-02   9.784129e-04   1.597395e-03   8.198344e-04   1.094808e-09   1.357945e-06   7.701571e-07   5.417770e-04   2.400000e+10   2.698158e-05   1.349079e-05  -6.926484e-07   1.872900e-02   1.112895e-02   9.784127e-04  -7.428168e-06  -2.457154e-05   8.310673e-06   7.903635e-06   1.282947e-06   1.085762e-05   2.263765e-05   4.715779e-01  -2.753052e-01  -9.106784e-01   3.080128e-01
            111            151   1.000941e-02   4.950285e-03   2.635249e-03   1.000941e-02   4.950285e-03   2.635249e-03   1.698136e-03   1.165243e-03   4.478587e-12   6.572088e-11   5.563212e-08   6.910512e-04   2.400000e+10   3.570734e-20   1.785367e-20   1.650926e-20   1.000941e-02   4.950285e-03   2.635249e-03   2.367112e-20  -2.102704e-20  -1.650926e-20  -9.162956e-21   3.973231e-21  -1.479889e-20   9.039259e-03   5.675871e+13   2.968946e-12  -2.637312e-12  -2.070671e-12
            127            225   1.426187e-02   5.598700e-03   5.620608e-03   1.426187e-02   5.598700e-03   5.620604e-03   1.809992e-03   1.300864e-03   3.639666e-09   1.140849e-08   1.659759e-06   7.568829e-04   2.400000e+10   1.933111e-04   9.665553e-05   1.441230e-04   1.426187e-02   5.598700e-03   5.620606e-03   8.023305e-05   5.181731e-07  -1.758737e-04  -6.001478e-05  -7.056563e-05  -2.758640e-05   2.519886e-05   1.272152e+00   4.150463e-01   2.680514e-03  -9.097963e-01
            159            199   1.557627e-02   1.713551e-03   7.965291e-03   1.557627e-02   1.713551e-03   7.965291e-03   1.683501e-03   2.038774e-03   2.667877e-11   1.154580e-10   1.568447e-07   9.220915e-04   2.400000e+10   1.339016e-07   6.695078e-08   6.353813e-08   1.557627e-02   1.713551e-03   7.965291e-03   1.154627e-07  -1.395653e-08  -6.635666e-08  -1.567729e-08  -5.992349e-08  -2.541271e-08   8.197255e-05   3.105404e+03   8.622955e-01  -1.042298e-01  -4.955630e-01
             73            152   1.100551e-02   7.857514e-03   1.087079e-03   1.100551e-02   7.857514e-03   1.087079e-03   1.088298e-03   1.243147e-03   9.650070e-11   7.557093e-10   2.366398e-07   5.802901e-04   2.400000e+10   7.307491e-07   3.653746e-07  -1.974668e-07   1.100551e-02   7.857514e-03   1.087079e-03  -2.470885e-07  -6.837292e-07   7.386432e-08  -3.423411e-07   1.100939e-07  -6.465643e-08   3.804531e-05   6.538323e+00  -3.381304e-01  -9.356552e-01   1.010803e-01
             73            119   9.703393e-03   6.347762e-03   1.116594e-03   9.703394e-03   6.347762e-03   1.116594e-03   1.137507e-03   9.346666e-04   3.255329e-10   1.490919e-09   4.086860e-07   5.130795e-04   2.400000e+10   4.257304e-06   2.128652e-06   7.092164e-07   9.703394e-03   6.347762e-03   1.116594e-03   3.857975e-06   1.782444e-06  -2.521138e-07   9.089429e-07  -1.857809e-06   5.035150e-07   4.281779e-05   1.729056e+00   9.062014e-01   4.186790e-01  -5.921911e-02
            192            193   1.225484e-02   7.990295e-03   5.407384e-03   1.225484e-02   7.990295e-03   5.407384e-03   7.206468e-04   2.121337e-03   8.311529e-10   1.018984e-08   6.686452e-07   5.379111e-04   2.400000e+10   1.778388e-05   8.890043e-06   9.447578e-07   1.225484e-02   7.990295e-03   5.407384e-03   1.744624e-05   3.134062e-06  -1.439719e-06  -1.469487e-06   8.696184e-06   1.117975e-06   2.498208e-05   1.606633e+00   9.810142e-01   1.762305e-01  -8.095642e-02
            192            168   1.323012e-02   8.725249e-03   5.376772e-03   1.323012e-02   8.725248e-03   5.376772e-03   1.196204e-03   1.404755e-03   9.433026e-10   1.054945e-07   7.806595e-07   6.460591e-04   2.400000e+10   2.356474e-05   1.178237e-05   4.265877e-07   1.323012e-02   8.725248e-03   5.376772e-03   1.007622e-06  -2.347341e-05  -1.811277e-06  -1.166202e-05  -6.206158e-07   1.560858e-06   2.292529e-05   9.697092e-01   4.275976e-02  -9.961243e-01  -7.686389e-02
            175            215   1.017247e-02   2.601963e-03   5.759326e-03   1.017247e-02   2.601963e-03   5.759326e-03   1.134010e-03   2.423155e-03   5.421209e-12   4.066278e-09   6.471353e-08   7.724920e-04   2.400000e+10   6.086075e-20   3.043037e-20  -1.195750e-20   1.017247e-02   2.601963e-03   5.759326e-03   9.902997e-21  -5.884708e-20   1.195750e-20   2.928272e-20   1.212490e-21   8.189012e-21   9.628453e-03   1.541750e+10   8.821156e-13  -5.241840e-12   1.065122e-12
            175            207   9.404706e-03   1.754493e-03   5.926657e-03   9.404706e-03   1.754493e-03   5.926657e-03   1.180069e-03   1.995641e-03   5.687928e-10   1.251298e-09   6.494587e-07   7.415647e-04   2.400000e+10   1.182104e-05   5.910519e-06   7.033258e-07   9.404706e-03   1.754493e-03   5.926657e-03   1.144695e-05  -2.499239e-06  -1.567821e-06   7.932764e-07   5.255395e-06  -2.585686e-06   4.250076e-05   4.077784e+00   9.683541e-01  -2.114230e-01  -1.326297e-01
            184            240   9.341583e-03   1.067237e-02   3.259630e-03   9.341583e-03   1.067237e-02   3.259630e-03   8.808099e-04   1.268799e-03   9.824499e-12   2.385107e-08   7.146822e-08   5.198949e-04   2.400000e+10   2.207414e-19   1.103707e-19  -5.390076e-20   9.341583e-03   1.067237e-02   3.259630e-03   1.797952e-19  -1.161686e-19   5.390076e-20   6.406638e-20   8.201912e-20  -3.674305e-20   4.730462e-03   7.055450e+13   8.002115e-12  -5.170296e-12   2.398952e-12
            193            215   1.072540e-02   5.159431e-03   5.098186e-03   1.072540e-02   5.159431e-03   5.098186e-03   1.585339e-03   2.287929e-03   1.399226e-11   1.718299e-08   1.144689e-07   9.364554e-04   2.400000e+10   5.125372e-08   2.562686e-08  -2.912451e-07   1.072540e-02   5.159431e-03   5.098186e-03   3.237929e-09   5.115025e-08   3.338804e-10  -2.141375e-08   2.870335e-09  -1.378218e-08   1.432592e-04   4.750370e-01   6.317452e-02   9.979812e-01   6.514266e-03
            193            201   8.887752e-03   6.122605e-03   4.931167e-03   8.887753e-03   6.122606e-03   4.931167e-03   1.908270e-03   1.447217e-03   1.003215e-09   1.145009e-08   9.086696e-07   8.230341e-04   2.400000e+10   2.917092e-05   5.088571e-06   1.346344e-07   8.887752e-03   6.122606e-03   4.931167e-03   2.594338e-05   1.333180e-05  -3.833343e-07   4.885649e-07  -8.067895e-07   5.000395e-06   5.781441e-05   3.278065e+00   8.893575e-01   4.570236e-01  -1.314097e-02
            271            303   1.232061e-02   3.182906e-03   1.083127e-02   1.232061e-02   3.182906e-03   1.083127e-02   2.510884e-03   1.897778e-03   1.477831e-10   9.349080e-09   3.996640e-07   1.080849e-03   2.400000e+10   1.890035e-06   9.450174e-07   5.728371e-08   1.232061e-02   3.182906e-03   1.083127e-02   1.749321e-06   6.946874e-07  -1.718040e-07   3.511600e-07  -8.039371e-07   3.513256e-07   7.322609e-05   3.597306e+01   9.255497e-01   3.675527e-01  -9.089992e-02
            271            315   1.446258e-02   2.512005e-03   1.178912e-02   1.446258e-02   2.512005e-03   1.178912e-02   1.100356e-03   1.466222e-03   2.127253e-10   1.567238e-09   3.656779e-07   6.286058e-04   2.400000e+10   2.489246e-06   1.244623e-06   5.457694e-07   1.446258e-02   2.512005e-03   1.178912e-02  -1.443585e-06   1.472261e-06  -1.394580e-06  -4.704759e-07  -9.976996e-07  -5.764841e-07   6.969119e-05   1.510305e+01  -5.799288e-01   5.914487e-01  -5.602420e-01
            311             59   1.648278e-02   6.882764e-03   1.111841e-02   1.648278e-02   6.882764e-03   1.111841e-02   1.066814e-03   2.034710e-03   9.992688e-12   2.280900e-09   8.362753e-08   6.998681e-04   2.400000e+10   2.672169e-19   1.336084e-19  -1.805326e-20   1.648278e-02   6.882764e-03   1.111841e-02  -2.599842e-19   5.905204e-20   1.805326e-20  -2.487883e-20  -3.213024e-20   1.272788e-19   4.772624e-03   2.991447e+14  -9.722220e-12   2.208276e-12   6.751093e-13
            440            407   1.632228e-02   6.234127e-03   1.700305e-02   1.632228e-02   6.234128e-03   1.700305e-02   1.717579e-03   1.743772e-03   1.711874e-10   1.307581e-09   3.848719e-07   8.652881e-04   2.400000e+10   2.108326e-06   1.052199e-06  -4.096749e-07   1.632228e-02   6.234128e-03   1.700305e-02  -1.134998e-06   1.423923e-06   1.062668e-06   8.193283e-07   9.876943e-08   6.527396e-07   7.462000e-05   3.106914e+01  -5.383405e-01   6.753808e-01   5.040340e-01
            351            315   1.562462e-02   2.606177e-03   1.314305e-02   1.562462e-02   2.606177e-03   1.314305e-02   2.939289e-03   2.402683e-03   1.632255e-10   1.451501e-09   4.645288e-07   1.322017e-03   2.400000e+10   2.426335e-06   1.213167e-06  -4.285718e-07   1.562462e-02   2.606177e-03   1.314305e-02   3.258796e-07   1.780094e-06   1.616220e-06   9.607723e-07  -5.803249e-07   4.603420e-07   6.792146e-05   3.469510e+01   1.343094e-01   7.336556e-01   6.661160e-01
            401            419   1.302387e-02   1.025413e-02   1.645519e-02   1.302387e-02   1.025413e-02   1.645519e-02   1.567066e-03   9.637965e-04   1.726992e-11   1.815746e-08   1.015190e-07   5.967660e-04   2.400000e+10   5.610319e-08   2.805159e-08  -2.759291e-09   1.302387e-02   1.025413e-02   1.645519e-02  -1.857323e-08  -1.191417e-08  -5.158154e-08  -1.580624e-08  -2.067590e-08   1.046718e-08   1.018896e-04   1.376363e+02  -3.310548e-01  -2.123617e-01  -9.194048e-01
            403            399   1.353459e-02   3.271128e-03   1.277274e-02   1.353459e-02   3.271128e-03   1.277274e-02   8.742244e-04   5.916324e-04   9.944708e-12   2.536039e-10   5.923627e-08   3.528445e-04   2.400000e+10   1.874656e-19   9.373282e-20   9.028004e-21   1.353459e-02   3.271128e-03   1.277274e-02  -6.309959e-20  -1.762961e-19  -9.028004e-21   6.335156e-20   6.328692e-21   6.879222e-20   5.185444e-03   3.722164e+13  -3.347317e-12  -9.352182e-12  -4.789190e-13
             60             76   1.593065e-02   1.534957e-02   1.827698e-03   1.593065e-02   1.534957e-02   1.827698e-03   2.466220e-03   2.439665e-03   2.499922e-11   7.908935e-09   1.750998e-07   1.226435e-03   2.400000e+10   1.400754e-07   7.003772e-08   2.283688e-08   1.593065e-02   1.534957e-02   1.827698e-03   1.294162e-07  -4.920546e-08  -2.124628e-08   2.512384e-08   6.537406e-08   5.548208e-10   1.007127e-04   3.347729e+03   9.239034e-01  -3.512783e-01  -1.516774e-01
             60              8   1.775966e-02   1.674816e-02   1.968055e-03   1.775966e-02   1.674816e-02   1.968055e-03   1.076935e-03   1.338321e-03   2.129444e-10   1.788162e-08   3.564728e-07   5.967419e-04   2.400000e+10   2.429085e-06   1.214542e-06  -3.434041e-06   1.775966e-02   1.674816e-02   1.968055e-03  -6.850289e-07  -2.228695e-06  -6.812540e-07  -2.412487e-07   4.151467e-07  -1.115601e-06   7.058526e-05   1.506903e+00  -2.820111e-01  -9.175040e-01  -2.804570e-01
             76            136   1.402943e-02   1.571705e-02   3.074935e-03   1.402943e-02   1.571705e-02   3.074935e-03   2.399574e-03   6.786572e-04   6.907511e-11   1.058600e-10   1.911624e-07   5.290338e-04   2.400000e+10   4.225460e-07   2.112730e-07   2.710317e-07   1.402943e-02   1.571705e-02   3.074935e-03   1.830800e-07  -3.034417e-08  -3.796131e-07   1.568119e-07  -1.214539e-07   7.276848e-08   4.543806e-05   3.979923e+01   4.332783e-01  -7.181269e-02  -8.983946e-01
            124            144   1.666106e-02   1.563187e-02   4.666105e-03   1.666106e-02   1.563187e-02   4.666105e-03   1.460146e-03   2.120983e-03   9.968311e-12   3.377088e-10   9.284693e-08   8.647957e-04   2.400000e+10   2.952301e-19   1.476151e-19   1.383080e-19   1.666106e-02   1.563187e-02   4.666105e-03   1.090890e-19   2.369204e-19  -1.383080e-19  -1.356679e-19   5.152843e-20  -2.700447e-20   7.262443e-03   5.086141e+14   3.683342e-12   7.999511e-12  -4.669908e-12
            164            168   1.368578e-02   1.201131e-02   5.758243e-03   1.368578e-02   1.201131e-02   5.758244e-03   2.157991e-03   2.619299e-03   8.574365e-10   1.123911e-08   1.007227e-06   1.183186e-03   2.400000e+10   2.763627e-05   1.381814e-05  -6.000334e-07   1.368578e-02   1.201131e-02   5.758244e-03   1.801806e-05   1.490949e-05   1.472483e-05  -2.446655e-06   1.093895e-05  -8.080483e-06   5.178574e-05   3.464705e+00   6.519712e-01   5.394899e-01   5.328079e-01
            164            208   1.477182e-02   1.182332e-02   8.370706e-03   1.477182e-02   1.182332e-02   8.370706e-03   2.410916e-03   2.581469e-03   4.008591e-10   3.972163e-08   7.069136e-07   1.246640e-03   2.400000e+10   9.067927e-06   4.533963e-06  -3.415133e-07   1.477182e-02   1.182332e-02   8.370706e-03   3.072213e-06   6.329110e-06  -5.721117e-06   2.771990e-06   1.570458e-06   3.225920e-06   6.181457e-05   8.946251e+00   3.387999e-01   6.979666e-01  -6.309178e-01
             44             11   1.872900e-02   1.112895e-02   9.784129e-04   1.872900e-02   1.112895e-02   9.784125e-04   8.198344e-04   1.597395e-03   1.094808e-09   1.357945e-06   7.701571e-07   5.417770e-04   2.400000e+10   2.698158e-05   1.349079e-05   6.926484e-07   1.872900e-02   1.112895e-02   9.784127e-04   7.428168e-06   2.457154e-05  -8.310673e-06  -7.903635e-06  -1.282947e-06  -1.085762e-05   2.263765e-05   4.715779e-01   2.753052e-01   9.106784e-01  -3.080128e-01
            168             72   1.359295e-02   1.001052e-02   3.727826e-03   1.359295e-02   1.001052e-02   3.727827e-03   1.642860e-03   1.473559e-03   1.114384e-09   1.690732e-08   9.304083e-07   7.768054e-04   2.400000e+10   3.317864e-05   1.653749e-05  -2.493599e-05   1.359295e-02   1.001052e-02   3.727827e-03  -8.169907e-06   1.018567e-05   3.050126e-05  -1.341294e-05  -9.667566e-06  -3.459083e-07   4.799285e-05   8.869130e+00  -2.462400e-01   3.069948e-01   9.193041e-01
            168            192   1.323012e-02   8.725248e-03   5.376772e-03   1.323012e-02   8.725249e-03   5.376772e-03   1.404755e-03   1.196204e-03   9.433026e-10   1.054945e-07   7.806595e-07   6.460591e-04   2.400000e+10   2.356474e-05   1.178237e-05  -4.265877e-07   1.323012e-02   8.725248e-03   5.376772e-03  -1.007622e-06   2.347341e-05   1.811277e-06   1.166202e-05   6.206158e-07  -1.560858e-06   2.292529e-05   9.697092e-01  -4.275976e-02   9.961243e-01   7.686389e-02
            114            188   1.046107e-02   1.402108e-02   4.698746e-03   1.046107e-02   1.402108e-02   4.698746e-03   2.448644e-03   1.197722e-03   9.960065e-12   8.459057e-11   8.950387e-08   8.043063e-04   2.400000e+10   2.841294e-19   1.420647e-19   8.801660e-20   1.046107e-02   1.402108e-02   4.698746e-03   1.421918e-19   2.297043e-19  -8.801660e-20   7.246836e-20   1.369992e-20   1.214209e-19   4.615807e-03   8.999879e+14   4.984489e-12   8.052212e-12  -3.085394e-12
             82             98   9.879777e-03   1.762690e-02   7.362089e-03   9.879777e-03   1.762690e-02   7.362089e-03   1.673668e-03   1.312315e-03   1.305854e-11   2.899297e-10   9.800703e-08   7.355632e-04   2.400000e+10   4.095451e-08   2.047725e-08   1.537798e-08   9.879777e-03   1.762690e-02   7.362089e-03   3.028057e-08   4.069481e-09   2.727266e-08   2.861853e-09  -2.025962e-08   8.219077e-10   1.478716e-04   2.423095e+02   7.393709e-01   9.936590e-02   6.659257e-01
            233            244   1.050943e-02   1.131051e-02   7.165952e-03   1.050943e-02   1.131051e-02   7.165953e-03   2.202475e-03   2.324741e-03   9.160876e-10   1.853012e-07   1.017878e-06   1.130978e-03   2.400000e+10   2.983889e-05   1.491945e-05   7.489666e-07   1.050943e-02   1.131051e-02   7.165953e-03   7.561767e-06  -2.766082e-05   8.249728e-06  -1.434489e-05  -3.131319e-06   2.647417e-06   4.177144e-05   2.347759e+00   2.534198e-01  -9.270057e-01   2.764757e-01
            244            282   8.578647e-03   1.281415e-02   7.811934e-03   8.578647e-03   1.281415e-02   7.811934e-03   1.291101e-03   1.609571e-03   3.554376e-10   1.254327e-08   5.046236e-07   7.164268e-04   2.400000e+10   5.739591e-06   2.869795e-06   3.236681e-06   8.578647e-03   1.281415e-02   7.811934e-03   5.017659e-06   1.248173e-06  -2.491598e-06  -1.250471e-06   2.140350e-06  -1.446011e-06   4.570036e-05   1.415566e+01   8.742190e-01   2.174673e-01  -4.341073e-01
            148            252   1.841990e-02   1.746023e-02   1.000052e-02   1.841990e-02   1.746023e-02   1.000052e-02   1.051205e-03   1.957013e-03   6.111890e-10   8.505234e-09   6.465077e-07   6.838674e-04   2.400000e+10   1.264443e-05   6.322214e-06   1.989714e-06   1.841990e-02   1.746023e-02   1.000052e-02   5.806065e-06   1.076079e-05  -3.221277e-06   1.561387e-06   9.660876e-07   6.049722e-06   4.259764e-05   4.886628e+00   4.591797e-01   8.510300e-01  -2.547586e-01
            412            364   1.167202e-02   1.872130e-02   1.796541e-02   1.167202e-02   1.872130e-02   1.796541e-02   9.476096e-04   1.438131e-03   1.799651e-11   1.377099e-08   1.013903e-07   5.712217e-04   2.400000e+10   5.838950e-08   2.919475e-08  -5.122937e-10   1.167202e-02   1.872130e-02   1.796541e-02  -4.380687e-08  -1.789202e-08   3.420771e-08   4.287234e-09   2.287522e-08   1.762604e-08   5.812284e-05   7.922849e+01  -7.502526e-01  -3.064253e-01   5.858538e-01
            396            370   1.471902e-02   1.558948e-02   1.382977e-02   1.471902e-02   1.558948e-02   1.382977e-02   1.023512e-03   1.041563e-03   1.000060e-11   1.265383e-08   7.185125e-08   5.162293e-04   2.400000e+10   2.299378e-08   3.216290e-10  -1.845942e-08   1.471902e-02   1.558948e-02   1.382977e-02   2.707050e-09  -2.757713e-09   2.266673e-08   8.937056e-11  -3.052414e-10  -4.781015e-11   6.904431e-05   9.707758e+02   1.177297e-01  -1.199330e-01   9.857768e-01
            388            419   1.375857e-02   1.097502e-02   1.694371e-02   1.375857e-02   1.097502e-02   1.694371e-02   1.495968e-03   1.459357e-03   1.001986e-11   4.345636e-10   8.603401e-08   7.387177e-04   2.400000e+10   2.758557e-08   1.923114e-10   1.676063e-08   1.375857e-02   1.097502e-02   1.694371e-02   9.085719e-09   2.175470e-08  -1.432293e-08   1.278068e-11   1.017663e-10   1.626775e-10   9.332200e-05   2.036459e+03   3.293650e-01   7.886262e-01  -5.192182e-01
            352            380   1.402972e-02   1.333639e-02   1.317249e-02   1.402972e-02   1.333639e-02   1.317249e-02   1.864065e-03   1.224317e-03   9.995910e-12   2.078597e-09   8.594549e-08   7.389651e-04   2.400000e+10   2.748006e-19   1.374003e-19  -9.192589e-20   1.402972e-02   1.333639e-02   1.317249e-02  -2.386508e-19  -1.005525e-19   9.192589e-20   2.848095e-20   8.105694e-20   1.072262e-19   4.301268e-03   1.721479e+14  -8.680955e-12  -3.657611e-12   3.343817e-12
            360            355   1.106553e-02   1.143755e-02   1.339650e-02   1.106553e-02   1.143755e-02   1.339649e-02   1.730109e-03   1.786316e-03   6.568141e-10   2.469354e-09   7.597775e-07   8.788817e-04   2.400000e+10   1.596904e-05   7.984522e-06   1.790072e-06   1.106553e-02   1.143755e-02   1.339649e-02  -8.968431e-06   1.287582e-05  -2.964927e-06  -6.659792e-06  -4.394548e-06   2.961584e-07   3.140334e-05   5.323248e+00  -5.616135e-01   8.062989e-01  -1.856672e-01
            360            346   9.801230e-03   1.175969e-02   1.276997e-02   9.801231e-03   1.175969e-02   1.276997e-02   1.158333e-03   2.707197e-03   6.308043e-10   9.442702e-09   7.153515e-07   8.112305e-04   2.400000e+10   1.443990e-05   7.219948e-06  -5.449509e-06   9.801231e-03   1.175969e-02   1.276997e-02   1.224593e-05   5.223016e-06   5.591779e-06   3.293762e-06  -6.282427e-06  -1.345327e-06   4.049605e-05   7.452930e+01   8.480620e-01   3.617073e-01   3.872451e-01
            419            401   1.302387e-02   1.025413e-02   1.645519e-02   1.302387e-02   1.025413e-02   1.645519e-02   9.637965e-04   1.567066e-03   1.726992e-11   1.815746e-08   1.015190e-07   5.967660e-04   2.400000e+10   5.610319e-08   2.805159e-08   2.759291e-09   1.302387e-02   1.025413e-02   1.645519e-02   1.857323e-08   1.191417e-08   5.158154e-08   1.580624e-08   2.067590e-08  -1.046718e-08   1.018896e-04   1.376363e+02   3.310548e-01   2.123617e-01   9.194048e-01
