             25             33   1.139169e-03   4.146758e-03   1.929133e-03   1.139169e-03   4.146758e-03   1.929133e-03   1.237111e-03   8.219109e-04   9.534778e-12   2.878701e-09   6.861854e-08   4.938243e-04   2.400000e+10   1.996239e-19   9.981197e-20  -1.009400e-19   1.139169e-03   4.146758e-03   1.929133e-03  -1.666402e-19  -4.349566e-20   1.009400e-19   4.863022e-21   9.887262e-20   1.276650e-20   4.851834e-03   6.155729e+13  -7.959353e-12  -2.077514e-12   4.821268e-12
             33             57   3.295593e-03   3.837290e-03   1.086701e-03   3.295593e-03   3.837290e-03   1.086701e-03   1.153696e-03   9.539193e-04   9.893274e-12   2.824545e-09   7.187467e-08   5.221697e-04   2.400000e+10   2.251158e-19   1.125579e-19  -4.936757e-20   3.295593e-03   3.837290e-03   1.086701e-03  -1.222403e-19   1.824754e-19   4.936757e-20  -7.651593e-20  -8.148587e-20   1.321533e-20   4.711586e-03   9.653857e+13  -5.372155e-12   8.019336e-12   2.169581e-12
             85            109   3.116137e-03   9.217368e-04   2.398538e-03   3.116137e-03   9.217366e-04   2.398537e-03   7.256114e-04   2.527923e-03   5.993928e-10   1.035915e-08   5.813157e-07   5.637837e-04   2.400000e+10   1.114997e-05   5.006602e-06   5.029575e-06   3.116137e-03   9.217367e-04   2.398538e-03   7.481551e-06  -4.353966e-06  -7.027882e-06  -2.192760e-07  -4.352886e-06   2.463811e-06   2.605643e-05   2.828851e+00   6.709931e-01  -3.904914e-01  -6.303052e-01
             93            149   3.689771e-03   5.212636e-03   3.169455e-03   3.689771e-03   5.212636e-03   3.169455e-03   1.709297e-03   1.659863e-03   5.755193e-10   5.396226e-08   6.961679e-07   8.421085e-04   2.400000e+10   1.282106e-05   2.643372e-06   1.324553e-06   3.689771e-03   5.212636e-03   3.169455e-03  -7.403764e-06   9.710352e-06  -3.908045e-06   1.967126e-06   8.914467e-07  -1.524190e-06   4.105022e-05   4.566888e+00  -5.774691e-01   7.573754e-01  -3.048146e-01
             93            182   4.278186e-03   6.790060e-03   3.387423e-03   4.278185e-03   6.790060e-03   3.387422e-03   1.312971e-03   7.776748e-04   7.853972e-10   3.556211e-08   6.193427e-07   4.883967e-04   2.400000e+10   1.556576e-05   7.782880e-06   1.911015e-06   4.278185e-03   6.790060e-03   3.387423e-03  -1.432972e-05  -2.451482e-06  -5.562566e-06   1.041146e-06  -7.681396e-06   6.966992e-07   2.573831e-05   9.899805e-01  -9.205926e-01  -1.574920e-01  -3.573591e-01
            109            149   3.624895e-03   3.391785e-03   3.187836e-03   3.624895e-03   3.391784e-03   3.187836e-03   1.205480e-03   1.061327e-03   6.597099e-10   1.708254e-09   6.102022e-07   5.644098e-04   2.400000e+10   1.288180e-05   3.444194e-06   1.152199e-06   3.624895e-03   3.391784e-03   3.187836e-03  -6.429125e-06  -1.098570e-05  -1.980321e-06   2.575458e-06  -1.159535e-06  -1.971032e-06   4.155914e-05   4.077032e+00  -4.990857e-01  -8.528074e-01  -1.537301e-01
            109            181   1.175836e-03   7.164382e-04   3.719068e-03   1.175837e-03   7.164383e-04   3.719067e-03   1.221768e-03   9.811090e-04   7.138037e-10   7.843147e-09   6.232284e-07   5.441463e-04   2.400000e+10   1.423561e-05   1.981505e-06   7.448891e-06   1.175836e-03   7.164383e-04   3.719067e-03   1.082782e-05   3.556281e-06  -8.530164e-06   5.894014e-07   1.406225e-06   1.265504e-06   2.516502e-05   6.958216e+00   7.606153e-01   2.498158e-01  -5.992132e-01
            119            133   8.351922e-03   6.905753e-03   1.300879e-03   8.351922e-03   6.905753e-03   1.300879e-03   1.061726e-03   1.591326e-03   6.402126e-10   3.546865e-09   6.385208e-07   6.368335e-04   2.400000e+10   1.308125e-05   6.540625e-06   1.011821e-06   8.351922e-03   6.905753e-03   1.300879e-03   3.721133e-07  -1.292560e-05  -1.977249e-06   4.383651e-06  -6.044631e-07   4.816431e-06   4.062711e-05   3.518730e+00   2.844631e-02  -9.881012e-01  -1.511514e-01
            119            151   8.800306e-03   5.998577e-03   2.069703e-03   8.800306e-03   5.998577e-03   2.069703e-03   1.540461e-03   1.830303e-03   6.841342e-10   4.796351e-09   7.564728e-07   8.364603e-04   2.400000e+10   1.656093e-05   8.280463e-06   1.622699e-05   8.800306e-03   5.998577e-03   2.069703e-03  -6.743467e-06  -9.416129e-07  -1.509647e-05  -5.289913e-06   6.057453e-06   1.972348e-06   3.147186e-05   2.413058e+01  -4.071914e-01  -5.685750e-02  -9.115714e-01
            129            169   7.764794e-03   3.638262e-03   3.160007e-03   7.764793e-03   3.638262e-03   3.160007e-03   1.387545e-03   1.649803e-03   5.421999e-11   5.382247e-09   2.021492e-07   7.536757e-04   2.400000e+10   3.507368e-07   1.753684e-07  -1.114167e-08   7.764793e-03   3.638262e-03   3.160007e-03  -2.718808e-07   1.295410e-07  -1.797673e-07  -3.867089e-08  -1.608706e-07  -5.813161e-08   7.220503e-05   4.436899e+01  -7.751705e-01   3.693395e-01  -5.125418e-01
            129             71   8.086260e-03   3.222834e-03   1.276425e-03   8.086259e-03   3.222834e-03   1.276425e-03   1.138421e-03   1.126561e-03   2.882791e-10   4.176671e-07   4.040201e-07   5.662298e-04   2.400000e+10   3.727057e-06   1.863529e-06  -2.567223e-07   8.086259e-03   3.222834e-03   1.276425e-03  -3.155276e-06   1.844145e-06   7.309712e-07   7.916783e-08  -5.672682e-07   1.773324e-06   6.630187e-05   1.018360e+01  -8.465863e-01   4.947993e-01   1.961256e-01
            141            145   2.278606e-03   9.348218e-03   4.533064e-03   2.278605e-03   9.348217e-03   4.533065e-03   2.639262e-03   2.069907e-03   7.185512e-10   3.122249e-08   9.130055e-07   1.160083e-03   2.400000e+10   2.099332e-05   1.049666e-05  -1.399412e-06   2.278605e-03   9.348217e-03   4.533065e-03  -1.620552e-05  -2.548484e-06   1.309983e-05   5.536929e-06  -7.034071e-06   5.481248e-06   4.844809e-05   3.984504e+00  -7.719374e-01  -1.213950e-01   6.240000e-01
            145            182   4.702392e-03   7.612118e-03   3.558134e-03   4.702392e-03   7.612119e-03   3.558134e-03   1.009064e-03   8.796030e-04   7.061832e-10   2.462675e-08   5.760812e-07   4.699482e-04   2.400000e+10   1.301820e-05   6.509102e-06  -2.684401e-08   4.702392e-03   7.612119e-03   3.558134e-03  -6.290532e-06   1.139632e-05   1.631758e-07   4.639112e-06   2.498808e-06   3.821388e-06   2.617454e-05   9.950554e-01  -4.832105e-01   8.754145e-01   1.253443e-02
            145            101   2.543111e-03   1.078056e-02   4.081725e-03   2.543111e-03   1.078056e-02   4.081725e-03   1.018450e-03   2.141063e-03   8.106202e-10   2.733114e-08   7.479683e-07   6.901588e-04   2.400000e+10   1.940218e-05   9.701091e-06  -3.782912e-07   2.543111e-03   1.078056e-02   4.081725e-03   8.735527e-06  -1.690746e-05  -3.777974e-06   2.595432e-06  -7.409938e-07   9.318038e-06   5.604343e-05   1.632085e+00   4.502343e-01  -8.714205e-01  -1.947190e-01
            145            190   4.679950e-03   9.800382e-03   5.031246e-03   4.679950e-03   9.800382e-03   5.031246e-03   1.314464e-03   7.455844e-04   2.536965e-11   1.847295e-10   1.098604e-07   4.757382e-04   2.400000e+10   8.918785e-08   4.459393e-08   1.852818e-05   4.679950e-03   9.800382e-03   5.031246e-03  -5.281460e-08  -4.502207e-08  -5.601878e-08   1.995328e-08   1.972242e-08  -3.466282e-08   9.794512e-05   2.225980e-01  -5.921726e-01  -5.048005e-01  -6.280988e-01
            151            111   1.012062e-02   4.928424e-03   2.492816e-03   1.012061e-02   4.928425e-03   2.492816e-03   9.623165e-04   1.814446e-03   7.904139e-10   1.382586e-08   7.049997e-07   6.288155e-04   2.400000e+10   1.783173e-05   3.156144e-06  -7.892742e-06   1.012061e-02   4.928425e-03   2.492816e-03  -1.217877e-05   1.136593e-05   6.361110e-06  -2.843912e-08   1.528677e-06  -2.761084e-06   3.260053e-05   4.203459e+00  -6.829830e-01   6.373994e-01   3.567298e-01
            151            193   9.469643e-03   6.186585e-03   3.656490e-03   9.469643e-03   6.186585e-03   3.656490e-03   1.904662e-03   1.992580e-03   5.630826e-12   7.147376e-08   7.404985e-08   9.738145e-04   2.400000e+10   7.513085e-20   3.756542e-20   5.870463e-20   9.469643e-03   6.186585e-03   3.656490e-03  -3.103991e-20  -3.514163e-20  -5.870463e-20  -1.460854e-20  -2.928651e-20   1.844050e-20   9.671858e-03   4.548951e+10  -2.326346e-12  -2.633757e-12  -4.399731e-12
            158             65   6.419462e-03   1.082937e-02   2.858977e-03   6.419462e-03   1.082937e-02   2.858977e-03   2.262103e-03   2.648943e-03   3.187508e-11   1.743779e-10   1.972110e-07   1.220144e-03   2.400000e+10   2.011557e-07   1.005778e-07  -4.852099e-06   6.419462e-03   1.082937e-02   2.858977e-03  -3.406185e-08  -1.383285e-07   1.420163e-07   7.097606e-08  -6.359291e-08  -3.215965e-08   1.042432e-04   5.687989e+00  -1.693308e-01  -6.876689e-01   7.060019e-01
            165            221   1.735079e-03   5.667180e-03   6.626872e-03   1.735078e-03   5.667180e-03   6.626871e-03   9.364173e-04   1.993743e-03   5.134188e-10   1.829849e-08   5.719519e-07   6.371581e-04   2.400000e+10   9.396826e-06   4.513491e-06   6.701299e-06   1.735078e-03   5.667180e-03   6.626872e-03  -5.982862e-06   3.365781e-06  -6.416948e-06  -2.377988e-06  -3.830598e-06   2.080648e-07   4.641813e-05   4.871909e+01  -6.366897e-01   3.581827e-01  -6.828846e-01
            169            215   9.133133e-03   3.575994e-03   4.081540e-03   9.133133e-03   3.575994e-03   4.081540e-03   1.834750e-03   1.532789e-03   4.392468e-11   2.454961e-08   1.915260e-07   8.351158e-04   2.400000e+10   2.692070e-07   8.883853e-08   4.629319e-08   9.133133e-03   3.575994e-03   4.081540e-03  -1.872324e-07  -7.754833e-08  -1.772080e-07  -1.076638e-08   8.440205e-08  -2.554727e-08   7.418047e-05   8.935074e+01  -6.954962e-01  -2.880621e-01  -6.582592e-01
            201            221   4.908495e-03   4.664495e-03   6.182072e-03   4.908496e-03   4.664495e-03   6.182071e-03   1.217722e-03   1.644831e-03   1.216372e-09   8.080335e-09   9.225527e-07   6.997064e-04   2.400000e+10   3.590936e-05   1.795468e-05   1.188778e-05   4.908495e-03   4.664495e-03   6.182072e-03   2.931939e-05   7.938644e-06  -1.915289e-05  -4.300507e-06  -1.276245e-05  -1.187418e-05   5.737775e-05   3.861512e+00   8.164833e-01   2.210745e-01  -5.333676e-01
            201            193   8.733172e-03   6.012766e-03   4.737121e-03   8.733171e-03   6.012765e-03   4.737121e-03   1.339693e-03   1.803471e-03   1.050572e-09   1.789474e-08   8.986417e-07   7.686831e-04   2.400000e+10   3.021081e-05   1.246856e-05  -4.457703e-07   8.733171e-03   6.012765e-03   4.737121e-03  -2.761988e-05  -1.222976e-05   5.180605e-07   4.670675e-06  -1.032954e-05   5.191381e-06   5.813609e-05   1.354772e+01  -9.142383e-01  -4.048140e-01   1.714818e-02
            214            217   3.963532e-03   9.517795e-03   6.680454e-03   3.963532e-03   9.517795e-03   6.680454e-03   1.292639e-03   2.363470e-03   7.475797e-11   1.301829e-08   2.499383e-07   8.356189e-04   2.400000e+10   5.979162e-07   2.989581e-07   9.791419e-08   3.963532e-03   9.517795e-03   6.680454e-03  -2.465722e-07  -3.783570e-08  -5.433916e-07   2.244267e-07   1.617428e-07  -1.133485e-07   4.051624e-05   2.179096e+01  -4.123859e-01  -6.327926e-02  -9.088089e-01
            214            190   4.394868e-03   1.003294e-02   5.894079e-03   4.394868e-03   1.003294e-02   5.894079e-03   6.573733e-04   1.097565e-03   6.909775e-11   2.223830e-08   1.685474e-07   4.111312e-04   2.400000e+10   3.726800e-07   1.863400e-07  -1.921363e-08   4.394868e-03   1.003294e-02   5.894079e-03  -3.139340e-07  -1.884079e-07   6.955784e-08   7.869548e-08  -7.527024e-08   1.512085e-07   4.508001e-05   1.511015e+01  -8.423688e-01  -5.055486e-01   1.866423e-01
            221            245   3.436131e-03   2.212066e-03   8.180185e-03   3.436131e-03   2.212066e-03   8.180185e-03   1.405335e-03   1.778398e-03   3.106789e-10   2.106649e-09   4.938464e-07   7.850044e-04   2.400000e+10   4.909684e-06   4.011254e-07   1.479537e-06   3.436131e-03   2.212066e-03   8.180185e-03  -3.445739e-07   4.679614e-06  -1.444812e-06   3.750137e-07   1.270233e-07   6.427598e-08   4.995413e-05   2.397452e+02  -7.018249e-02   9.531395e-01  -2.942780e-01
            221            285   3.180051e-03   6.494670e-03   7.597056e-03   3.180051e-03   6.494670e-03   7.597056e-03   1.882448e-03   1.136649e-03   2.371554e-10   3.810212e-09   4.099706e-07   7.087163e-04   2.400000e+10   3.111256e-06   1.523378e-06   1.439795e-06   3.180051e-03   6.494670e-03   7.597056e-03   2.087538e-08  -2.824208e-06  -1.305117e-06  -7.063180e-07   5.564071e-07  -1.229718e-06   5.482656e-05   6.493470e+01   6.709631e-03  -9.077387e-01  -4.194823e-01
            221            281   2.279745e-03   5.701123e-03   8.569273e-03   2.279745e-03   5.701123e-03   8.569273e-03   2.138466e-03   1.005945e-03   4.536440e-10   1.669758e-08   5.570911e-07   6.841278e-04   2.400000e+10   8.087073e-06   4.043536e-06   1.048226e-05   2.279745e-03   5.701123e-03   8.569273e-03   3.226060e-06  -3.629156e-06  -6.467032e-06  -2.290701e-06  -3.260495e-06   6.870564e-07   6.493865e-05   5.914214e+00   3.989157e-01  -4.487601e-01  -7.996753e-01
            245            301   4.332773e-03   1.881632e-03   8.976839e-03   4.332773e-03   1.881632e-03   8.976839e-03   1.090750e-03   1.025817e-03   6.367267e-11   5.914788e-08   1.834671e-07   5.286438e-04   2.400000e+10   3.738188e-07   1.869094e-07  -3.660945e-08   4.332773e-03   1.881632e-03   8.976839e-03  -2.800417e-07  -2.201610e-07  -1.133412e-07   2.856642e-08  -1.120285e-07   1.468628e-07   6.390577e-05   1.984435e+01  -7.491377e-01  -5.889512e-01  -3.031983e-01
            245            293   3.546187e-03   1.395989e-03   9.573648e-03   3.546187e-03   1.395989e-03   9.573648e-03   1.328687e-03   9.350546e-04   3.224133e-10   7.920665e-08   4.206520e-07   5.488237e-04   2.400000e+10   4.339962e-06   2.169981e-06   5.887753e-07   3.546187e-03   1.395989e-03   9.573648e-03  -1.658224e-07  -1.842734e-07  -4.332876e-06   4.281356e-07   2.124646e-06  -1.067638e-07   4.220439e-05   3.612023e+00  -3.820826e-02  -4.245967e-02  -9.983673e-01
            269            301   5.714515e-03   3.679483e-03   8.909946e-03   5.714515e-03   3.679484e-03   8.909946e-03   1.329035e-03   1.159317e-03   1.763854e-11   1.021790e-07   1.045068e-07   6.191941e-04   2.400000e+10   5.898713e-08   2.949357e-08  -3.682599e-08   5.714515e-03   3.679483e-03   8.909946e-03   2.262886e-08   5.181305e-08  -1.681740e-08   2.008837e-08  -1.408035e-08  -1.637290e-08   1.004225e-04   5.276592e+01   3.836236e-01   8.783788e-01  -2.851029e-01
            310            281   1.515256e-03   7.428051e-03   9.473809e-03   1.515256e-03   7.428052e-03   9.473809e-03   1.495675e-03   2.302634e-03   2.884891e-10   1.303384e-09   5.114470e-07   9.067171e-04   2.400000e+10   4.721499e-06   2.360750e-06  -1.376036e-07   1.515256e-03   7.428051e-03   9.473809e-03  -1.142480e-06   3.779004e-06  -2.589676e-06   9.499233e-07   1.419574e-06   1.629599e-06   4.539449e-05   5.698584e+00  -2.419740e-01   8.003822e-01  -5.484860e-01
            281            341   1.729633e-03   5.955290e-03   1.185387e-02   1.729633e-03   5.955291e-03   1.185387e-02   1.650970e-03   1.812857e-03   7.099137e-10   5.082074e-07   7.832061e-07   8.640653e-04   2.400000e+10   1.779228e-05   8.896139e-06   1.709423e-06   1.729633e-03   5.955291e-03   1.185387e-02  -2.671967e-06   1.146729e-05  -1.333893e-05   2.668391e-06   6.691956e-06   5.219071e-06   5.476818e-05   3.725305e+00  -1.501757e-01   6.445095e-01  -7.497031e-01
            281            333   2.794525e-03   6.919490e-03   1.121352e-02   2.794525e-03   6.919490e-03   1.121352e-02   1.650126e-03   1.997257e-03   2.911999e-10   3.179515e-07   5.129564e-07   9.035865e-04   2.400000e+10   4.779931e-06   2.389965e-06   3.042296e-06   2.794525e-03   6.919490e-03   1.121352e-02  -3.631486e-06  -2.515884e-06  -1.824932e-06   1.491553e-06  -1.804645e-06  -4.800628e-07   6.767466e-05   1.465947e+01  -7.597361e-01  -5.263432e-01  -3.817904e-01
            281            221   2.279745e-03   5.701123e-03   8.569273e-03   2.279745e-03   5.701123e-03   8.569273e-03   1.005945e-03   2.138466e-03   4.536440e-10   1.669758e-08   5.570911e-07   6.841278e-04   2.400000e+10   8.087073e-06   4.043536e-06  -1.048226e-05   2.279745e-03   5.701123e-03   8.569273e-03  -3.226060e-06   3.629156e-06   6.467032e-06   2.290701e-06   3.260495e-06  -6.870564e-07   6.493865e-05   5.914214e+00  -3.989157e-01   4.487601e-01   7.996753e-01
            281            310   1.515256e-03   7.428052e-03   9.473809e-03   1.515256e-03   7.428051e-03   9.473809e-03   2.302634e-03   1.495675e-03   2.884891e-10   1.303384e-09   5.114470e-07   9.067171e-04   2.400000e+10   4.721499e-06   2.360750e-06   1.376036e-07   1.515256e-03   7.428051e-03   9.473809e-03   1.142480e-06  -3.779004e-06   2.589676e-06  -9.499233e-07  -1.419574e-06  -1.629599e-06   4.539449e-05   5.698584e+00   2.419740e-01  -8.003822e-01   5.484860e-01
            433            405   4.332277e-03   1.640723e-03   1.411404e-02   4.332277e-03   1.640723e-03   1.411404e-02   9.322416e-04   1.600694e-03   9.809411e-11   4.404288e-09   2.403963e-07   5.891321e-04   2.400000e+10   7.546068e-07   3.773034e-07  -5.280822e-07   4.332277e-03   1.640723e-03   1.411404e-02  -2.832235e-07   5.079728e-08   6.975927e-07   1.855039e-07  -3.134842e-07   9.835556e-08   5.582841e-05   5.567834e+01  -3.753259e-01   6.731622e-02   9.244452e-01
            465            353   7.546926e-03   7.288942e-03   1.366249e-02   7.546926e-03   7.288942e-03   1.366249e-02   8.128723e-04   8.626228e-04   1.363950e-10   1.308373e-09   2.389182e-07   4.185045e-04   2.400000e+10   1.042792e-06   5.213962e-07  -1.668861e-07   7.546926e-03   7.288942e-03   1.366249e-02   2.884692e-07  -5.284143e-07   8.514574e-07   4.105983e-07   3.155768e-07   6.061620e-08   3.786347e-05   7.156961e+00   2.766315e-01  -5.067302e-01   8.165167e-01
            465            377   8.133779e-03   7.101294e-03   1.458908e-02   8.133779e-03   7.101294e-03   1.458908e-02   1.206821e-03   1.170716e-03   1.338207e-10   4.910680e-09   2.819974e-07   5.942473e-04   2.400000e+10   1.207587e-06   6.034730e-07   5.742172e-08   8.133779e-03   7.101294e-03   1.458908e-02  -1.174517e-06  -2.373105e-07  -1.498660e-07   3.305506e-08   2.015100e-07  -5.678739e-07   3.741092e-05   1.352976e+01  -9.726148e-01  -1.965163e-01  -1.241037e-01
            374            453   5.912748e-03   1.044845e-02   1.526381e-02   5.912748e-03   1.044845e-02   1.526381e-02   2.229277e-03   8.247148e-04   1.111181e-11   4.473121e-08   8.178854e-08   6.020048e-04   2.400000e+10   2.908221e-08   1.454110e-08  -2.777268e-08   5.912748e-03   1.044845e-02   1.526381e-02  -1.412574e-08  -8.858106e-09  -2.382797e-08  -8.676182e-10  -1.338182e-08   5.622975e-09   6.946639e-05   6.071076e+01  -4.857175e-01  -3.045885e-01  -8.193316e-01
            405            341   3.653021e-03   2.109710e-03   1.318764e-02   3.653021e-03   2.109710e-03   1.318764e-02   8.438457e-04   1.245398e-03   1.734470e-10   7.741567e-09   2.953755e-07   5.030164e-04   2.400000e+10   1.639424e-06   8.197121e-07  -1.160768e-08   3.653021e-03   2.109710e-03   1.318764e-02   1.225005e-06  -1.084619e-06   1.033283e-07  -1.725215e-07  -1.213210e-07   7.921146e-07   6.459220e-05   9.027526e+00   7.472166e-01  -6.615852e-01   6.302718e-02
            293            245   3.546187e-03   1.395989e-03   9.573648e-03   3.546187e-03   1.395989e-03   9.573648e-03   9.350546e-04   1.328687e-03   3.224133e-10   7.920665e-08   4.206520e-07   5.488237e-04   2.400000e+10   4.339962e-06   2.169981e-06  -5.887753e-07   3.546187e-03   1.395989e-03   9.573648e-03   1.658224e-07   1.842734e-07   4.332876e-06  -4.281356e-07  -2.124646e-06   1.067638e-07   4.220439e-05   3.612023e+00   3.820826e-02   4.245967e-02   9.983673e-01
            371            393   1.053048e-02   5.374964e-03   1.210795e-02   1.053048e-02   5.374964e-03   1.210795e-02   9.384712e-04   1.174186e-03   5.834106e-11   7.186753e-09   1.744422e-07   5.215895e-04   2.400000e+10   3.256686e-07   1.628343e-07   5.405663e-08   1.053048e-02   5.374964e-03   1.210795e-02  -1.641479e-07  -1.541168e-07  -2.352945e-07   8.615843e-08  -1.352449e-07   2.829402e-08   4.431179e-05   2.359766e+01  -5.040336e-01  -4.732319e-01  -7.224969e-01
            304            345   9.391075e-03   8.367052e-03   1.090198e-02   9.391075e-03   8.367052e-03   1.090198e-02   2.262640e-03   2.797075e-03   3.159600e-10   4.148179e-09   6.286557e-07   1.250816e-03   2.400000e+10   6.356162e-06   2.451112e-06   9.318114e-06   9.391075e-03   8.367052e-03   1.090198e-02  -7.196492e-07  -2.803926e-07  -6.309064e-06   1.492426e-06   1.927368e-06  -2.566515e-07   5.838576e-05   2.235455e+01  -1.132207e-01  -4.411351e-02  -9.925901e-01
            304            233   9.952236e-03   8.845649e-03   8.389862e-03   9.952236e-03   8.845648e-03   8.389863e-03   2.002236e-03   1.746696e-03   6.663998e-10   3.020502e-08   7.884605e-07   9.328783e-04   2.400000e+10   1.681376e-05   8.406879e-06  -1.327585e-05   9.952236e-03   8.845649e-03   8.389863e-03  -6.394543e-06  -8.118455e-06   1.326284e-05   3.618585e-07   7.069155e-06   4.535606e-06   4.746104e-05   3.233284e+03  -3.803161e-01  -4.828460e-01   7.888089e-01
              2             26   1.514451e-03   1.884862e-02   1.699706e-03   1.514451e-03   1.884862e-02   1.699707e-03   1.434493e-03   1.636042e-03   8.090836e-10   2.225598e-08   7.863867e-07   7.643265e-04   2.400000e+10   2.036008e-05   1.018004e-05  -1.713992e-05   1.514451e-03   1.884862e-02   1.699707e-03   4.768231e-06   7.234446e-06   1.842443e-05  -1.343028e-06   9.515749e-06  -3.358576e-06   3.086747e-05   2.001717e+01   2.341951e-01   3.553250e-01   9.049292e-01
             26             38   1.741908e-03   1.701128e-02   8.713932e-04   1.741907e-03   1.701128e-02   8.713934e-04   1.191332e-03   9.695941e-04   1.463142e-09   3.266003e-07   8.843715e-07   5.345432e-04   2.400000e+10   4.140677e-05   2.070338e-05  -3.082096e-06   1.741908e-03   1.701128e-02   8.713933e-04  -3.065446e-05   2.718565e-05   5.980374e-06  -3.565435e-06  -8.134428e-06   1.870157e-05   1.968012e-05   6.862139e-01  -7.403249e-01   6.565509e-01   1.444299e-01
            130            166   3.732467e-03   1.637790e-02   6.026364e-03   3.732467e-03   1.637790e-02   6.026364e-03   1.074069e-03   1.329406e-03   9.282889e-12   1.390513e-09   7.426201e-08   5.940872e-04   2.400000e+10   2.047779e-19   1.023889e-19   2.940367e-20   3.732467e-03   1.637790e-02   6.026364e-03   1.509714e-19   1.351926e-19  -2.940367e-20  -6.520207e-20   6.459673e-20  -4.538112e-20   4.684694e-03   5.884374e+13   6.843761e-12   6.128483e-12  -1.332913e-12
            202            216   6.896710e-03   1.491093e-02   5.460774e-03   6.896710e-03   1.491093e-02   5.460774e-03   1.653846e-03   1.764412e-03   3.181558e-10   1.042533e-07   5.211528e-07   8.536704e-04   2.400000e+10   5.305849e-06   2.652924e-06  -2.735358e-07   6.896710e-03   1.491093e-02   5.460774e-03   1.656379e-06   4.997488e-06  -6.584467e-07  -1.704845e-06   8.109404e-07   1.863837e-06   4.744494e-05   4.443224e+00   3.121798e-01   9.418829e-01  -1.240983e-01
            210            142   3.376856e-03   1.333878e-02   7.618835e-03   3.376856e-03   1.333878e-02   7.618835e-03   1.037454e-03   1.300318e-03   2.891194e-11   1.905179e-08   1.291656e-07   5.770538e-04   2.400000e+10   1.195017e-07   5.975083e-08  -7.534258e-09   3.376856e-03   1.333878e-02   7.618835e-03   5.002065e-08  -9.840660e-08  -4.576815e-08  -3.294532e-08  -3.378533e-08   3.665132e-08   9.032959e-05   7.097059e+01   4.185770e-01  -8.234747e-01  -3.829918e-01
            242            282   7.045575e-03   1.319018e-02   8.115805e-03   7.045574e-03   1.319018e-02   8.115805e-03   1.436071e-03   1.484834e-03   6.080201e-10   3.068290e-07   6.662345e-07   7.300226e-04   2.400000e+10   1.296269e-05   6.481343e-06  -1.471170e-07   7.045575e-03   1.319018e-02   8.115805e-03  -1.082671e-05   6.698535e-06   2.437848e-06   2.536054e-07  -1.849501e-06   6.206677e-06   3.977314e-05   2.549297e+00  -8.352216e-01   5.167552e-01   1.880665e-01
              6             22   1.415311e-03   1.855432e-02   6.125810e-03   1.415311e-03   1.855432e-02   6.125810e-03   1.200282e-03   1.918460e-03   2.458714e-11   7.840423e-09   1.347356e-07   7.383404e-04   2.400000e+10   1.060084e-07   5.300422e-08  -5.802189e-07   1.415311e-03   1.855432e-02   6.125810e-03  -3.407498e-09   1.025184e-08  -1.054565e-07   4.380805e-08  -2.951443e-08  -4.381781e-09   7.457237e-05   1.427737e+01  -3.214365e-02   9.670778e-02  -9.947936e-01
             46            105   1.134516e-03   1.632719e-02   4.208235e-03   1.134516e-03   1.632719e-02   4.208235e-03   1.315687e-03   1.165953e-03   9.529033e-11   7.149480e-08   2.427012e-07   6.181515e-04   2.400000e+10   7.400665e-07   3.695363e-07   8.499030e-08   1.134516e-03   1.632719e-02   4.208235e-03   2.010990e-07   5.341354e-07  -4.711230e-07   1.088660e-07  -2.557648e-07  -2.434947e-07   3.756723e-05   1.430143e+01   2.717310e-01   7.217398e-01  -6.365956e-01
            282            262   7.543922e-03   1.197258e-02   7.098092e-03   7.543922e-03   1.197258e-02   7.098093e-03   1.511554e-03   7.426006e-04   8.866044e-10   2.617912e-08   6.644504e-07   4.979609e-04   2.400000e+10   1.885135e-05   9.425674e-06  -1.365487e-05   7.543922e-03   1.197258e-02   7.098093e-03  -6.718727e-07   8.763514e-06   1.667701e-05  -1.369111e-06  -8.275078e-06   4.300226e-06   2.270460e-05   2.675978e+00  -3.564057e-02   4.648747e-01   8.846589e-01
            282            294   7.721331e-03   1.159520e-02   8.958829e-03   7.721331e-03   1.159520e-02   8.958828e-03   1.251055e-03   1.564425e-03   7.945896e-10   1.436828e-08   7.432086e-07   6.951501e-04   2.400000e+10   1.889747e-05   9.448733e-06   6.552231e-06   7.721331e-03   1.159520e-02   8.958828e-03   3.386271e-06   1.167184e-05  -1.447120e-05  -1.906321e-06  -6.976876e-06  -6.080107e-06   3.765720e-05   2.762852e+00   1.791918e-01   6.176405e-01  -7.657745e-01
             94             70   5.097235e-03   1.263954e-02   1.039855e-03   5.097235e-03   1.263954e-02   1.039855e-03   1.479259e-03   7.640123e-04   1.123992e-09   8.817789e-09   7.525111e-07   5.038054e-04   2.400000e+10   2.706612e-05   1.353306e-05  -3.857965e-06   5.097235e-03   1.263954e-02   1.039855e-03   6.236773e-06   2.425673e-05   1.026102e-05  -9.033691e-06   5.841740e-06  -8.210370e-06   2.290153e-05   6.361292e-01   2.304273e-01   8.962028e-01   3.791093e-01
             70             65   5.545561e-03   1.188820e-02   1.107707e-03   5.545560e-03   1.188820e-02   1.107707e-03   9.919754e-04   2.139059e-03   1.190652e-09   1.036218e-08   8.982772e-07   6.776974e-04   2.400000e+10   3.422515e-05   1.711257e-05   3.293045e-06   5.545560e-03   1.188820e-02   1.107707e-03  -3.082600e-05   1.919460e-07  -1.486881e-05  -9.742273e-07   1.693748e-05   2.238927e-06   2.137176e-05   5.832075e-01  -9.006828e-01   5.608332e-03  -4.344410e-01
            101            216   4.392392e-03   1.341281e-02   5.061850e-03   4.392391e-03   1.341281e-02   5.061849e-03   1.483629e-03   1.204728e-03   5.470735e-10   1.778907e-08   6.030960e-07   6.648556e-04   2.400000e+10   1.055801e-05   5.277036e-06  -1.675375e-07   4.392391e-03   1.341281e-02   5.061850e-03  -1.042201e-05  -1.277246e-06  -1.105409e-06   3.550832e-07   1.477104e-06  -5.053631e-06   7.096527e-05   3.460527e+00  -9.871188e-01  -1.209741e-01  -1.046986e-01
            101            145   2.543111e-03   1.078056e-02   4.081725e-03   2.543111e-03   1.078056e-02   4.081725e-03   2.141063e-03   1.018450e-03   8.106202e-10   2.733114e-08   7.479683e-07   6.901588e-04   2.400000e+10   1.940218e-05   9.701091e-06   3.782912e-07   2.543111e-03   1.078056e-02   4.081725e-03  -8.735527e-06   1.690746e-05   3.777974e-06  -2.595432e-06   7.409938e-07  -9.318038e-06   5.604343e-05   1.632085e+00  -4.502343e-01   8.714205e-01   1.947190e-01
             65            158   6.419462e-03   1.082937e-02   2.858977e-03   6.419462e-03   1.082937e-02   2.858977e-03   2.648943e-03   2.262103e-03   3.187508e-11   1.743779e-10   1.972110e-07   1.220144e-03   2.400000e+10   2.011557e-07   1.005778e-07   4.852099e-06   6.419462e-03   1.082937e-02   2.858977e-03   3.406185e-08   1.383285e-07  -1.420163e-07  -7.097606e-08   6.359291e-08   3.215965e-08   1.042432e-04   5.687989e+00   1.693308e-01   6.876689e-01  -7.060019e-01
            166            142   2.742413e-03   1.559150e-02   6.783127e-03   2.742413e-03   1.559150e-02   6.783127e-03   1.627194e-03   2.214419e-03   5.219376e-11   1.382591e-08   2.212596e-07   9.379625e-04   2.400000e+10   3.695478e-07   1.847739e-07  -2.024279e-08   2.742413e-03   1.559150e-02   6.783127e-03  -2.583868e-08   1.174269e-07  -3.494408e-07  -6.955366e-08   1.606590e-07   5.909630e-08   6.901642e-05   5.186288e+01  -6.991973e-02   3.177584e-01  -9.455902e-01
            180            216   8.577804e-03   1.251895e-02   4.491782e-03   8.577805e-03   1.251895e-02   4.491781e-03   1.229426e-03   1.249212e-03   1.224159e-09   1.091823e-07   8.709268e-07   6.196200e-04   2.400000e+10   3.411689e-05   1.705845e-05   1.029310e-05   8.577804e-03   1.251895e-02   4.491781e-03   2.807122e-05  -1.192281e-05  -1.529103e-05  -6.596194e-06   3.984860e-06  -1.521847e-05   3.670131e-05   2.875627e+00   8.227953e-01  -3.494695e-01  -4.481953e-01
            180             39   9.802340e-03   1.206784e-02   2.649316e-03   9.802339e-03   1.206784e-02   2.649317e-03   9.860104e-04   1.999243e-03   1.321866e-09   6.217021e-09   9.342791e-07   6.603374e-04   2.400000e+10   3.951973e-05   7.766957e-06  -2.691092e-05   9.802340e-03   1.206784e-02   2.649317e-03  -1.854949e-05   1.247868e-05   3.258847e-05  -5.300794e-06  -5.610078e-06  -8.684655e-07   3.543514e-05   3.868758e+00  -4.693728e-01   3.157582e-01   8.246126e-01
            216            262   7.683026e-03   1.209105e-02   5.954169e-03   7.683026e-03   1.209105e-02   5.954168e-03   2.407294e-03   1.210277e-03   9.383934e-10   1.187323e-07   8.693426e-07   8.053728e-04   2.400000e+10   2.610513e-05   1.305257e-05   7.907582e-06   7.683026e-03   1.209105e-02   5.954168e-03  -6.542875e-06   1.804731e-05  -1.769077e-05   3.722088e-06  -8.046094e-06  -9.579975e-06   2.172452e-05   1.291982e+00  -2.506356e-01   6.913319e-01  -6.776740e-01
            236            244   9.119619e-03   1.396052e-02   7.128260e-03   9.119619e-03   1.396052e-02   7.128260e-03   2.276695e-03   1.372753e-03   1.533279e-11   1.457080e-08   1.145897e-07   8.563872e-04   2.400000e+10   5.622339e-08   2.811169e-08   4.989712e-09   9.119619e-03   1.396052e-02   7.128260e-03  -2.608530e-08   4.638589e-08   1.813769e-08   2.326697e-08   7.701026e-09   1.376988e-08   1.244957e-04   2.229056e+02  -4.639582e-01   8.250283e-01   3.226005e-01
            190            145   4.679950e-03   9.800382e-03   5.031246e-03   4.679950e-03   9.800382e-03   5.031246e-03   7.455844e-04   1.314464e-03   2.536965e-11   1.847295e-10   1.098604e-07   4.757382e-04   2.400000e+10   8.918785e-08   4.459393e-08  -1.852818e-05   4.679950e-03   9.800382e-03   5.031246e-03   5.281460e-08   4.502207e-08   5.601878e-08  -1.995328e-08  -1.972242e-08   3.466282e-08   9.794512e-05   2.225980e-01   5.921726e-01   5.048005e-01   6.280988e-01
            190            214   4.394868e-03   1.003294e-02   5.894079e-03   4.394868e-03   1.003294e-02   5.894079e-03   1.097565e-03   6.573733e-04   6.909775e-11   2.223830e-08   1.685474e-07   4.111312e-04   2.400000e+10   3.726800e-07   1.863400e-07   1.921363e-08   4.394868e-03   1.003294e-02   5.894079e-03   3.139340e-07   1.884079e-07  -6.955784e-08  -7.869548e-08   7.527024e-08  -1.512085e-07   4.508001e-05   1.511015e+01   8.423688e-01   5.055486e-01  -1.866423e-01
            294            346   7.997937e-03   1.140753e-02   1.085653e-02   7.997937e-03   1.140753e-02   1.085653e-02   2.421582e-03   2.673109e-03   5.207667e-10   4.942576e-08   8.134307e-07   1.270568e-03   2.400000e+10   1.355544e-05   6.777722e-06   4.566879e-06   7.997937e-03   1.140753e-02   1.085653e-02  -7.989757e-06  -5.457822e-06  -9.493472e-06   4.150919e-06   2.323084e-06  -4.828112e-06   5.132785e-05   1.172810e+01  -5.894132e-01  -4.026296e-01  -7.003439e-01
            294            282   7.721331e-03   1.159520e-02   8.958828e-03   7.721331e-03   1.159520e-02   8.958829e-03   1.564425e-03   1.251055e-03   7.945896e-10   1.436828e-08   7.432086e-07   6.951501e-04   2.400000e+10   1.889747e-05   9.448733e-06  -6.552231e-06   7.721331e-03   1.159520e-02   8.958828e-03  -3.386271e-06  -1.167184e-05   1.447120e-05   1.906321e-06   6.976876e-06   6.080107e-06   3.765720e-05   2.762852e+00  -1.791918e-01  -6.176405e-01   7.657745e-01
            454            386   5.446897e-03   1.829691e-02   1.610918e-02   5.446897e-03   1.829691e-02   1.610918e-02   1.606778e-03   1.856801e-03   3.010974e-11   3.737315e-07   1.610466e-07   8.613825e-04   2.400000e+10   1.551703e-07   3.152655e-08  -1.241406e-07   5.446897e-03   1.829691e-02   1.610918e-02   8.740777e-08  -3.803566e-08   1.224377e-07  -9.955912e-09   2.575792e-08   1.520962e-08   8.089611e-05   7.914900e+03   5.633022e-01  -2.451220e-01   7.890538e-01
            392            162   7.956979e-03   1.880076e-02   1.597502e-02   7.956979e-03   1.880076e-02   1.597502e-02   1.247097e-03   2.442561e-03   5.809353e-10   5.442215e-07   6.925380e-07   8.255805e-04   2.400000e+10   1.287423e-05   6.437116e-06  -4.926338e-06   7.956979e-03   1.880076e-02   1.597502e-02  -7.079895e-06   7.436556e-06   7.766503e-06   2.082973e-06   5.258281e-06  -3.073787e-06   2.434018e-05   3.643495e+00  -5.499275e-01   5.776311e-01   6.032595e-01
            453            374   5.912748e-03   1.044845e-02   1.526381e-02   5.912748e-03   1.044845e-02   1.526381e-02   8.247148e-04   2.229277e-03   1.111181e-11   4.473121e-08   8.178854e-08   6.020048e-04   2.400000e+10   2.908221e-08   1.454110e-08   2.777268e-08   5.912748e-03   1.044845e-02   1.526381e-02   1.412574e-08   8.858106e-09   2.382797e-08   8.676182e-10   1.338182e-08  -5.622975e-09   6.946639e-05   6.071076e+01   4.857175e-01   3.045885e-01   8.193316e-01
            402            438   6.212212e-04   1.119022e-02   1.539898e-02   6.212212e-04   1.119022e-02   1.539898e-02   6.405228e-04   6.712251e-04   9.549619e-10   3.724899e-08   5.594602e-07   3.277573e-04   2.400000e+10   1.709642e-05   8.548212e-06  -6.298345e-07   6.212212e-04   1.119022e-02   1.539898e-02  -9.682456e-09   1.692497e-05   2.415122e-06   2.006387e-06   1.174878e-06  -8.225934e-06   1.992038e-05   4.609112e-01  -5.663440e-04   9.899717e-01   1.412647e-01
            354            410   3.070660e-03   1.692399e-02   1.447419e-02   3.070660e-03   1.692399e-02   1.447419e-02   2.878171e-03   1.907303e-03   8.795576e-11   3.561152e-08   3.176419e-07   1.147127e-03   2.400000e+10   8.940299e-07   4.456391e-07   1.863520e-07   3.070660e-03   1.692399e-02   1.447419e-02  -7.471523e-07   4.872015e-07   6.072601e-08   2.442088e-07   3.647878e-07   7.672145e-08   6.228715e-05   8.465151e+00  -8.357129e-01   5.449498e-01   6.792391e-02
            438            350   9.489299e-04   1.059875e-02   1.436841e-02   9.489298e-04   1.059875e-02   1.436841e-02   8.472992e-04   2.986184e-03   1.877981e-10   1.575076e-09   3.520672e-07   6.600241e-04   2.400000e+10   2.115762e-06   1.057881e-06   1.754004e-06   9.489299e-04   1.059875e-02   1.436841e-02  -9.802399e-07  -6.325753e-07   1.765057e-06  -6.686389e-07   8.166718e-07  -7.128264e-08   3.413759e-05   1.969928e+00  -4.633035e-01  -2.989823e-01   8.342418e-01
            430            378   4.855641e-03   1.409251e-02   1.509556e-02   4.855640e-03   1.409251e-02   1.509556e-02   2.468933e-03   1.642452e-03   5.713664e-10   4.369289e-06   7.506963e-07   9.863110e-04   2.400000e+10   1.372553e-05   6.862763e-06   2.147608e-07   4.855641e-03   1.409251e-02   1.509556e-02  -1.093371e-05  -8.146692e-06   1.573323e-06  -2.744587e-06   4.546728e-06   4.346494e-06   5.594151e-05   3.608132e+00  -7.965971e-01  -5.935432e-01   1.146275e-01
            162            378   7.701681e-03   1.685101e-02   1.515683e-02   7.701681e-03   1.685101e-02   1.515683e-02   1.786669e-03   1.830955e-03   5.840946e-10   9.141871e-08   7.267596e-07   9.042705e-04   2.400000e+10   1.358388e-05   6.791942e-06   1.340570e-08   7.701681e-03   1.685101e-02   1.515683e-02   8.032262e-06   1.095088e-05  -2.879205e-07  -4.380476e-06   3.337606e-06   3.975210e-06   6.464631e-05   5.288732e+00   5.913082e-01   8.061671e-01  -2.119574e-02
            162            364   1.069184e-02   1.861005e-02   1.554032e-02   1.069184e-02   1.861005e-02   1.554032e-02   1.421615e-03   1.454662e-03   1.138235e-10   4.685295e-07   2.860703e-07   7.189745e-04   2.400000e+10   1.041969e-06   5.209843e-07  -1.465075e-07   1.069184e-02   1.861005e-02   1.554032e-02  -7.341296e-07   9.490481e-09  -7.393661e-07  -1.970579e-07   4.384586e-07   2.008653e-07   6.403775e-05   1.702214e+01  -7.045602e-01   9.108222e-03  -7.095858e-01
            384            424   1.064039e-02   1.068645e-02   1.419635e-02   1.064039e-02   1.068645e-02   1.419635e-02   1.757414e-03   1.063271e-03   1.000169e-11   3.043357e-07   8.139890e-08   6.624659e-04   2.400000e+10   2.605206e-08   3.379452e-10   2.488344e-09   1.064039e-02   1.068645e-02   1.419635e-02  -2.529979e-08   5.452765e-09  -2.982860e-09   6.848624e-12  -1.371434e-10  -3.087908e-10   6.486880e-05   1.060717e+03  -9.711246e-01   2.093027e-01  -1.144961e-01
            346            360   1.016315e-02   1.148102e-02   1.193782e-02   1.016315e-02   1.148102e-02   1.193782e-02   2.331353e-03   1.105257e-03   1.415642e-10   5.254452e-11   3.257971e-07   7.497924e-04   2.400000e+10   1.475878e-06   3.156406e-07   4.002575e-08   1.016315e-02   1.148102e-02   1.193782e-02  -1.358473e-06   6.735553e-08  -5.729136e-07   9.627888e-08   2.225258e-07  -2.020930e-07   6.000657e-05   1.284406e+01  -9.204508e-01   4.563759e-02  -3.881849e-01
              3             43   1.792087e-02   2.137243e-03   2.124217e-03   1.792088e-02   2.137251e-03   2.124224e-03   1.426578e-03   2.516662e-03   1.361864e-08   2.488721e-08   3.521279e-06   9.104734e-04   2.400000e+10   1.534560e-03   4.193555e-04  -8.718409e-04   1.792087e-02   2.137247e-03   2.124220e-03   9.161116e-04   8.903222e-04   8.502597e-04   3.319335e-04  -2.252474e-04  -1.222407e-04   2.245831e-05   2.363499e+00   5.969864e-01   5.801806e-01   5.540738e-01
             19             27   1.663872e-02   6.594204e-03   1.964489e-03   1.663872e-02   6.594204e-03   1.964489e-03   2.606934e-03   2.209401e-03   5.828147e-10   1.640995e-07   8.348514e-07   1.195881e-03   2.400000e+10   1.557004e-05   7.785019e-06  -3.662719e-07   1.663872e-02   6.594204e-03   1.964489e-03   1.225879e-05  -9.585985e-06   5.068846e-07   4.791702e-06   6.088624e-06  -7.581315e-07   5.066508e-05   1.765540e+01   7.873323e-01  -6.156687e-01   3.255513e-02
             27             99   1.527793e-02   6.008870e-03   1.723226e-03   1.527793e-02   6.008871e-03   1.723226e-03   1.093675e-03   1.713869e-03   7.596519e-10   1.156793e-07   7.121591e-07   6.676354e-04   2.400000e+10   1.731178e-05   8.655888e-06  -2.763224e-06   1.527793e-02   6.008870e-03   1.723226e-03   4.262125e-06   1.645979e-05   3.256889e-06   8.326676e-06  -1.869638e-06  -1.447518e-06   3.846936e-05   9.317510e+00   2.461980e-01   9.507855e-01   1.881314e-01
             27             72   1.493392e-02   8.637587e-03   1.978398e-03   1.493392e-02   8.637587e-03   1.978398e-03   2.375190e-03   2.443359e-03   4.471264e-10   1.036974e-08   7.338374e-07   1.204396e-03   2.400000e+10   1.049978e-05   1.212679e-06   1.105953e-06   1.493392e-02   8.637587e-03   1.978398e-03   8.410474e-06  -6.224621e-06  -8.737262e-07   7.003738e-07   9.697772e-07  -1.989958e-07   4.919572e-05   2.507253e+01   8.010143e-01  -5.928334e-01  -8.321377e-02
             27             11   1.704554e-02   8.819227e-03   1.556828e-03   1.704554e-02   8.819227e-03   1.556828e-03   1.922920e-03   1.467365e-03   3.923963e-10   1.038883e-08   5.714708e-07   8.322680e-04   2.400000e+10   7.175777e-06   3.587889e-06  -3.012455e-07   1.704554e-02   8.819227e-03   1.556828e-03  -5.794191e-06  -4.217285e-06   3.655572e-07  -2.116450e-06   2.881524e-06  -3.006720e-07   5.574812e-05   3.021684e+01  -8.074653e-01  -5.877113e-01   5.094322e-02
             43             55   1.566272e-02   1.237343e-03   2.355920e-03   1.566273e-02   1.237345e-03   2.355917e-03   1.597517e-03   1.540447e-03   5.806411e-09   9.046927e-06   2.133910e-06   7.842316e-04   2.400000e+10   3.964914e-04   1.982457e-04   1.132670e-04   1.566273e-02   1.237344e-03   2.355918e-03   3.348719e-04   9.347645e-05  -1.906003e-04  -4.462807e-05   1.924917e-04   1.602030e-05   2.222365e-05   3.705545e-01   8.445879e-01   2.357591e-01  -4.807172e-01
             43             31   1.584856e-02   1.264013e-03   9.051235e-04   1.584857e-02   1.264017e-03   9.051268e-04   2.448603e-03   9.393306e-04   9.650963e-09   3.182332e-06   2.559684e-06   6.788940e-04   2.400000e+10   7.905092e-04   3.952546e-04  -2.636733e-04   1.584856e-02   1.264015e-03   9.051251e-04   6.673097e-04   3.262812e-04   2.704499e-04  -1.793373e-04   3.517399e-04   1.853141e-05   1.241732e-05   1.229971e+00   8.441517e-01   4.127481e-01   3.421211e-01
             67             99   1.405784e-02   5.147498e-03   1.609916e-03   1.405784e-02   5.147497e-03   1.609916e-03   1.003450e-03   1.412412e-03   6.445590e-10   2.244284e-08   6.149275e-07   5.866581e-04   2.400000e+10   1.268342e-05   5.761468e-06   7.304378e-07   1.405784e-02   5.147498e-03   1.609916e-03  -1.235757e-05  -2.801693e-06  -5.569745e-07   1.253469e-06  -5.612646e-06   3.486045e-07   3.490657e-05   4.449468e+00  -9.743087e-01  -2.208941e-01  -4.391357e-02
             67             87   1.233760e-02   3.695603e-03   1.604081e-03   1.233760e-02   3.695604e-03   1.604081e-03   1.037082e-03   1.478350e-03   1.019885e-09   2.436280e-07   7.884327e-07   6.095059e-04   2.400000e+10   2.573155e-05   1.286578e-05   7.349808e-06   1.233760e-02   3.695603e-03   1.604081e-03   7.877845e-06   2.395169e-05  -5.135061e-06   8.351733e-06  -4.598586e-06  -8.638851e-06   3.656126e-05   2.198086e+00   3.061551e-01   9.308296e-01  -1.995628e-01
            107            131   1.713369e-02   8.138331e-03   5.043936e-03   1.713369e-02   8.138331e-03   5.043936e-03   2.036074e-03   2.279326e-03   8.389935e-11   7.200038e-10   3.003785e-07   1.075422e-03   2.400000e+10   8.064498e-07   4.032249e-07   6.674053e-08   1.713369e-02   8.138331e-03   5.043936e-03   7.360547e-07   3.014939e-07   1.329893e-07  -1.051974e-07   3.418898e-07  -1.861053e-07   7.689407e-05   3.168413e+01   9.127099e-01   3.738533e-01   1.649071e-01
            131            155   1.641956e-02   6.549656e-03   5.839847e-03   1.641956e-02   6.549656e-03   5.839847e-03   1.694663e-03   9.831289e-04   5.972044e-11   7.022655e-08   1.927614e-07   6.221813e-04   2.400000e+10   3.683774e-07   1.841887e-07   3.197230e-08   1.641956e-02   6.549656e-03   5.839847e-03   3.164221e-08   2.961579e-07  -2.167745e-07  -1.635882e-07   6.070579e-08   5.898452e-08   7.394238e-05   3.641012e+01   8.589618e-02   8.039524e-01  -5.884576e-01
            139            147   1.876032e-02   4.285162e-03   8.327499e-03   1.876032e-02   4.285162e-03   8.327499e-03   5.773912e-04   1.145986e-03   8.560739e-12   1.342613e-09   5.733109e-08   3.839451e-04   2.400000e+10   1.344506e-19   6.722529e-20  -8.931683e-20   1.876032e-02   4.285162e-03   8.327499e-03   5.966808e-20  -8.086522e-20   8.931683e-20   4.947624e-21   5.092684e-20   4.360296e-20   5.801060e-03   7.414011e+12   3.799187e-12  -5.148851e-12   5.686982e-12
             36             11   1.895431e-02   9.171763e-03   2.452007e-03   1.895431e-02   9.171763e-03   2.452008e-03   1.237488e-03   2.585456e-03   3.991607e-11   4.390133e-09   1.827738e-07   8.369126e-04   2.400000e+10   2.334596e-07   1.167298e-07  -2.145054e-07   1.895431e-02   9.171763e-03   2.452007e-03   9.284637e-08  -1.096117e-07   1.840332e-07   1.059835e-07   3.802878e-08  -3.077573e-08   4.646907e-05   2.218654e+02   3.976978e-01  -4.695103e-01   7.882871e-01
             55             87   1.355344e-02   1.273176e-03   2.068238e-03   1.355344e-02   1.273176e-03   2.068239e-03   8.308323e-04   2.088121e-03   1.756643e-09   7.527737e-07   1.021792e-06   5.943495e-04   2.400000e+10   5.743759e-05   2.871879e-05  -3.843315e-05   1.355344e-02   1.273176e-03   2.068238e-03   4.938829e-05  -1.462250e-05   2.541762e-05   4.369789e-06  -2.009344e-05  -2.004813e-05   3.211605e-05   7.564240e-01   8.598601e-01  -2.545807e-01   4.425260e-01
            291            265   1.100449e-02   5.020015e-03   6.777827e-03   1.100449e-02   5.020015e-03   6.777827e-03   8.878801e-04   6.615951e-04   3.740907e-12   1.165060e-11   3.765906e-08   3.791071e-04   2.400000e+10   1.686450e-20   8.432248e-21   2.074194e-22   1.100449e-02   5.020015e-03   6.777827e-03   1.316646e-20  -1.053625e-20  -2.074194e-22   6.190298e-21   4.871372e-21  -3.008777e-21   6.162421e-03   3.503868e+12   2.920603e-12  -2.337167e-12  -4.601007e-14
             87            111   1.143349e-02   3.656055e-03   2.051181e-03   1.143349e-02   3.656054e-03   2.051181e-03   9.622779e-04   1.688498e-03   1.081263e-09   5.547076e-09   8.141035e-07   6.129542e-04   2.400000e+10   2.816831e-05   8.765392e-06   3.442692e-06   1.143349e-02   3.656055e-03   2.051181e-03   1.568178e-05  -2.322706e-05  -2.835325e-06   6.826531e-06   4.170655e-06   3.582766e-06   3.598020e-05   3.811758e+00   5.567172e-01  -8.245813e-01  -1.006566e-01
             87            143   1.164699e-02   1.193043e-03   2.683088e-03   1.164699e-02   1.193043e-03   2.683087e-03   1.879111e-03   8.605636e-04   1.757276e-09   4.110216e-08   1.018447e-06   5.902506e-04   2.400000e+10   5.727015e-05   2.861834e-05   3.582113e-05   1.164699e-02   1.193043e-03   2.683088e-03   4.132889e-05   1.418763e-05  -3.702032e-05   1.138562e-05   1.763325e-05   1.945368e-05   3.216876e-05   1.240134e+01   7.216480e-01   2.477316e-01  -6.464157e-01
             72             39   1.263116e-02   9.761465e-03   1.242110e-03   1.263116e-02   9.761464e-03   1.242110e-03   2.170838e-03   1.218819e-03   1.002420e-09   6.693509e-08   8.845661e-07   7.805684e-04   2.400000e+10   2.837461e-05   1.008568e-05  -1.781502e-06   1.263116e-02   9.761464e-03   1.242110e-03   2.357750e-05  -1.568640e-05   1.776727e-06  -1.243406e-06  -2.952053e-06  -9.563481e-06   4.922075e-05   5.678509e+02   8.309366e-01  -5.528323e-01   6.261679e-02
            111            151   1.012061e-02   4.928425e-03   2.492816e-03   1.012062e-02   4.928424e-03   2.492816e-03   1.814446e-03   9.623165e-04   7.904139e-10   1.382586e-08   7.049997e-07   6.288155e-04   2.400000e+10   1.783173e-05   3.156144e-06   7.892742e-06   1.012061e-02   4.928425e-03   2.492816e-03   1.217877e-05  -1.136593e-05  -6.361110e-06   2.843912e-08  -1.528677e-06   2.761084e-06   3.260053e-05   4.203459e+00   6.829830e-01  -6.373994e-01  -3.567298e-01
            193            233   1.072271e-02   8.511381e-03   6.314446e-03   1.072271e-02   8.511381e-03   6.314445e-03   1.857155e-03   1.946106e-03   8.061675e-10   1.531564e-08   8.752697e-07   9.502952e-04   2.400000e+10   2.257965e-05   1.128982e-05   3.993274e-06   1.072271e-02   8.511381e-03   6.314446e-03  -1.170376e-06  -1.809338e-05  -1.345736e-05   4.463183e-06   6.002966e-06  -8.456035e-06   5.180783e-05   4.327526e+00  -5.183321e-02  -8.013135e-01  -5.959950e-01
            193            232   1.072000e-02   8.979430e-03   5.223393e-03   1.072000e-02   8.979428e-03   5.223393e-03   1.832014e-03   5.435009e-04   2.067419e-09   2.117652e-08   9.308932e-07   4.191518e-04   2.400000e+10   6.158547e-05   2.754780e-05   2.168102e-06   1.072000e-02   8.979429e-03   5.223393e-03  -7.308548e-06  -6.111416e-05  -2.101042e-06  -2.143485e-05   1.996994e-06   1.718838e-05   2.117271e-05   4.446944e+00  -1.186732e-01  -9.923471e-01  -3.411588e-02
            193            151   9.469643e-03   6.186585e-03   3.656490e-03   9.469643e-03   6.186585e-03   3.656490e-03   1.992580e-03   1.904662e-03   5.630826e-12   7.147376e-08   7.404985e-08   9.738145e-04   2.400000e+10   7.513085e-20   3.756542e-20  -5.870463e-20   9.469643e-03   6.186585e-03   3.656490e-03   3.103991e-20   3.514163e-20   5.870463e-20   1.460854e-20   2.928651e-20  -1.844050e-20   9.671858e-03   4.548951e+10   2.326346e-12   2.633757e-12   4.399731e-12
            193            201   8.733171e-03   6.012765e-03   4.737121e-03   8.733172e-03   6.012766e-03   4.737121e-03   1.803471e-03   1.339693e-03   1.050572e-09   1.789474e-08   8.986417e-07   7.686831e-04   2.400000e+10   3.021081e-05   1.246856e-05   4.457703e-07   8.733171e-03   6.012765e-03   4.737121e-03   2.761988e-05   1.222976e-05  -5.180605e-07  -4.670675e-06   1.032954e-05  -5.191381e-06   5.813609e-05   1.354772e+01   9.142383e-01   4.048140e-01  -1.714818e-02
            215            169   9.133133e-03   3.575994e-03   4.081540e-03   9.133133e-03   3.575994e-03   4.081540e-03   1.532789e-03   1.834750e-03   4.392468e-11   2.454961e-08   1.915260e-07   8.351158e-04   2.400000e+10   2.692070e-07   8.883853e-08  -4.629319e-08   9.133133e-03   3.575994e-03   4.081540e-03   1.872324e-07   7.754833e-08   1.772080e-07   1.076638e-08  -8.440205e-08   2.554727e-08   7.418047e-05   8.935074e+01   6.954962e-01   2.880621e-01   6.582592e-01
            233            232   1.101132e-02   9.908674e-03   5.839517e-03   1.101132e-02   9.908673e-03   5.839518e-03   2.338925e-03   1.249301e-03   7.370315e-10   4.393786e-06   7.747201e-07   8.143359e-04   2.400000e+10   1.827178e-05   9.135889e-06  -7.097959e-06   1.101132e-02   9.908674e-03   5.839517e-03   2.833807e-06  -1.043420e-06   1.802051e-05  -7.149607e-06  -5.631986e-06   7.926667e-07   2.257088e-05   1.609581e+00   1.550920e-01  -5.710555e-02   9.862482e-01
            233            304   9.952236e-03   8.845648e-03   8.389863e-03   9.952236e-03   8.845649e-03   8.389862e-03   1.746696e-03   2.002236e-03   6.663998e-10   3.020502e-08   7.884605e-07   9.328783e-04   2.400000e+10   1.681376e-05   8.406879e-06   1.327585e-05   9.952236e-03   8.845649e-03   8.389863e-03   6.394543e-06   8.118455e-06  -1.326284e-05  -3.618585e-07  -7.069155e-06  -4.535606e-06   4.746104e-05   3.233284e+03   3.803161e-01   4.828460e-01  -7.888089e-01
            320            336   1.206417e-02   9.391266e-03   9.468291e-03   1.206417e-02   9.391266e-03   9.468291e-03   1.145271e-03   1.200120e-03   1.647951e-11   1.479208e-11   9.827225e-08   5.860269e-04   2.400000e+10   5.182331e-08   1.843563e-08   4.980000e-08   1.206417e-02   9.391266e-03   9.468291e-03  -5.006504e-09   1.695286e-08  -4.871540e-08   1.718097e-08  -5.537765e-09  -3.744329e-09   5.903773e-05   4.699284e+03  -9.660719e-02   3.271282e-01  -9.400288e-01
            232            168   1.151123e-02   1.021635e-02   5.066225e-03   1.151123e-02   1.021635e-02   5.066225e-03   7.821293e-04   2.973499e-03   2.327694e-09   1.740692e-07   1.200590e-06   6.192468e-04   2.400000e+10   8.942740e-05   4.471370e-05  -1.895195e-05   1.151123e-02   1.021635e-02   5.066225e-03  -7.954121e-05  -3.324872e-05   2.376929e-05   1.669139e-05  -4.142924e-05  -2.080945e-06   1.848622e-05   7.815375e-01  -8.894501e-01  -3.717957e-01   2.657943e-01
            336            320   1.206417e-02   9.391266e-03   9.468291e-03   1.206417e-02   9.391266e-03   9.468291e-03   1.200120e-03   1.145271e-03   1.647951e-11   1.479208e-11   9.827225e-08   5.860269e-04   2.400000e+10   5.182331e-08   1.843563e-08  -4.980000e-08   1.206417e-02   9.391266e-03   9.468291e-03   5.006504e-09  -1.695286e-08   4.871540e-08  -1.718097e-08   5.537765e-09   3.744329e-09   5.903773e-05   4.699284e+03   9.660719e-02  -3.271282e-01   9.400288e-01
            319            395   1.310979e-02   6.604733e-03   1.188499e-02   1.310979e-02   6.604733e-03   1.188499e-02   1.491324e-03   1.794123e-03   4.566082e-11   1.295514e-09   1.928354e-07   8.143849e-04   2.400000e+10   2.817607e-07   1.408803e-07  -6.353503e-07   1.310979e-02   6.604733e-03   1.188499e-02  -2.162300e-07  -9.245904e-08  -1.551934e-07  -1.403347e-08  -1.114930e-07   8.496844e-08   9.596964e-05   1.569097e+01  -7.674243e-01  -3.281474e-01  -5.507987e-01
            319            393   1.132697e-02   5.724495e-03   1.192897e-02   1.132697e-02   5.724495e-03   1.192897e-02   2.461636e-03   5.609817e-04   1.776736e-11   6.766316e-08   9.009613e-08   4.568665e-04   2.400000e+10   5.122465e-08   2.561233e-08  -5.055151e-08   1.132697e-02   5.724495e-03   1.192897e-02   3.355123e-08  -1.126304e-09  -3.869123e-08  -4.700419e-09   2.471648e-08  -4.795087e-09   6.618627e-05   2.310327e+01   6.549821e-01  -2.198754e-02  -7.553244e-01
            459            451   1.296818e-02   6.265020e-03   1.668733e-02   1.296818e-02   6.265020e-03   1.668733e-02   1.524961e-03   2.308308e-03   4.415664e-10   4.302429e-07   6.367803e-07   9.182972e-04   2.400000e+10   8.997785e-06   4.498892e-06   3.344538e-07   1.296818e-02   6.265020e-03   1.668733e-02   3.380738e-06  -8.279009e-06  -9.943563e-07   2.850796e-06   7.491472e-07   3.398790e-06   6.512971e-05   8.642601e+00   3.757301e-01  -9.201164e-01  -1.105112e-01
            451            377   1.088710e-02   7.247748e-03   1.565935e-02   1.088710e-02   7.247748e-03   1.565935e-02   1.590698e-03   2.389441e-03   4.555025e-10   3.657275e-08   6.595357e-07   9.549616e-04   2.400000e+10   9.613446e-06   4.806723e-06  -1.919253e-06   1.088710e-02   7.247748e-03   1.565935e-02   5.996077e-06   7.460251e-07   7.477222e-06   3.053062e-06  -3.028380e-06  -2.147629e-06   5.700253e-05   6.828975e+00   6.237178e-01   7.760225e-02   7.777879e-01
            435            395   1.497500e-02   6.461327e-03   1.388392e-02   1.497500e-02   6.461327e-03   1.388392e-02   1.176083e-03   1.466491e-03   2.013197e-10   4.572796e-09   3.624835e-07   6.526648e-04   2.400000e+10   2.335202e-06   1.167601e-06   4.882800e-07   1.497500e-02   6.461327e-03   1.388392e-02   1.752476e-07  -5.162191e-07   2.270677e-06  -7.639298e-07  -8.721299e-07  -1.381766e-07   5.392117e-05   6.610916e+00   7.504604e-02  -2.210597e-01   9.723686e-01
            377            345   1.026676e-02   7.687391e-03   1.348458e-02   1.026676e-02   7.687391e-03   1.348458e-02   2.502745e-03   2.805292e-03   4.984080e-11   2.998610e-10   2.567573e-07   1.322698e-03   2.400000e+10   4.095037e-07   2.047519e-07  -2.255011e-06   1.026676e-02   7.687391e-03   1.348458e-02  -5.507547e-09  -1.766145e-07   3.694189e-07   1.875365e-07   7.212787e-08   3.938221e-08   9.135912e-05   2.291896e+01  -1.344932e-02  -4.312892e-01   9.021135e-01
            377            465   8.133779e-03   7.101294e-03   1.458908e-02   8.133779e-03   7.101294e-03   1.458908e-02   1.170716e-03   1.206821e-03   1.338207e-10   4.910680e-09   2.819974e-07   5.942473e-04   2.400000e+10   1.207587e-06   6.034730e-07  -5.742172e-08   8.133779e-03   7.101294e-03   1.458908e-02   1.174517e-06   2.373105e-07   1.498660e-07  -3.305506e-08  -2.015100e-07   5.678739e-07   3.741092e-05   1.352976e+01   9.726148e-01   1.965163e-01   1.241037e-01
            401            355   1.295499e-02   1.026179e-02   1.301713e-02   1.295499e-02   1.026179e-02   1.301713e-02   2.476469e-03   1.517210e-03   4.213334e-11   1.420186e-09   1.990974e-07   9.408176e-04   2.400000e+10   2.684365e-07   1.342183e-07  -2.786107e-08   1.295499e-02   1.026179e-02   1.301713e-02   1.803358e-08  -1.462489e-07   2.243752e-07   1.081465e-07   6.994528e-08   3.776948e-08   7.275629e-05   7.628016e+01   6.718006e-02  -5.448173e-01   8.358594e-01
            415            375   1.105480e-02   3.442651e-03   1.338313e-02   1.105480e-02   3.442651e-03   1.338313e-02   1.235027e-03   1.199101e-03   9.013971e-11   2.891826e-09   2.341814e-07   6.083994e-04   2.400000e+10   6.754895e-07   3.377448e-07   7.545474e-08   1.105480e-02   3.442651e-03   1.338313e-02   5.230734e-07   3.835337e-07   1.886325e-07  -2.168832e-07   2.412056e-07   9.409089e-08   6.708527e-05   1.625458e+01   7.743620e-01   5.677863e-01   2.792530e-01
            323             59   1.810135e-02   7.215806e-03   1.216229e-02   1.810135e-02   7.215806e-03   1.216229e-02   1.733226e-03   1.979154e-03   5.721460e-11   3.099036e-08   2.299295e-07   9.240222e-04   2.400000e+10   4.209703e-07   1.791203e-07  -7.462290e-08   1.810135e-02   7.215806e-03   1.216229e-02  -1.672106e-07   1.820149e-07   3.407744e-07  -1.643076e-07  -3.932630e-08  -5.950247e-08   7.142909e-05   7.064829e+01  -3.972027e-01   4.323700e-01   8.094975e-01
            393            371   1.053048e-02   5.374964e-03   1.210795e-02   1.053048e-02   5.374964e-03   1.210795e-02   1.174186e-03   9.384712e-04   5.834106e-11   7.186753e-09   1.744422e-07   5.215895e-04   2.400000e+10   3.256686e-07   1.628343e-07  -5.405663e-08   1.053048e-02   5.374964e-03   1.210795e-02   1.641479e-07   1.541168e-07   2.352945e-07  -8.615843e-08   1.352449e-07  -2.829402e-08   4.431179e-05   2.359766e+01   5.040336e-01   4.732319e-01   7.224969e-01
            345            304   9.391075e-03   8.367052e-03   1.090198e-02   9.391075e-03   8.367052e-03   1.090198e-02   2.797075e-03   2.262640e-03   3.159600e-10   4.148179e-09   6.286557e-07   1.250816e-03   2.400000e+10   6.356162e-06   2.451112e-06  -9.318114e-06   9.391075e-03   8.367052e-03   1.090198e-02   7.196492e-07   2.803926e-07   6.309064e-06  -1.492426e-06  -1.927368e-06   2.566515e-07   5.838576e-05   2.235455e+01   1.132207e-01   4.411351e-02   9.925901e-01
             60             76   1.572862e-02   1.593182e-02   1.725501e-03   1.572862e-02   1.593182e-02   1.725501e-03   1.936632e-03   2.343214e-03   4.572063e-11   6.983552e-08   2.201768e-07   1.060305e-03   2.400000e+10   3.221319e-07   1.610660e-07   3.610280e-09   1.572862e-02   1.593182e-02   1.725501e-03   2.841546e-07  -1.512084e-07  -1.269624e-08   6.704032e-08   1.316798e-07  -6.409572e-08   8.981346e-05   1.355566e+02   8.821062e-01  -4.693988e-01  -3.941316e-02
             76            137   1.349306e-02   1.451382e-02   2.797994e-03   1.349306e-02   1.451382e-02   2.797994e-03   9.322635e-04   9.373276e-04   1.043382e-10   1.113883e-08   2.208327e-07   4.673943e-04   2.400000e+10   7.373213e-07   6.982091e-08   5.213328e-06   1.349306e-02   1.451382e-02   2.797994e-03   3.666960e-07   5.973301e-07  -2.288526e-07   5.827043e-08  -3.801587e-08  -5.857496e-09   6.908308e-05   7.226760e-01   4.973354e-01   8.101354e-01  -3.103838e-01
            116             18   1.513406e-02   1.911053e-02   4.790567e-03   1.513406e-02   1.911053e-02   4.790567e-03   1.115809e-03   1.780884e-03   1.310820e-10   1.736092e-09   2.998701e-07   6.859983e-04   2.400000e+10   1.257843e-06   6.283141e-07   2.664916e-07   1.513406e-02   1.911053e-02   4.790567e-03   1.100222e-06   5.503151e-07   2.623614e-07   1.630057e-07  -4.939420e-07   3.524615e-07   3.627893e-05   3.906666e+00   8.746895e-01   4.375071e-01   2.085805e-01
            124              8   1.731604e-02   1.700848e-02   3.691289e-03   1.731604e-02   1.700848e-02   3.691290e-03   1.474022e-03   1.339681e-03   8.884637e-10   1.903420e-10   7.896478e-07   7.018223e-04   2.400000e+10   2.245035e-05   7.575423e-06  -1.292776e-05   1.731604e-02   1.700848e-02   3.691290e-03  -7.522830e-06  -1.233281e-05   1.718508e-05   2.260071e-06  -6.306568e-06  -3.536426e-06   3.653311e-05   5.670275e+00  -3.350874e-01  -5.493371e-01   7.654706e-01
            124            144   1.694630e-02   1.569867e-02   4.844695e-03   1.694630e-02   1.569867e-02   4.844695e-03   1.944547e-03   2.584863e-03   9.033562e-10   1.976090e-08   1.001236e-06   1.109722e-03   2.400000e+10   2.894314e-05   1.447157e-05   2.071820e-06   1.694630e-02   1.569867e-02   4.844695e-03   4.317775e-06   2.839375e-05  -3.585642e-06  -1.789868e-07  -1.786090e-06  -1.435981e-05   3.244405e-05   4.218196e+00   1.491813e-01   9.810185e-01  -1.238857e-01
            164             16   1.638143e-02   1.180739e-02   5.317090e-03   1.638143e-02   1.180739e-02   5.317091e-03   2.239627e-03   1.603121e-03   6.158121e-10   5.830668e-09   7.585325e-07   9.343298e-04   2.400000e+10   1.494763e-05   7.335527e-06  -7.739682e-06   1.638143e-02   1.180739e-02   5.317091e-03  -1.373123e-05   2.346499e-06   5.420221e-06  -2.339957e-06   1.811736e-06  -6.712091e-06   5.967424e-05   9.257109e+00  -9.186228e-01   1.569813e-01   3.626141e-01
            164            144   1.567935e-02   1.383386e-02   5.335400e-03   1.567935e-02   1.383386e-02   5.335400e-03   2.698350e-03   2.156750e-03   9.913763e-10   4.308245e-08   1.090107e-06   1.198671e-03   2.400000e+10   3.458261e-05   1.268380e-05  -8.152242e-06   1.567935e-02   1.383386e-02   5.335400e-03  -2.361106e-05  -2.296770e-05   1.053373e-05   5.711016e-06  -9.013633e-06  -6.856936e-06   4.433827e-05   1.087964e+01  -6.827438e-01  -6.641402e-01   3.045960e-01
            164            168   1.390707e-02   1.160129e-02   5.048785e-03   1.390707e-02   1.160129e-02   5.048785e-03   2.543774e-03   2.323117e-03   1.436392e-09   2.700380e-08   1.320643e-06   1.214222e-03   2.400000e+10   6.070275e-05   3.035137e-05  -1.743544e-05   1.390707e-02   1.160129e-02   5.048785e-03   4.307309e-05   3.629435e-05   2.263299e-05   8.657382e-07   1.533955e-05  -2.617546e-05   4.522528e-05   8.122000e+00   7.095740e-01   5.979030e-01   3.728495e-01
            164            208   1.504388e-02   1.142923e-02   7.152649e-03   1.504388e-02   1.142923e-02   7.152648e-03   1.970887e-03   2.340971e-03   2.316615e-10   3.135266e-08   4.978788e-07   1.070024e-03   2.400000e+10   3.690860e-06   1.845430e-06  -3.672674e-06   1.504388e-02   1.142923e-02   7.152648e-03   6.467683e-07   3.049631e-06  -1.975826e-06   1.598105e-06   2.387399e-07   8.914451e-07   7.365668e-05   5.589536e+00   1.752351e-01   8.262657e-01  -5.353295e-01
             95             39   1.098393e-02   1.322982e-02   1.508321e-03   1.098393e-02   1.322982e-02   1.508320e-03   1.892971e-03   1.361611e-03   1.443577e-09   7.339314e-08   1.069229e-06   7.919572e-04   2.400000e+10   4.939249e-05   2.469624e-05   6.564303e-07   1.098393e-02   1.322982e-02   1.508321e-03   4.303185e-07   4.931594e-05  -2.714898e-06   4.058842e-06  -1.375263e-06  -2.432157e-05   3.312356e-05   1.050750e+00   8.712225e-03   9.984502e-01  -5.496580e-02
            137            168   1.239688e-02   1.233867e-02   3.551157e-03   1.239688e-02   1.233867e-02   3.551156e-03   9.901228e-04   1.928257e-03   6.037901e-10   1.078726e-09   6.284910e-07   6.542024e-04   2.400000e+10   1.214325e-05   6.071626e-06   4.704749e-05   1.239688e-02   1.233867e-02   3.551156e-03   1.486262e-06   1.035622e-05  -6.164279e-06   2.833052e-06   2.719799e-06   4.630459e-06   4.320389e-05   2.723977e-01   1.223941e-01   8.528373e-01  -5.076300e-01
            168            232   1.151123e-02   1.021635e-02   5.066225e-03   1.151123e-02   1.021635e-02   5.066225e-03   2.973499e-03   7.821293e-04   2.327694e-09   1.740692e-07   1.200590e-06   6.192468e-04   2.400000e+10   8.942740e-05   4.471370e-05   1.895195e-05   1.151123e-02   1.021635e-02   5.066225e-03   7.954121e-05   3.324872e-05  -2.376929e-05  -1.669139e-05   4.142924e-05   2.080945e-06   1.848622e-05   7.815375e-01   8.894501e-01   3.717957e-01  -2.657943e-01
            114            200   1.265581e-02   1.575258e-02   5.030933e-03   1.265581e-02   1.575258e-02   5.030933e-03   2.051259e-03   6.397847e-04   6.389649e-11   5.032354e-10   1.765246e-07   4.876785e-04   2.400000e+10   3.609377e-07   1.029717e-07  -1.640984e-08   1.265581e-02   1.575258e-02   5.030933e-03  -3.223798e-07  -1.425122e-07  -7.770187e-08   1.970984e-08  -7.761815e-08   6.473104e-08   4.821064e-05   1.016314e+01  -8.931729e-01  -3.948387e-01  -2.152778e-01
             39            180   9.802339e-03   1.206784e-02   2.649317e-03   9.802340e-03   1.206784e-02   2.649316e-03   1.999243e-03   9.860104e-04   1.321866e-09   6.217021e-09   9.342791e-07   6.603374e-04   2.400000e+10   3.951973e-05   7.766957e-06   2.691092e-05   9.802340e-03   1.206784e-02   2.649317e-03   1.854949e-05  -1.247868e-05  -3.258847e-05   5.300794e-06   5.610078e-06   8.684655e-07   3.543514e-05   3.868758e+00   4.693728e-01  -3.157582e-01  -8.246126e-01
             39             72   1.263116e-02   9.761464e-03   1.242110e-03   1.263116e-02   9.761465e-03   1.242110e-03   1.218819e-03   2.170838e-03   1.002420e-09   6.693509e-08   8.845661e-07   7.805684e-04   2.400000e+10   2.837461e-05   1.008568e-05   1.781502e-06   1.263116e-02   9.761464e-03   1.242110e-03  -2.357750e-05   1.568640e-05  -1.776727e-06   1.243406e-06   2.952053e-06   9.563481e-06   4.922075e-05   5.678509e+02  -8.309366e-01   5.528323e-01  -6.261679e-02
            244            236   9.119619e-03   1.396052e-02   7.128260e-03   9.119619e-03   1.396052e-02   7.128260e-03   1.372753e-03   2.276695e-03   1.533279e-11   1.457080e-08   1.145897e-07   8.563872e-04   2.400000e+10   5.622339e-08   2.811169e-08  -4.989712e-09   9.119619e-03   1.396052e-02   7.128260e-03   2.608530e-08  -4.638589e-08  -1.813769e-08  -2.326697e-08  -7.701026e-09  -1.376988e-08   1.244957e-04   2.229056e+02   4.639582e-01  -8.250283e-01  -3.226005e-01
            300            268   1.672606e-02   1.275518e-02   1.201207e-02   1.672606e-02   1.275518e-02   1.201207e-02   1.412542e-03   1.311281e-03   3.458298e-09   1.822419e-08   1.533523e-06   6.800148e-04   2.400000e+10   1.697082e-04   8.485409e-05   3.584570e-04   1.672606e-02   1.275518e-02   1.201207e-02  -1.488505e-04  -1.820508e-05  -7.945423e-05   3.818011e-05  -4.451306e-05  -6.132767e-05   3.914003e-05   1.077713e-01  -8.770967e-01  -1.072729e-01  -4.681815e-01
            300            380   1.421036e-02   1.392071e-02   1.189688e-02   1.421036e-02   1.392071e-02   1.189688e-02   2.032880e-03   5.411031e-04   1.833991e-11   8.008608e-07   8.853023e-08   4.273523e-04   2.400000e+10   5.195635e-08   2.597818e-08  -2.559357e-06   1.421036e-02   1.392071e-02   1.189688e-02   8.425656e-09  -4.120097e-08  -3.051149e-08   1.100853e-08   1.541189e-08  -1.778065e-08   6.865634e-05   6.085404e-01   1.621680e-01  -7.929920e-01  -5.872523e-01
            324            352   1.207803e-02   1.340301e-02   1.202027e-02   1.207803e-02   1.340301e-02   1.202027e-02   9.323375e-04   1.139454e-03   4.187163e-11   5.404247e-09   1.465284e-07   5.127715e-04   2.400000e+10   1.963323e-07   9.816586e-08  -1.613350e-07   1.207803e-02   1.340301e-02   1.202027e-02  -7.933309e-08   1.439131e-08  -1.790126e-07   3.978296e-09   9.789562e-08   6.095740e-09   7.150859e-05   2.135564e+01  -4.040756e-01   7.330079e-02  -9.117839e-01
            364            162   1.069184e-02   1.861005e-02   1.554032e-02   1.069184e-02   1.861005e-02   1.554032e-02   1.454662e-03   1.421615e-03   1.138235e-10   4.685295e-07   2.860703e-07   7.189745e-04   2.400000e+10   1.041969e-06   5.209843e-07   1.465075e-07   1.069184e-02   1.861005e-02   1.554032e-02   7.341296e-07  -9.490481e-09   7.393661e-07   1.970579e-07  -4.384586e-07  -2.008653e-07   6.403775e-05   1.702214e+01   7.045602e-01  -9.108222e-03   7.095858e-01
            376            268   1.754668e-02   1.421755e-02   1.396968e-02   1.754668e-02   1.421756e-02   1.396970e-02   2.128653e-03   1.026827e-03   1.975371e-08   8.279908e-08   3.699071e-06   6.926864e-04   2.400000e+10   2.338252e-03   1.169126e-03  -5.617391e-04   1.754668e-02   1.421755e-02   1.396969e-02  -3.746340e-04   1.267905e-03   1.928598e-03  -6.066360e-04  -8.851511e-04   4.640651e-04   2.406950e-05   4.501670e-02  -1.602196e-01   5.422445e-01   8.248033e-01
            424            384   1.064039e-02   1.068645e-02   1.419635e-02   1.064039e-02   1.068645e-02   1.419635e-02   1.063271e-03   1.757414e-03   1.000169e-11   3.043357e-07   8.139890e-08   6.624659e-04   2.400000e+10   2.605206e-08   3.379452e-10  -2.488344e-09   1.064039e-02   1.068645e-02   1.419635e-02   2.529979e-08  -5.452765e-09   2.982860e-09  -6.848624e-12   1.371434e-10   3.087908e-10   6.486880e-05   1.060717e+03   9.711246e-01  -2.093027e-01   1.144961e-01
            360            346   1.016315e-02   1.148102e-02   1.193782e-02   1.016315e-02   1.148102e-02   1.193782e-02   1.105257e-03   2.331353e-03   1.415642e-10   5.254452e-11   3.257971e-07   7.497924e-04   2.400000e+10   1.475878e-06   3.156406e-07  -4.002575e-08   1.016315e-02   1.148102e-02   1.193782e-02   1.358473e-06  -6.735553e-08   5.729136e-07  -9.627888e-08  -2.225258e-07   2.020930e-07   6.000657e-05   1.284406e+01   9.204508e-01  -4.563759e-02   3.881849e-01
            355            401   1.295499e-02   1.026179e-02   1.301713e-02   1.295499e-02   1.026179e-02   1.301713e-02   1.517210e-03   2.476469e-03   4.213334e-11   1.420186e-09   1.990974e-07   9.408176e-04   2.400000e+10   2.684365e-07   1.342183e-07   2.786107e-08   1.295499e-02   1.026179e-02   1.301713e-02  -1.803358e-08   1.462489e-07  -2.243752e-07  -1.081465e-07  -6.994528e-08  -3.776948e-08   7.275629e-05   7.628016e+01  -6.718006e-02   5.448173e-01  -8.358594e-01
