              6

              1
             32
          pos_x          pos_y          pos_z       normal_x       normal_y       normal_z        tangt_x        tangt_y        tangt_z          pentr
   9.489260e-05   3.257574e-03   1.160512e-03  -1.169622e-04   0.000000e+00   0.000000e+00  -0.000000e+00  -7.381017e-07   3.916538e-05   1.793778e-09
   9.489260e-05   8.973092e-03   1.356813e-03  -2.931290e-04   0.000000e+00   0.000000e+00  -0.000000e+00  -6.417042e-05   1.190748e-04   2.211241e-09
   9.489260e-05   1.079279e-03   2.180124e-03  -7.259419e-05   0.000000e+00   0.000000e+00  -0.000000e+00   6.111640e-06   1.616976e-06   1.013331e-09
   9.489260e-05   6.486287e-03   5.894544e-04  -7.234784e-05   0.000000e+00   0.000000e+00  -0.000000e+00   9.614110e-06   2.726273e-05   1.203335e-09
   9.489260e-05   5.962603e-03   2.854278e-03  -7.093493e-06   0.000000e+00   0.000000e+00  -0.000000e+00   3.842038e-07   7.496687e-07   2.224434e-10
   9.489260e-05   8.924586e-03   5.246298e-03  -1.402405e-05   0.000000e+00   0.000000e+00  -0.000000e+00  -2.866177e-06   4.574256e-06   2.687039e-10
   9.489260e-05   1.448858e-03   6.369112e-03  -9.481142e-06   0.000000e+00   0.000000e+00  -0.000000e+00  -2.676456e-07  -3.986747e-06   3.084967e-10
   9.489260e-05   1.199836e-03   9.081188e-03  -2.177564e-04   0.000000e+00   0.000000e+00  -0.000000e+00   3.086231e-05   1.333569e-05   2.286563e-09
   9.489260e-05   3.541186e-03   9.708315e-03  -2.333585e-06   0.000000e+00   0.000000e+00  -0.000000e+00  -1.165616e-07   8.736642e-07   1.110451e-10
   9.489260e-05   6.650078e-03   1.068478e-02  -5.799296e-06   0.000000e+00   0.000000e+00  -0.000000e+00  -4.458999e-07  -8.908246e-07   1.879033e-10
   9.489260e-05   8.366415e-03   1.754409e-02  -5.044363e-04   0.000000e+00   0.000000e+00  -0.000000e+00  -8.730357e-06  -7.841505e-05   3.624856e-09
   9.489260e-05   5.951188e-03   1.546443e-02  -6.920423e-09   0.000000e+00   0.000000e+00  -0.000000e+00   2.591912e-10   8.760554e-10   1.674353e-12
   9.489260e-05   1.168408e-03   1.408591e-02  -2.474505e-04   0.000000e+00   0.000000e+00  -0.000000e+00   3.100166e-05  -1.278286e-05   2.735114e-09
   9.489260e-05   1.210757e-03   1.226278e-02  -8.786178e-05   0.000000e+00   0.000000e+00  -0.000000e+00   1.080430e-05  -2.612369e-06   1.408769e-09
   9.489260e-05   2.412504e-03   1.106269e-02  -7.241693e-10   0.000000e+00   0.000000e+00  -0.000000e+00  -1.573035e-10   1.007463e-10   5.660420e-13
   9.489260e-05   1.794159e-02   9.221282e-04  -7.817592e-04   0.000000e+00   0.000000e+00  -0.000000e+00  -1.038034e-04   3.033323e-04   5.277979e-09
   9.489260e-05   1.806385e-02   5.036636e-03  -2.258893e-04   0.000000e+00   0.000000e+00  -0.000000e+00  -5.978293e-05   6.278981e-05   2.259347e-09
   9.489260e-05   1.819403e-02   7.291157e-03  -1.911835e-04   0.000000e+00   0.000000e+00  -0.000000e+00  -2.838033e-05   5.649907e-05   2.145949e-09
   9.489260e-05   1.550548e-02   1.236028e-03  -9.273303e-05   0.000000e+00   0.000000e+00  -0.000000e+00  -6.385105e-07   2.344090e-06   1.351821e-09
   9.489260e-05   1.476699e-02   7.580019e-03  -4.767372e-10   0.000000e+00   0.000000e+00  -0.000000e+00   2.138344e-10  -4.707210e-11   3.589442e-13
   9.489260e-05   1.140401e-02   1.762282e-03  -9.912226e-11   0.000000e+00   0.000000e+00   0.000000e+00   4.261959e-22  -1.507189e-22   1.536890e-13
   9.489260e-05   1.585267e-02   4.561061e-03  -3.517019e-06   0.000000e+00   0.000000e+00  -0.000000e+00   3.112946e-07  -3.356265e-07   1.664318e-10
   9.489260e-05   1.263115e-02   7.052579e-04  -1.193857e-04   0.000000e+00   0.000000e+00  -0.000000e+00   1.047085e-05   4.251721e-05   1.888357e-09
   9.489260e-05   1.001384e-02   8.234164e-03  -6.229427e-12   0.000000e+00   0.000000e+00  -0.000000e+00   2.135792e-12  -7.698612e-13   2.429773e-14
   9.489260e-05   1.898224e-02   9.424946e-03  -1.006695e-04   0.000000e+00   0.000000e+00  -0.000000e+00  -2.333845e-05   1.472699e-07   1.283860e-09
   9.489260e-05   1.414859e-02   1.557996e-02  -4.710215e-09   0.000000e+00   0.000000e+00   0.000000e+00  -2.022773e-09  -1.206201e-09   1.447679e-12
   9.489260e-05   1.737639e-02   1.500287e-02  -8.542404e-04   0.000000e+00   0.000000e+00  -0.000000e+00  -1.026496e-04  -2.583532e-05   4.365908e-09
   9.489260e-05   1.439232e-02   1.224633e-02  -9.189544e-10   0.000000e+00   0.000000e+00  -0.000000e+00  -2.557113e-10   2.064534e-10   5.447613e-13
   9.489260e-05   1.646803e-02   1.228729e-02  -2.667131e-10   0.000000e+00   0.000000e+00  -0.000000e+00   4.383977e-11   9.645327e-11   2.411930e-13
   9.489260e-05   1.836441e-02   1.196673e-02  -3.306919e-04   0.000000e+00   0.000000e+00  -0.000000e+00  -1.049759e-04   1.520329e-05   2.951361e-09
   9.489260e-05   1.369887e-02   9.406441e-03  -1.081999e-06   0.000000e+00   0.000000e+00  -0.000000e+00   1.115386e-08  -5.403092e-07   6.059374e-11
   9.489260e-05   1.025840e-02   9.512881e-03  -1.264666e-09   0.000000e+00   0.000000e+00  -0.000000e+00  -1.878447e-10  -2.793291e-11   6.835147e-13
                                               -4.352437e-03   0.000000e+00   0.000000e+00   0.000000e+00  -4.013349e-04   5.640871e-04   1.222903e-09

              2
             13
          pos_x          pos_y          pos_z       normal_x       normal_y       normal_z        tangt_x        tangt_y        tangt_z          pentr
   1.990507e-02   3.286118e-03   3.453870e-03   1.168021e-03   0.000000e+00   0.000000e+00  -0.000000e+00   3.283552e-04   3.918098e-04   5.206376e-09
   1.990507e-02   6.903051e-03   2.203961e-03   4.162427e-04   0.000000e+00   0.000000e+00  -0.000000e+00   2.478204e-05   4.333534e-05   3.036243e-09
   1.990507e-02   2.337942e-03   6.577015e-03   2.067032e-07   0.000000e+00   0.000000e+00  -0.000000e+00  -1.089694e-08  -8.831508e-09   1.608388e-11
   1.990507e-02   1.212132e-03   9.250924e-03   2.494847e-04   0.000000e+00   0.000000e+00  -0.000000e+00   9.043748e-05   2.742135e-05   2.450299e-09
   1.990507e-02   9.589689e-03   1.162034e-03   9.740252e-06   0.000000e+00   0.000000e+00  -0.000000e+00   1.964148e-06  -1.566990e-06   2.479754e-10
   1.990507e-02   2.277049e-03   1.557339e-02   4.725383e-04   0.000000e+00   0.000000e+00  -0.000000e+00   1.807792e-04  -4.366717e-06   3.573352e-09
   1.990507e-02   1.919429e-02   1.226697e-03   6.929330e-05   0.000000e+00   0.000000e+00  -0.000000e+00  -2.088992e-05   1.500535e-05   1.243431e-09
   1.990507e-02   1.401082e-02   8.594335e-04   1.114113e-04   0.000000e+00   0.000000e+00  -0.000000e+00   2.002409e-07   2.050218e-05   1.676273e-09
   1.990507e-02   1.270634e-02   4.131292e-03   9.833933e-09   0.000000e+00   0.000000e+00  -0.000000e+00  -7.094449e-10  -2.549258e-09   2.241467e-12
   1.990507e-02   1.209523e-02   7.250716e-04   9.579459e-05   0.000000e+00   0.000000e+00  -0.000000e+00   1.687739e-05   2.979429e-05   1.581512e-09
   1.990507e-02   1.873677e-02   9.915209e-03   1.693982e-04   0.000000e+00   0.000000e+00  -0.000000e+00  -3.311538e-05  -9.761630e-06   1.552846e-09
   1.990507e-02   1.913517e-02   1.683687e-02   2.213005e-04   0.000000e+00   0.000000e+00  -0.000000e+00  -6.499199e-05   1.082708e-07   2.071192e-09
   1.990507e-02   1.109500e-02   1.268315e-02   4.268221e-09   0.000000e+00   0.000000e+00  -0.000000e+00   1.352563e-09  -4.289026e-10   1.422838e-12
                                                2.983446e-03   0.000000e+00   0.000000e+00   0.000000e+00   5.243881e-04   5.122695e-04   1.743019e-09

              3
             25
          pos_x          pos_y          pos_z       normal_x       normal_y       normal_z        tangt_x        tangt_y        tangt_z          pentr
   2.391287e-03   9.489490e-05   1.052987e-03   0.000000e+00  -2.934314e-04   0.000000e+00  -4.188338e-07  -0.000000e+00   1.745990e-05   3.091738e-09
   6.259497e-03   9.489490e-05   1.020023e-03   0.000000e+00  -2.751551e-04   0.000000e+00  -3.962685e-06  -0.000000e+00   3.747335e-05   2.904645e-09
   7.184934e-04   9.489490e-05   1.922645e-03   0.000000e+00  -1.097404e-04   0.000000e+00   5.017047e-05  -0.000000e+00  -2.087312e-05   1.822214e-09
   7.507738e-03   9.489490e-05   2.653018e-03   0.000000e+00  -2.141523e-05   0.000000e+00   2.866521e-06  -0.000000e+00   7.456035e-06   4.038794e-10
   1.490423e-03   9.489490e-05   8.537901e-03   0.000000e+00  -1.785719e-04   0.000000e+00   4.380189e-05  -0.000000e+00  -1.420501e-05   1.658740e-09
   9.523496e-04   9.489490e-05   4.185104e-03   0.000000e+00  -1.868492e-10   0.000000e+00   1.592477e-12  -0.000000e+00   1.606489e-11   2.228288e-13
   9.615949e-03   9.489490e-05   1.514615e-03   0.000000e+00  -5.254671e-04   0.000000e+00   5.031512e-05  -0.000000e+00   2.383902e-04   4.113270e-09
   8.106460e-03   9.489490e-05   9.336109e-03   0.000000e+00  -1.987467e-08   0.000000e+00   2.409237e-09  -0.000000e+00  -7.990432e-09   4.524453e-12
   4.002416e-03   9.489490e-05   1.562525e-02   0.000000e+00  -1.628269e-09   0.000000e+00  -2.166818e-10  -0.000000e+00  -5.940412e-11   9.208221e-13
   1.723037e-03   9.489490e-05   1.453926e-02   0.000000e+00  -1.624266e-04   0.000000e+00   2.204776e-05  -0.000000e+00   6.153535e-06   1.553249e-09
   5.410880e-03   9.489490e-05   1.373502e-02   0.000000e+00  -2.128308e-09   0.000000e+00  -9.941585e-10  -0.000000e+00   6.953952e-11   1.066198e-12
   1.038544e-03   9.489490e-05   1.252461e-02   0.000000e+00  -1.040083e-04   0.000000e+00   1.938680e-05  -0.000000e+00   5.381891e-06   1.745534e-09
   9.206674e-04   9.489490e-05   1.068536e-02   0.000000e+00  -7.891894e-06   0.000000e+00  -1.042133e-06  -0.000000e+00   2.272055e-06   2.440187e-10
   5.745930e-03   9.489490e-05   1.091390e-02   0.000000e+00  -3.628872e-06   0.000000e+00   1.531568e-06  -0.000000e+00  -8.571169e-07   1.652981e-10
   8.515064e-03   9.489490e-05   1.791540e-02   0.000000e+00  -9.168528e-05   0.000000e+00   1.106541e-05  -0.000000e+00  -3.586119e-05   1.488247e-09
   1.751817e-02   9.489490e-05   1.902569e-03   0.000000e+00  -3.777393e-04   0.000000e+00  -8.223063e-05  -0.000000e+00   9.239741e-05   2.911240e-09
   1.722030e-02   9.489490e-05   4.782132e-03   0.000000e+00  -1.785694e-06   0.000000e+00   2.736936e-07  -0.000000e+00   1.183595e-07   7.768191e-11
   1.857286e-02   9.489490e-05   8.909343e-03   0.000000e+00  -2.090581e-04   0.000000e+00  -9.905600e-05  -0.000000e+00  -2.535631e-05   1.874372e-09
   1.503802e-02   9.489490e-05   3.038752e-03   0.000000e+00  -1.055835e-04   0.000000e+00  -6.871390e-06  -0.000000e+00   4.086332e-06   1.202910e-09
   1.532298e-02   9.489490e-05   1.016785e-03   0.000000e+00  -9.927888e-04   0.000000e+00  -2.122622e-04  -0.000000e+00   2.197776e-04   7.510486e-09
   1.678930e-02   9.489490e-05   7.794659e-03   0.000000e+00  -2.095133e-09   0.000000e+00  -7.542325e-11  -0.000000e+00  -6.936307e-11   1.049351e-12
   1.425074e-02   9.489490e-05   9.022204e-03   0.000000e+00  -1.759582e-09   0.000000e+00   1.330019e-10  -0.000000e+00   1.321922e-10   7.768044e-13
   1.022631e-02   9.489490e-05   3.631542e-03   0.000000e+00  -2.518047e-05   0.000000e+00  -4.580786e-06  -0.000000e+00   2.767195e-06   4.325815e-10
   1.023697e-02   9.489490e-05   1.066250e-02   0.000000e+00  -1.509779e-06   0.000000e+00  -7.077220e-08  -0.000000e+00   3.115770e-07   7.898656e-11
   1.733291e-02   9.489490e-05   1.562644e-02   0.000000e+00  -4.006739e-04   0.000000e+00  -1.697371e-04  -0.000000e+00   3.481294e-06   2.854782e-09
                                                0.000000e+00  -3.887769e-03   0.000000e+00  -3.787720e-04   0.000000e+00   5.403662e-04   1.445697e-09

              4
             19
          pos_x          pos_y          pos_z       normal_x       normal_y       normal_z        tangt_x        tangt_y        tangt_z          pentr
   1.931661e-03   1.990507e-02   2.549544e-03   0.000000e+00   2.022695e-04   0.000000e+00   1.672024e-05  -0.000000e+00   2.622136e-05   1.849362e-09
   6.328453e-03   1.990507e-02   6.304082e-03   0.000000e+00   1.619506e-06   0.000000e+00   1.540838e-07  -0.000000e+00  -2.877084e-07   8.157177e-11
   3.942350e-03   1.990507e-02   4.326298e-03   0.000000e+00   2.458074e-04   0.000000e+00   1.243865e-06  -0.000000e+00   3.858921e-06   1.968813e-09
   7.869289e-03   1.990507e-02   2.737511e-03   0.000000e+00   1.723050e-06   0.000000e+00   1.363770e-07  -0.000000e+00  -4.007774e-08   8.389667e-11
   1.832817e-03   1.990507e-02   4.997991e-03   0.000000e+00   2.377494e-04   0.000000e+00   4.810207e-05  -0.000000e+00   2.645299e-05   2.427968e-09
   8.388606e-04   1.990507e-02   9.422423e-03   0.000000e+00   1.249786e-04   0.000000e+00   1.629018e-05  -0.000000e+00   5.364310e-08   1.755842e-09
   4.949374e-03   1.990507e-02   1.552282e-02   0.000000e+00   1.440876e-04   0.000000e+00   4.259477e-05  -0.000000e+00  -4.035613e-06   1.705357e-09
   2.360772e-03   1.990507e-02   1.562534e-02   0.000000e+00   5.754083e-04   0.000000e+00   1.730419e-04  -0.000000e+00   3.044128e-05   3.559054e-09
   1.719064e-03   1.990507e-02   1.142775e-02   0.000000e+00   2.756005e-04   0.000000e+00   4.474304e-05  -0.000000e+00  -1.813001e-05   2.471179e-09
   4.045337e-03   1.990507e-02   9.695284e-03   0.000000e+00   4.828539e-05   0.000000e+00   5.489101e-06  -0.000000e+00  -1.383455e-05   5.720104e-10
   1.907670e-02   1.990507e-02   7.167920e-04   0.000000e+00   5.947550e-05   0.000000e+00  -1.636680e-05  -0.000000e+00  -1.003435e-05   1.026541e-09
   1.565719e-02   1.990507e-02   1.073709e-03   0.000000e+00   9.105364e-05   0.000000e+00  -4.484798e-06  -0.000000e+00   1.864993e-05   1.213268e-09
   1.390366e-02   1.990507e-02   1.958464e-03   0.000000e+00   2.253215e-04   0.000000e+00   4.184785e-06  -0.000000e+00   9.909816e-05   2.193044e-09
   1.508359e-02   1.990507e-02   7.974854e-03   0.000000e+00   8.778309e-10   0.000000e+00   1.074448e-10  -0.000000e+00  -7.793378e-11   5.323068e-13
   1.174423e-02   1.990507e-02   2.090856e-03   0.000000e+00   8.134467e-09   0.000000e+00   4.460365e-10  -0.000000e+00   1.181812e-09   2.038640e-12
   1.147013e-02   1.990507e-02   9.136766e-03   0.000000e+00   5.672740e-09   0.000000e+00  -2.243755e-09   0.000000e+00   1.735096e-09   1.759273e-12
   1.025528e-02   1.990507e-02   1.227719e-03   0.000000e+00   9.254761e-05   0.000000e+00   6.054360e-06  -0.000000e+00   2.993060e-05   1.476211e-09
   1.908831e-02   1.990507e-02   1.027779e-02   0.000000e+00   2.436690e-04   0.000000e+00  -2.853169e-05  -0.000000e+00   1.261305e-05   2.554733e-09
   1.925943e-02   1.990507e-02   1.683732e-02   0.000000e+00   2.660829e-04   0.000000e+00  -8.571784e-05  -0.000000e+00  -1.764811e-07   2.654842e-09
                                                0.000000e+00   2.835694e-03   0.000000e+00   2.236519e-04   0.000000e+00   2.007840e-04   1.452528e-09

              5
             29
          pos_x          pos_y          pos_z       normal_x       normal_y       normal_z        tangt_x        tangt_y        tangt_z          pentr
   2.427674e-03   1.609327e-03   9.490985e-05   0.000000e+00   0.000000e+00  -1.846888e-04   2.353635e-06   9.231441e-05   0.000000e+00   1.667253e-09
   6.378851e-03   1.539165e-03   9.490985e-05   0.000000e+00   0.000000e+00  -2.077193e-04   5.515097e-06   1.037131e-04   0.000000e+00   1.772870e-09
   1.359154e-03   3.276607e-03   9.490985e-05   0.000000e+00   0.000000e+00  -9.842190e-05   2.914785e-05   3.961228e-07  -0.000000e+00   1.426277e-09
   1.233536e-03   9.652461e-03   9.490985e-05   0.000000e+00   0.000000e+00  -3.399283e-04   1.481680e-05   8.797840e-06  -0.000000e+00   2.685408e-09
   6.474811e-04   6.255262e-03   9.490985e-05   0.000000e+00   0.000000e+00  -1.515604e-04   5.640322e-05  -3.501183e-05  -0.000000e+00   1.841131e-09
   8.590242e-03   5.141444e-03   9.490985e-05   0.000000e+00   0.000000e+00  -5.862248e-12   1.539327e-12   7.468588e-13  -0.000000e+00   1.789775e-14
   9.294981e-03   2.349470e-03   9.490985e-05   0.000000e+00   0.000000e+00  -3.456444e-04  -5.915515e-06   4.643196e-05  -0.000000e+00   2.267096e-09
   1.142097e-03   1.832289e-02   9.490985e-05   0.000000e+00   0.000000e+00  -1.256465e-03   3.223402e-04  -5.803346e-05  -0.000000e+00   6.020448e-09
   4.168329e-03   1.865771e-02   9.490985e-05   0.000000e+00   0.000000e+00  -3.314370e-05   5.868963e-06   8.221617e-07  -0.000000e+00   5.659487e-10
   2.357764e-03   1.675123e-02   9.490985e-05   0.000000e+00   0.000000e+00  -6.579165e-05   1.421266e-05  -4.964729e-06  -0.000000e+00   1.055701e-09
   6.325184e-03   1.814986e-02   9.490985e-05   0.000000e+00   0.000000e+00  -3.614612e-11   2.305721e-13  -9.148609e-12  -0.000000e+00   6.266499e-14
   1.128054e-03   1.584701e-02   9.490985e-05   0.000000e+00   0.000000e+00  -1.018158e-04   3.276495e-05   1.065992e-05  -0.000000e+00   1.562755e-09
   7.013449e-03   1.488794e-02   9.490985e-05   0.000000e+00   0.000000e+00  -1.054530e-07  -2.324068e-08  -2.810795e-08  -0.000000e+00   1.300312e-11
   3.125937e-03   1.243294e-02   9.490985e-05   0.000000e+00   0.000000e+00  -1.372399e-09   6.051229e-11  -3.662790e-10  -0.000000e+00   7.149107e-13
   5.101949e-03   1.606829e-02   9.490985e-05   0.000000e+00   0.000000e+00  -1.551132e-04   3.067115e-05  -6.493161e-05  -0.000000e+00   1.454523e-09
   2.598455e-03   1.434891e-02   9.490985e-05   0.000000e+00   0.000000e+00  -1.927563e-06   7.920067e-07   1.722950e-07  -0.000000e+00   8.792473e-11
   1.043145e-03   1.248245e-02   9.490985e-05   0.000000e+00   0.000000e+00  -7.685719e-05   6.485088e-06  -9.750917e-07  -0.000000e+00   1.036924e-09
   7.151015e-03   1.088822e-02   9.490985e-05   0.000000e+00   0.000000e+00  -9.784913e-07   3.658922e-07   1.346155e-07  -0.000000e+00   5.057961e-11
   1.781306e-02   5.713336e-03   9.490985e-05   0.000000e+00   0.000000e+00  -3.900429e-04  -8.728874e-05  -4.928478e-05  -0.000000e+00   2.953336e-09
   1.695497e-02   2.041979e-03   9.490985e-05   0.000000e+00   0.000000e+00  -7.991722e-04  -1.037156e-04   3.486230e-04  -0.000000e+00   4.694344e-09
   1.836602e-02   3.840215e-03   9.490985e-05   0.000000e+00   0.000000e+00  -1.416920e-09  -6.630155e-10   2.194490e-10  -0.000000e+00   7.267663e-13
   1.509157e-02   1.316342e-03   9.490985e-05   0.000000e+00   0.000000e+00  -5.389991e-04  -1.415709e-04   1.150923e-04  -0.000000e+00   4.113749e-09
   1.424860e-02   3.185911e-03   9.490985e-05   0.000000e+00   0.000000e+00  -5.262762e-06  -1.180196e-06   6.481117e-07  -0.000000e+00   2.115456e-10
   1.392654e-02   6.945399e-03   9.490985e-05   0.000000e+00   0.000000e+00  -5.907263e-06  -3.886483e-07   7.764969e-07  -0.000000e+00   1.904206e-10
   1.910841e-02   1.398477e-02   9.490985e-05   0.000000e+00   0.000000e+00  -1.065047e-04  -1.390314e-05  -7.605216e-07  -0.000000e+00   1.577985e-09
   1.589528e-02   1.911787e-02   9.490985e-05   0.000000e+00   0.000000e+00  -1.131454e-04   7.401038e-06  -2.489234e-05  -0.000000e+00   1.658615e-09
   1.382995e-02   1.831705e-02   9.490985e-05   0.000000e+00   0.000000e+00  -2.660610e-04  -6.061593e-06  -1.328923e-04   0.000000e+00   2.714889e-09
   1.900230e-02   1.173960e-02   9.490985e-05   0.000000e+00   0.000000e+00  -6.684559e-05  -1.446969e-05  -5.649354e-06  -0.000000e+00   9.607662e-10
   1.003036e-02   1.891590e-02   9.490985e-05   0.000000e+00   0.000000e+00  -1.060199e-04  -1.974149e-06  -9.029196e-06  -0.000000e+00   1.757625e-09
                                                0.000000e+00   0.000000e+00  -5.418125e-03   1.526465e-04   3.421289e-04   0.000000e+00   1.529056e-09

              6
             10
          pos_x          pos_y          pos_z       normal_x       normal_y       normal_z        tangt_x        tangt_y        tangt_z          pentr
   1.964657e-03   8.513700e-03   1.898659e-02   0.000000e+00   0.000000e+00   3.881059e-04   1.333642e-04   9.998387e-06  -0.000000e+00   2.510541e-09
   6.126686e-03   8.333313e-03   1.898659e-02   0.000000e+00   0.000000e+00   2.564115e-09   1.422779e-10  -1.136469e-09  -0.000000e+00   1.176958e-12
   7.899876e-03   3.857511e-03   1.898659e-02   0.000000e+00   0.000000e+00   2.831548e-10  -1.288636e-10   5.863735e-11   0.000000e+00   3.126319e-13
   7.611318e-03   6.298493e-03   1.898659e-02   0.000000e+00   0.000000e+00   5.078639e-09   4.710136e-10   2.080754e-09  -0.000000e+00   1.984902e-12
   8.188580e-03   1.139771e-03   1.898659e-02   0.000000e+00   0.000000e+00   9.392310e-05  -8.125905e-06   2.628038e-05  -0.000000e+00   1.559178e-09
   6.080719e-03   1.840202e-02   1.898659e-02   0.000000e+00   0.000000e+00   3.305636e-04   1.585306e-04  -3.293267e-07  -0.000000e+00   2.532234e-09
   5.099125e-03   1.403356e-02   1.898659e-02   0.000000e+00   0.000000e+00   3.360767e-05   2.034174e-06  -6.002440e-06  -0.000000e+00   7.625574e-10
   1.569291e-02   7.555778e-03   1.898659e-02   0.000000e+00   0.000000e+00   2.031521e-09   6.066004e-11  -1.899037e-10  -0.000000e+00   7.325876e-13
   1.314763e-02   3.732944e-03   1.898659e-02   0.000000e+00   0.000000e+00   1.309253e-08   2.820011e-09   9.721900e-10  -0.000000e+00   2.506200e-12
   1.299839e-02   1.485841e-02   1.898659e-02   0.000000e+00   0.000000e+00   1.533106e-07  -2.155721e-08  -2.239125e-09  -0.000000e+00   1.499129e-11
                                                0.000000e+00   0.000000e+00   8.463766e-04   2.857849e-04   2.994654e-05   0.000000e+00   7.386214e-10

