              6

              1
             33
          pos_x          pos_y          pos_z       normal_x       normal_y       normal_z        tangt_x        tangt_y        tangt_z          pentr
   2.290536e-04   3.327987e-03   1.292911e-03  -2.527482e-04   0.000000e+00   0.000000e+00   0.000000e+00   1.838709e-05   1.250293e-04   2.987104e-09
   2.290536e-04   9.061696e-03   1.462500e-03  -6.292558e-04   0.000000e+00   0.000000e+00  -0.000000e+00  -6.748624e-05   2.446991e-04   3.629417e-09
   2.290536e-04   1.241810e-03   2.248961e-03  -3.962767e-09   0.000000e+00   0.000000e+00   0.000000e+00  -1.273131e-09   1.518229e-09   1.438266e-12
   2.290536e-04   3.870451e-03   2.698495e-03  -1.613656e-10   0.000000e+00   0.000000e+00  -0.000000e+00  -4.176753e-11   4.437156e-11   1.775141e-13
   2.290536e-04   6.287524e-03   7.603996e-04  -1.027110e-08   0.000000e+00   0.000000e+00   0.000000e+00   4.839052e-09   1.719730e-09   3.218629e-12
   2.290536e-04   1.517381e-03   6.408209e-03  -9.761577e-04   0.000000e+00   0.000000e+00  -0.000000e+00   4.526772e-04  -6.131345e-05   6.743245e-09
   2.290536e-04   6.083198e-03   5.546876e-03  -2.258329e-04   0.000000e+00   0.000000e+00  -0.000000e+00   4.916006e-05   3.704590e-05   1.909699e-09
   2.290536e-04   1.327973e-03   9.182843e-03  -4.055092e-04   0.000000e+00   0.000000e+00  -0.000000e+00   6.255073e-05   4.231690e-05   3.456705e-09
   2.290536e-04   1.259171e-03   4.148726e-03  -9.274592e-05   0.000000e+00   0.000000e+00  -0.000000e+00   1.977778e-05   3.273826e-06   1.283328e-09
   2.290536e-04   6.653910e-03   8.143436e-03  -3.885183e-09   0.000000e+00   0.000000e+00   0.000000e+00   1.896306e-09   4.215256e-10   1.613356e-12
   2.290536e-04   8.527025e-03   8.870246e-03  -2.013176e-12   0.000000e+00   0.000000e+00   0.000000e+00   3.134514e-27   7.088155e-27   9.533173e-15
   2.290536e-04   3.698267e-03   9.999867e-03  -1.207233e-04   0.000000e+00   0.000000e+00  -0.000000e+00  -5.915645e-06  -1.713711e-05   1.550058e-09
   2.290536e-04   8.472542e-03   1.740833e-02  -5.086540e-04   0.000000e+00   0.000000e+00  -0.000000e+00  -3.812977e-06  -3.229574e-05   3.630805e-09
   2.290536e-04   1.309443e-03   1.688019e-02  -9.595096e-05   0.000000e+00   0.000000e+00  -0.000000e+00   3.688733e-05  -1.069069e-05   1.458163e-09
   2.290536e-04   5.715845e-03   1.579863e-02  -3.596522e-05   0.000000e+00   0.000000e+00  -0.000000e+00   1.255134e-06   8.736581e-06   4.987699e-10
   2.290536e-04   1.260602e-03   1.406954e-02  -2.441872e-04   0.000000e+00   0.000000e+00  -0.000000e+00   7.047553e-05  -2.982295e-05   2.713340e-09
   2.290536e-04   7.195573e-03   1.313233e-02  -2.691877e-09   0.000000e+00   0.000000e+00  -0.000000e+00  -8.141334e-10   8.867489e-10   1.262147e-12
   2.290536e-04   1.331304e-03   1.222684e-02  -1.270978e-07   0.000000e+00   0.000000e+00  -0.000000e+00  -3.089312e-08   2.248552e-08   1.838853e-11
   2.290536e-04   1.785230e-02   1.048837e-03  -1.379924e-03   0.000000e+00   0.000000e+00  -0.000000e+00  -5.194113e-05   1.911671e-04   7.743147e-09
   2.290536e-04   1.424318e-02   5.117518e-03  -4.337753e-05   0.000000e+00   0.000000e+00  -0.000000e+00  -1.515939e-05  -9.396973e-06   8.920640e-10
   2.290536e-04   1.790756e-02   5.239792e-03  -2.960888e-04   0.000000e+00   0.000000e+00  -0.000000e+00  -9.749692e-06   7.129726e-06   2.675623e-09
   2.290536e-04   1.806535e-02   7.452612e-03  -5.001125e-04   0.000000e+00   0.000000e+00  -0.000000e+00  -1.445364e-04   7.152475e-05   4.077716e-09
   2.290536e-04   1.543445e-02   1.340710e-03  -8.978233e-05   0.000000e+00   0.000000e+00  -0.000000e+00  -8.541072e-06   2.695941e-05   1.322480e-09
   2.290536e-04   1.142293e-02   1.994970e-03  -1.402023e-09   0.000000e+00   0.000000e+00  -0.000000e+00   3.102336e-10   5.502879e-11   8.537738e-13
   2.290536e-04   1.574254e-02   9.001846e-03  -3.127136e-04   0.000000e+00   0.000000e+00  -0.000000e+00  -9.319359e-06   6.389412e-07   2.753873e-09
   2.290536e-04   1.254985e-02   8.253877e-04  -1.180013e-04   0.000000e+00   0.000000e+00  -0.000000e+00   7.804924e-06   2.383992e-05   1.839251e-09
   2.290536e-04   1.179868e-02   4.950785e-03  -8.516196e-05   0.000000e+00   0.000000e+00  -0.000000e+00   3.021165e-05   3.787749e-06   1.081717e-09
   2.290536e-04   1.347987e-02   6.729478e-03  -1.274827e-09   0.000000e+00   0.000000e+00   0.000000e+00  -1.820029e-10   6.108772e-10   7.127369e-13
   2.290536e-04   1.171396e-02   1.753588e-02  -2.287871e-04   0.000000e+00   0.000000e+00  -0.000000e+00  -1.280979e-05  -3.024154e-05   2.467429e-09
   2.290536e-04   1.406730e-02   1.554598e-02  -6.278377e-05   0.000000e+00   0.000000e+00  -0.000000e+00   3.323407e-08   3.379737e-06   8.100386e-10
   2.290536e-04   1.723446e-02   1.483209e-02  -6.091939e-04   0.000000e+00   0.000000e+00  -0.000000e+00  -2.848015e-04  -7.239287e-05   3.466963e-09
   2.290536e-04   1.429780e-02   1.236922e-02  -1.406744e-05   0.000000e+00   0.000000e+00  -0.000000e+00  -3.306130e-07   4.882440e-06   3.384599e-10
   2.290536e-04   1.021549e-02   1.002221e-02  -4.581956e-05   0.000000e+00   0.000000e+00  -0.000000e+00  -9.193785e-07   7.136834e-06   7.408749e-10
                                               -7.373695e-03   0.000000e+00   0.000000e+00   0.000000e+00   1.338713e-04   5.382846e-04   1.821150e-09

              2
             24
          pos_x          pos_y          pos_z       normal_x       normal_y       normal_z        tangt_x        tangt_y        tangt_z          pentr
   1.977008e-02   3.493635e-03   3.539089e-03   3.009977e-03   0.000000e+00   0.000000e+00  -0.000000e+00   8.468514e-04   1.080982e-03   9.784473e-09
   1.977008e-02   7.002277e-03   2.380509e-03   6.106543e-04   0.000000e+00   0.000000e+00  -0.000000e+00   1.252920e-04   6.884666e-05   3.901872e-09
   1.977008e-02   2.387732e-03   6.433581e-03   3.215755e-04   0.000000e+00   0.000000e+00  -0.000000e+00   9.802402e-05   7.140330e-07   2.205055e-09
   1.977008e-02   5.647413e-03   5.561667e-03   5.318765e-10   0.000000e+00   0.000000e+00  -0.000000e+00   8.412395e-11   2.190149e-11   3.637785e-13
   1.977008e-02   7.300826e-03   8.093505e-03   5.142595e-05   0.000000e+00   0.000000e+00  -0.000000e+00   5.106918e-06   1.210791e-06   8.175464e-10
   1.977008e-02   9.753318e-03   1.369487e-03   1.249708e-04   0.000000e+00   0.000000e+00  -0.000000e+00   3.569177e-05  -2.278013e-05   1.326841e-09
   1.977008e-02   1.352364e-03   9.600368e-03   2.791236e-04   0.000000e+00   0.000000e+00  -0.000000e+00   1.192720e-04   1.341718e-05   2.621270e-09
   1.977008e-02   2.379611e-03   1.519781e-02   4.713886e-04   0.000000e+00   0.000000e+00  -0.000000e+00   1.824597e-04   8.402806e-06   3.602282e-09
   1.977008e-02   4.824133e-03   1.558428e-02   9.302576e-10   0.000000e+00   0.000000e+00  -0.000000e+00   2.878077e-10   2.781438e-11   5.596322e-13
   1.977008e-02   1.150744e-03   1.267372e-02   1.389774e-09   0.000000e+00   0.000000e+00   0.000000e+00   8.654409e-23  -4.506174e-22   7.473501e-13
   1.977008e-02   4.450570e-03   1.109715e-02   7.186092e-10   0.000000e+00   0.000000e+00   0.000000e+00  -8.826832e-11   3.482937e-10   5.372994e-13
   1.977008e-02   1.910898e-02   1.343468e-03   2.220928e-04   0.000000e+00   0.000000e+00  -0.000000e+00  -4.686326e-05   3.249547e-05   2.743206e-09
   1.977008e-02   1.772219e-02   4.450954e-03   2.411842e-08   0.000000e+00   0.000000e+00  -0.000000e+00   1.649457e-09  -3.945634e-09   6.029167e-12
   1.977008e-02   1.808851e-02   5.871485e-03   1.862758e-04   0.000000e+00   0.000000e+00  -0.000000e+00  -1.435956e-05  -4.175443e-06   1.947613e-09
   1.977008e-02   1.399211e-02   9.819789e-04   5.257863e-04   0.000000e+00   0.000000e+00  -0.000000e+00  -3.565261e-06   7.884184e-06   4.751177e-09
   1.977008e-02   1.254109e-02   4.926295e-03   1.956548e-06   0.000000e+00   0.000000e+00  -0.000000e+00   4.784679e-08  -1.597747e-07   7.482153e-11
   1.977008e-02   1.207752e-02   8.138391e-04   1.003554e-04   0.000000e+00   0.000000e+00  -0.000000e+00   2.044337e-05   3.924428e-05   1.615697e-09
   1.977008e-02   1.535793e-02   7.983881e-03   2.893981e-08   0.000000e+00   0.000000e+00  -0.000000e+00   1.522477e-10  -5.563860e-09   4.838335e-12
   1.977008e-02   1.834035e-02   9.458316e-03   6.103807e-09   0.000000e+00   0.000000e+00  -0.000000e+00  -1.520193e-10  -9.484780e-10   1.760356e-12
   1.977008e-02   1.113034e-02   1.645306e-02   1.857838e-08   0.000000e+00   0.000000e+00  -0.000000e+00   6.411996e-09  -2.644644e-09   3.735252e-12
   1.977008e-02   1.474867e-02   1.686403e-02   4.289908e-04   0.000000e+00   0.000000e+00  -0.000000e+00  -2.736101e-05  -1.338246e-04   2.718006e-09
   1.977008e-02   1.904156e-02   1.670325e-02   2.216751e-04   0.000000e+00   0.000000e+00  -0.000000e+00  -3.519416e-06  -5.163079e-07   2.149082e-09
   1.977008e-02   1.265808e-02   1.472456e-02   5.114652e-09   0.000000e+00   0.000000e+00  -0.000000e+00  -5.405041e-10   6.035529e-10   1.782869e-12
   1.977008e-02   1.644604e-02   1.161352e-02   9.099515e-06   0.000000e+00   0.000000e+00  -0.000000e+00   1.913669e-06   9.767214e-07   2.865529e-10
                                                6.565435e-03   0.000000e+00   0.000000e+00   0.000000e+00   1.339442e-03   1.092706e-03   1.690244e-09

              3
             28
          pos_x          pos_y          pos_z       normal_x       normal_y       normal_z        tangt_x        tangt_y        tangt_z          pentr
   2.474996e-03   2.278671e-04   1.165595e-03   0.000000e+00  -2.079486e-04   0.000000e+00  -1.515161e-06  -0.000000e+00   5.471329e-06   2.470143e-09
   6.218465e-03   2.278671e-04   1.120916e-03   0.000000e+00  -3.876085e-04   0.000000e+00  -4.602025e-06  -0.000000e+00   1.256294e-04   3.664432e-09
   7.363671e-03   2.278671e-04   2.906186e-03   0.000000e+00  -4.517589e-04   0.000000e+00   6.162282e-05  -0.000000e+00   9.434025e-05   3.029740e-09
   4.109551e-03   2.278671e-04   2.293471e-03   0.000000e+00  -1.431963e-04   0.000000e+00   3.406360e-05  -0.000000e+00   2.416359e-05   1.720849e-09
   1.855925e-03   2.278671e-04   6.516153e-03   0.000000e+00  -7.427617e-04   0.000000e+00   1.619076e-04  -0.000000e+00   3.833742e-05   4.921616e-09
   1.613283e-03   2.278671e-04   8.643035e-03   0.000000e+00  -4.514830e-04   0.000000e+00   1.283380e-04  -0.000000e+00   5.049426e-05   3.080486e-09
   1.053083e-03   2.278671e-04   3.971106e-03   0.000000e+00  -1.160775e-04   0.000000e+00   3.849653e-05  -0.000000e+00  -8.411549e-06   1.728567e-09
   4.074154e-03   2.278671e-04   8.190327e-03   0.000000e+00  -1.635117e-09   0.000000e+00  -2.147088e-10  -0.000000e+00   3.609491e-10   8.270491e-13
   9.529178e-03   2.278671e-04   1.670118e-03   0.000000e+00  -6.423856e-04   0.000000e+00  -4.945609e-06  -0.000000e+00   2.288338e-05   4.702684e-09
   8.161554e-03   2.278671e-04   9.407712e-03   0.000000e+00  -7.000218e-05   0.000000e+00   4.903356e-06  -0.000000e+00   3.044546e-05   1.046449e-09
   1.261513e-03   2.278671e-04   1.719483e-02   0.000000e+00  -1.007829e-04   0.000000e+00   4.181659e-06  -0.000000e+00   1.169629e-06   1.520002e-09
   4.191384e-03   2.278671e-04   1.550062e-02   0.000000e+00  -1.769204e-04   0.000000e+00   5.100050e-05  -0.000000e+00   5.615520e-05   2.135959e-09
   1.819948e-03   2.278671e-04   1.450618e-02   0.000000e+00  -1.578107e-04   0.000000e+00   5.804358e-05  -0.000000e+00   1.576271e-05   1.509466e-09
   2.686437e-03   2.278671e-04   1.285397e-02   0.000000e+00  -3.238921e-08   0.000000e+00   3.203806e-09  -0.000000e+00   2.588476e-09   7.239165e-12
   1.209959e-03   2.278671e-04   1.087060e-02   0.000000e+00  -2.315244e-05   0.000000e+00  -1.682004e-06  -0.000000e+00   8.084574e-06   4.820406e-10
   8.286517e-03   2.278671e-04   1.763215e-02   0.000000e+00  -1.043074e-04   0.000000e+00   4.847983e-06  -0.000000e+00  -3.448888e-05   1.523464e-09
   1.838370e-02   2.278671e-04   6.417791e-03   0.000000e+00  -5.046871e-04   0.000000e+00  -1.604769e-04  -0.000000e+00  -2.498147e-06   4.013284e-09
   1.739401e-02   2.278671e-04   2.041465e-03   0.000000e+00  -1.128285e-03   0.000000e+00  -4.092142e-05  -0.000000e+00   3.130777e-04   6.014825e-09
   1.698995e-02   2.278671e-04   4.913921e-03   0.000000e+00  -1.331839e-03   0.000000e+00  -3.403238e-04  -0.000000e+00   4.547279e-04   6.373834e-09
   1.496374e-02   2.278671e-04   3.232614e-03   0.000000e+00  -9.261664e-04   0.000000e+00  -7.222342e-05  -0.000000e+00   1.226111e-04   5.142102e-09
   1.521537e-02   2.278671e-04   1.065380e-03   0.000000e+00  -3.748720e-04   0.000000e+00  -8.466102e-06  -0.000000e+00   1.493149e-04   3.930280e-09
   1.100738e-02   2.278671e-04   6.445296e-03   0.000000e+00  -3.299180e-05   0.000000e+00   6.655877e-06  -0.000000e+00   3.784583e-06   6.386629e-10
   1.438467e-02   2.278671e-04   9.467285e-03   0.000000e+00  -4.563563e-05   0.000000e+00  -1.354597e-06  -0.000000e+00  -1.089755e-05   6.809656e-10
   1.003407e-02   2.278671e-04   3.949624e-03   0.000000e+00  -1.594895e-04   0.000000e+00  -1.843967e-07  -0.000000e+00   6.334350e-06   1.498782e-09
   1.837297e-02   2.278671e-04   9.474866e-03   0.000000e+00  -2.246801e-04   0.000000e+00  -7.448078e-05  -0.000000e+00  -6.538556e-06   1.914123e-09
   1.723084e-02   2.278671e-04   1.509770e-02   0.000000e+00  -3.973430e-04   0.000000e+00  -6.516385e-05  -0.000000e+00  -2.322063e-06   2.868046e-09
   1.383302e-02   2.278671e-04   1.512993e-02   0.000000e+00  -2.353730e-06   0.000000e+00   1.606116e-07  -0.000000e+00   7.260375e-07   9.798827e-11
   1.657972e-02   2.278671e-04   9.755724e-03   0.000000e+00  -9.750193e-12   0.000000e+00   1.054742e-12  -0.000000e+00   6.111013e-14   3.454005e-14
                                                0.000000e+00  -8.904573e-03   0.000000e+00  -2.221150e-04   0.000000e+00   1.458360e-03   2.382746e-09

              4
             23
          pos_x          pos_y          pos_z       normal_x       normal_y       normal_z        tangt_x        tangt_y        tangt_z          pentr
   2.185536e-03   1.977008e-02   2.686223e-03   0.000000e+00   2.247958e-04   0.000000e+00   2.236286e-05  -0.000000e+00   3.452258e-05   2.011698e-09
   6.328860e-03   1.977008e-02   6.406854e-03   0.000000e+00   1.166253e-04   0.000000e+00   2.671181e-06  -0.000000e+00   1.956444e-06   1.428395e-09
   4.229630e-03   1.977008e-02   4.634356e-03   0.000000e+00   1.740346e-04   0.000000e+00   3.823744e-05   0.000000e+00   7.816588e-05   1.563907e-09
   7.786391e-03   1.977008e-02   2.862861e-03   0.000000e+00   2.821358e-04   0.000000e+00   2.324480e-05  -0.000000e+00   1.914463e-05   2.527241e-09
   1.967538e-03   1.977008e-02   5.183190e-03   0.000000e+00   2.682780e-04   0.000000e+00   9.740598e-05  -0.000000e+00   8.551098e-05   2.624144e-09
   1.754949e-03   1.977008e-02   7.364971e-03   0.000000e+00   3.414953e-04   0.000000e+00   8.837050e-05  -0.000000e+00   4.029429e-05   3.360667e-09
   5.061029e-03   1.977008e-02   1.493423e-03   0.000000e+00   5.761899e-04   0.000000e+00   1.641934e-04  -0.000000e+00   1.448062e-04   3.689061e-09
   8.332907e-03   1.977008e-02   9.270232e-03   0.000000e+00   3.672185e-09   0.000000e+00   8.392102e-11  -0.000000e+00  -1.279139e-09   1.191273e-12
   7.599746e-03   1.977008e-02   1.635432e-02   0.000000e+00   4.404254e-08   0.000000e+00  -1.397049e-08  -0.000000e+00   5.403686e-09   8.742972e-12
   2.516659e-03   1.977008e-02   1.547273e-02   0.000000e+00   6.719485e-04   0.000000e+00   1.697670e-04  -0.000000e+00   4.588330e-05   3.918934e-09
   1.974654e-03   1.977008e-02   1.178061e-02   0.000000e+00   4.347530e-09   0.000000e+00  -3.109711e-10  -0.000000e+00   7.985338e-10   1.567520e-12
   4.411891e-03   1.977008e-02   9.671632e-03   0.000000e+00   4.106158e-04   0.000000e+00   1.113312e-04  -0.000000e+00   4.787008e-05   2.407311e-09
   1.893279e-02   1.977008e-02   8.559275e-04   0.000000e+00   3.875157e-04   0.000000e+00  -1.009928e-04  -0.000000e+00   1.294033e-04   3.390722e-09
   1.840930e-02   1.977008e-02   6.370007e-03   0.000000e+00   2.298848e-04   0.000000e+00  -1.037300e-04  -0.000000e+00   3.801877e-05   2.578212e-09
   1.759821e-02   1.977008e-02   2.682073e-03   0.000000e+00   6.586060e-04   0.000000e+00   6.279888e-06  -0.000000e+00   1.361261e-04   4.297084e-09
   1.403046e-02   1.977008e-02   2.059969e-03   0.000000e+00   2.287729e-04   0.000000e+00   3.855498e-06  -0.000000e+00   3.684668e-05   2.238394e-09
   1.519721e-02   1.977008e-02   7.117111e-03   0.000000e+00   1.428533e-09   0.000000e+00   5.935131e-23   0.000000e+00  -4.386933e-22   7.819544e-13
   1.146853e-02   1.977008e-02   9.500819e-03   0.000000e+00   9.653529e-06   0.000000e+00  -5.748547e-07  -0.000000e+00   3.553641e-06   2.391682e-10
   1.022014e-02   1.977008e-02   1.372140e-03   0.000000e+00   8.923945e-05   0.000000e+00   3.015116e-06  -0.000000e+00   1.439086e-05   1.410101e-09
   1.474825e-02   1.977008e-02   1.782584e-02   0.000000e+00   6.998071e-08   0.000000e+00   1.561671e-08  -0.000000e+00  -2.234620e-10   9.713029e-12
   1.072322e-02   1.977008e-02   1.819589e-02   0.000000e+00   1.140049e-04   0.000000e+00   5.789914e-06  -0.000000e+00  -2.026610e-05   1.901784e-09
   1.911453e-02   1.977008e-02   1.682325e-02   0.000000e+00   2.532309e-04   0.000000e+00  -5.120918e-05  -0.000000e+00   9.680490e-06   2.540547e-09
   1.675677e-02   1.977008e-02   1.323709e-02   0.000000e+00   6.856456e-09   0.000000e+00  -1.692612e-11  -0.000000e+00   1.103000e-10   1.702992e-12
                                                0.000000e+00   5.037157e-03   0.000000e+00   4.800193e-04   0.000000e+00   8.459130e-04   1.832655e-09

              5
             33
          pos_x          pos_y          pos_z       normal_x       normal_y       normal_z        tangt_x        tangt_y        tangt_z          pentr
   2.599795e-03   1.702427e-03   2.264366e-04   0.000000e+00   0.000000e+00  -3.190728e-04   1.644737e-05   1.388813e-04  -0.000000e+00   2.427676e-09
   6.280840e-03   1.624374e-03   2.264366e-04   0.000000e+00   0.000000e+00  -8.591963e-04  -1.377264e-04   3.228720e-04  -0.000000e+00   4.588016e-09
   1.506110e-03   3.371937e-03   2.264366e-04   0.000000e+00   0.000000e+00  -1.635511e-04   3.804588e-06   4.369843e-07  -0.000000e+00   1.977532e-09
   1.320820e-03   9.629073e-03   2.264366e-04   0.000000e+00   0.000000e+00  -6.807264e-04   5.470964e-05   4.418770e-05  -0.000000e+00   4.265177e-09
   7.827483e-04   6.545488e-03   2.264366e-04   0.000000e+00   0.000000e+00  -6.018296e-09   2.373595e-09  -1.849600e-09   0.000000e+00   2.154259e-12
   2.555959e-03   5.090945e-03   2.264366e-04   0.000000e+00   0.000000e+00  -2.446912e-10   3.537603e-11  -1.090107e-10  -0.000000e+00   2.460807e-13
   4.434436e-03   6.535390e-03   2.264366e-04   0.000000e+00   0.000000e+00  -3.530308e-10  -1.232617e-10  -6.224823e-13  -0.000000e+00   3.585206e-13
   5.269285e-03   3.524927e-03   2.264366e-04   0.000000e+00   0.000000e+00  -1.379013e-09  -1.738542e-10  -1.240826e-10  -0.000000e+00   7.104700e-13
   8.477514e-03   5.032047e-03   2.264366e-04   0.000000e+00   0.000000e+00  -1.400754e-04   7.709035e-07   3.150817e-07  -0.000000e+00   1.556404e-09
   9.206128e-03   2.510880e-03   2.264366e-04   0.000000e+00   0.000000e+00  -9.617652e-04  -4.060971e-05   2.137311e-04  -0.000000e+00   4.497449e-09
   1.292984e-03   1.817979e-02   2.264366e-04   0.000000e+00   0.000000e+00  -1.797371e-03   7.387162e-04  -1.561325e-04  -0.000000e+00   7.566062e-09
   4.284995e-03   1.851455e-02   2.264366e-04   0.000000e+00   0.000000e+00  -2.883160e-04  -1.274052e-05  -1.115560e-04  -0.000000e+00   2.415760e-09
   2.602519e-03   1.665333e-02   2.264366e-04   0.000000e+00   0.000000e+00  -1.696116e-10   4.733671e-11   3.059094e-13  -0.000000e+00   1.888000e-13
   6.650169e-03   1.810764e-02   2.264366e-04   0.000000e+00   0.000000e+00  -1.119081e-09  -1.717112e-10  -4.574211e-11  -0.000000e+00   6.270242e-13
   1.242616e-03   1.579771e-02   2.264366e-04   0.000000e+00   0.000000e+00  -9.915165e-05   3.793754e-05   1.359228e-05  -0.000000e+00   1.536200e-09
   7.016213e-03   1.490438e-02   2.264366e-04   0.000000e+00   0.000000e+00  -6.656134e-09  -8.220463e-11  -3.327052e-09   0.000000e+00   2.038212e-12
   3.284780e-03   1.253435e-02   2.264366e-04   0.000000e+00   0.000000e+00  -2.598946e-09  -1.341203e-10  -8.929739e-11  -0.000000e+00   1.087987e-12
   5.196331e-03   1.591708e-02   2.264366e-04   0.000000e+00   0.000000e+00  -1.977495e-04   3.379909e-05  -8.016410e-05  -0.000000e+00   1.723211e-09
   9.154426e-03   1.334022e-02   2.264366e-04   0.000000e+00   0.000000e+00  -1.990497e-04   2.232670e-05  -7.706674e-05  -0.000000e+00   1.988177e-09
   1.130673e-03   1.235799e-02   2.264366e-04   0.000000e+00   0.000000e+00  -7.714766e-05   8.877082e-06  -1.841511e-06  -0.000000e+00   1.037626e-09
   1.766908e-02   5.830830e-03   2.264366e-04   0.000000e+00   0.000000e+00  -1.226271e-03  -3.460940e-04   1.048993e-04  -0.000000e+00   6.386039e-09
   1.683244e-02   2.178464e-03   2.264366e-04   0.000000e+00   0.000000e+00  -2.511305e-03  -6.542322e-04   9.045716e-04  -0.000000e+00   1.003721e-08
   1.495489e-02   1.385861e-03   2.264366e-04   0.000000e+00   0.000000e+00  -2.257179e-04  -8.275926e-06   1.619499e-05  -0.000000e+00   2.237602e-09
   1.384962e-02   7.299421e-03   2.264366e-04   0.000000e+00   0.000000e+00  -1.765402e-10   5.560479e-11   5.077130e-11  -0.000000e+00   1.848393e-13
   1.109136e-02   6.374896e-03   2.264366e-04   0.000000e+00   0.000000e+00  -6.484874e-05  -1.331628e-05   1.933061e-05  -0.000000e+00   8.223613e-10
   1.096122e-02   8.439494e-03   2.264366e-04   0.000000e+00   0.000000e+00  -3.289695e-05   2.781659e-07  -1.546894e-05  -0.000000e+00   7.438616e-10
   1.877635e-02   1.753424e-02   2.264366e-04   0.000000e+00   0.000000e+00  -2.652214e-10   4.949215e-11  -4.782690e-12  -0.000000e+00   2.618066e-13
   1.863015e-02   1.926286e-02   2.264366e-04   0.000000e+00   0.000000e+00  -2.579927e-04  -2.036627e-05  -3.699784e-05  -0.000000e+00   2.965413e-09
   1.898387e-02   1.395489e-02   2.264366e-04   0.000000e+00   0.000000e+00  -4.203306e-04  -4.744995e-05  -1.912075e-05  -0.000000e+00   3.968923e-09
   1.382457e-02   1.812691e-02   2.264366e-04   0.000000e+00   0.000000e+00  -2.549032e-04  -8.839221e-06  -6.968671e-05  -0.000000e+00   2.571655e-09
   1.893389e-02   1.177396e-02   2.264366e-04   0.000000e+00   0.000000e+00  -7.119824e-05  -1.067216e-05  -3.853706e-06  -0.000000e+00   9.959044e-10
   1.501359e-02   1.404264e-02   2.264366e-04   0.000000e+00   0.000000e+00  -1.789316e-10   8.421349e-11   1.083451e-11  -0.000000e+00   1.970447e-13
   9.974725e-03   1.879777e-02   2.264366e-04   0.000000e+00   0.000000e+00  -1.052204e-04  -9.406512e-06  -3.726863e-05  -0.000000e+00   1.749695e-09
                                                0.000000e+00   0.000000e+00  -1.095388e-02  -3.920599e-04   1.169850e-03   0.000000e+00   2.062606e-09

              6
             17
          pos_x          pos_y          pos_z       normal_x       normal_y       normal_z        tangt_x        tangt_y        tangt_z          pentr
   2.096608e-03   8.634011e-03   1.885160e-02   0.000000e+00   0.000000e+00   3.937165e-04   9.895238e-05   8.201404e-06  -0.000000e+00   2.523434e-09
   2.454813e-03   3.296353e-03   1.885160e-02   0.000000e+00   0.000000e+00   2.854333e-04  -1.355843e-05  -3.015513e-06  -0.000000e+00   1.976504e-09
   4.457662e-03   6.709482e-03   1.885160e-02   0.000000e+00   0.000000e+00   1.680446e-08   4.459511e-09  -6.843486e-09  -0.000000e+00   4.080028e-12
   8.441489e-03   4.639010e-03   1.885160e-02   0.000000e+00   0.000000e+00   3.870551e-09   7.587953e-10  -1.050303e-10  -0.000000e+00   1.473897e-12
   5.735978e-03   4.589936e-03   1.885160e-02   0.000000e+00   0.000000e+00   1.197870e-04   1.938901e-05  -1.251366e-05  -0.000000e+00   1.272837e-09
   7.893315e-03   6.649927e-03   1.885160e-02   0.000000e+00   0.000000e+00   7.062156e-05   7.440474e-06   2.136571e-05  -0.000000e+00   1.106138e-09
   8.117995e-03   1.352762e-03   1.885160e-02   0.000000e+00   0.000000e+00   1.160355e-04  -2.194224e-06   1.740806e-05  -0.000000e+00   1.741014e-09
   7.579230e-03   9.821416e-03   1.885160e-02   0.000000e+00   0.000000e+00   2.433267e-05  -3.129569e-07  -9.571570e-07  -0.000000e+00   4.395464e-10
   1.936702e-03   1.229483e-02   1.885160e-02   0.000000e+00   0.000000e+00   1.768676e-04   6.512806e-05   2.291028e-05  -0.000000e+00   1.711543e-09
   2.841431e-03   1.558641e-02   1.885160e-02   0.000000e+00   0.000000e+00   4.086996e-09   6.425921e-10  -4.192709e-10  -0.000000e+00   1.102209e-12
   6.242461e-03   1.820117e-02   1.885160e-02   0.000000e+00   0.000000e+00   2.292925e-10  -4.014519e-11  -1.030511e-10  -0.000000e+00   1.953611e-13
   4.416003e-03   1.287066e-02   1.885160e-02   0.000000e+00   0.000000e+00   1.518470e-08  -6.853853e-20   3.265472e-20   0.000000e+00   3.843165e-12
   4.374666e-03   1.081080e-02   1.885160e-02   0.000000e+00   0.000000e+00   2.070715e-05  -3.937488e-06   8.781105e-06  -0.000000e+00   4.267725e-10
   1.075166e-02   7.213589e-03   1.885160e-02   0.000000e+00   0.000000e+00   1.709484e-07  -6.027398e-08   2.457123e-08  -0.000000e+00   1.429000e-11
   1.796332e-02   1.141200e-02   1.885160e-02   0.000000e+00   0.000000e+00   1.005954e-09   6.048423e-11  -3.323625e-11  -0.000000e+00   5.779439e-13
   1.053220e-02   1.880277e-02   1.885160e-02   0.000000e+00   0.000000e+00   7.576024e-05  -5.067244e-07  -2.702092e-06  -0.000000e+00   1.123731e-09
   1.839232e-02   1.513590e-02   1.885160e-02   0.000000e+00   0.000000e+00   6.029052e-04  -2.747582e-04   7.734875e-05  -0.000000e+00   4.344601e-09
                                                0.000000e+00   0.000000e+00   1.886379e-03  -1.044125e-04   1.368440e-04   0.000000e+00   9.818637e-10

