     iteration=        2999999       process=              0       (i,j,k)=              0              0              0       (x,y,z)=   5.074936e-03   5.074938e-03   4.845329e-03     particles=             72
fabric=[ ...   
   3.428102e-01  -3.942904e-02  -3.248321e-02;
  -3.942904e-02   3.246878e-01   3.350125e-03;
  -3.248321e-02   3.350125e-03   3.175766e-01]
sigma=[ ...    
  -1.349043e+02   7.513815e+00   3.859940e+01;
   1.019477e+01  -9.654743e+01   7.996081e+00;
   3.407194e+01   4.838419e+00  -1.055222e+02]
sigmaDot=[ ... 
   8.647550e+04   1.446325e+05  -5.830351e+05;
  -8.204441e+05   7.016927e+04   5.838029e+03;
  -1.170598e+05   9.820870e+05  -1.303315e+05]
intgraE=[ ...  
   1.532070e-02  -1.224340e-02   1.613701e-02;
  -1.224340e-02  -4.576373e-03  -1.176660e-02;
   1.613701e-02  -1.176660e-02   2.076519e-02]
E=[ ...        
   3.434854e-02   2.514302e-03   2.191863e-03;
   2.514302e-03  -7.974403e-03  -8.959257e-03;
   2.191863e-03  -8.959257e-03   1.437749e-02]
e=[ ...        
   3.202706e-02   3.133757e-03   2.143719e-03;
   3.133757e-03  -8.452750e-03  -8.483592e-03;
   2.143719e-03  -8.483592e-03   1.408161e-02]
intgraF=[ ...  
   1.015182e+00  -2.720827e-02   2.579338e-02;
   3.288245e-03   9.947781e-01   5.141282e-04;
   5.966650e-03  -2.288004e-02   1.020228e+00]
F=[ ...        
   1.033588e+00  -1.393903e-02   1.788027e-03;
   1.965837e-02   9.915997e-01   6.736068e-03;
   2.369453e-03  -2.422779e-02   1.014252e+00]
R=[ ...        
   9.998626e-01  -1.656843e-02  -5.038872e-04;
   1.657423e-02   9.997438e-01   1.541305e-02;
   2.483882e-04  -1.541928e-02   9.998811e-01]
U=[ ...        
   1.033773e+00   2.491863e-03   2.151355e-03;
   2.491863e-03   9.919502e-01  -8.934312e-03;
   2.151355e-03  -8.934312e-03   1.014234e+00]
l=[ ...        
   9.891619e-03   7.166902e-04   2.047828e-02;
   2.605651e-02  -1.576246e-02  -2.064269e-02;
   1.062196e-02   2.814739e-02   6.055401e-03]
d=[ ...        
   9.891619e-03   1.338660e-02   1.555012e-02;
   1.338660e-02  -1.576246e-02   3.752347e-03;
   1.555012e-02   3.752347e-03   6.055401e-03]
     iteration=        2999999       process=              1       (i,j,k)=              0              0              1       (x,y,z)=   5.074936e-03   5.074938e-03   1.423617e-02     particles=             54
fabric=[ ...   
   3.124879e-01  -2.782051e-02  -2.765868e-02;
  -2.782051e-02   3.765563e-01   2.851531e-02;
  -2.765868e-02   2.851531e-02   2.948268e-01]
sigma=[ ...    
  -4.509311e+01   7.811617e+00   1.280495e+01;
   7.290887e+00  -3.492090e+01  -3.480571e+00;
   9.922948e+00  -3.930640e+00  -5.183871e+01]
sigmaDot=[ ... 
   5.469638e+04   1.483844e+05   1.017838e+06;
  -9.260472e+04  -2.630953e+05  -1.147300e+06;
   6.077062e+04   3.271211e+05  -3.275119e+04]
intgraE=[ ...  
  -1.027917e-01   9.520896e-03  -2.486579e-01;
   9.520896e-03   6.763462e-02  -2.141492e-02;
  -2.486579e-01  -2.141492e-02   6.218194e-01]
E=[ ...        
  -1.444832e-01   7.668800e-02  -4.816434e-02;
   7.668800e-02  -1.047290e-01  -1.127001e-01;
  -4.816434e-02  -1.127001e-01   1.289704e-01]
e=[ ...        
  -2.029920e-01   1.448499e-01  -8.722629e-02;
   1.448499e-01  -2.170635e-01  -7.574879e-02;
  -8.722629e-02  -7.574879e-02   7.255390e-02]
intgraF=[ ...  
   8.898823e-01   4.186670e-02  -6.312854e-01;
  -1.883557e-02   1.063946e+00  -6.536946e-02;
   4.659769e-02   3.917341e-02   1.356777e+00]
F=[ ...        
   8.394351e-01   1.553791e-01  -2.049729e-01;
   3.788057e-02   8.642963e-01  -4.643681e-02;
   7.033760e-02  -1.392528e-01   1.101713e+00]
R=[ ...        
   9.884498e-01   6.205761e-02  -1.382599e-01;
  -5.482036e-02   9.969495e-01   5.555571e-02;
   1.412858e-01  -4.733457e-02   9.888366e-01]
U=[ ...        
   8.376006e-01   8.652896e-02  -4.440337e-02;
   8.652896e-02   8.778937e-01  -1.111644e-01;
  -4.440337e-02  -1.111644e-01   1.115173e+00]
l=[ ...        
   3.240901e-03  -1.938177e-03  -4.545275e-02;
   9.414401e-03   6.064323e-03  -9.222820e-03;
  -8.245081e-04   5.753930e-03  -1.905759e-02]
d=[ ...        
   3.240901e-03   3.738112e-03  -2.313863e-02;
   3.738112e-03   6.064323e-03  -1.734445e-03;
  -2.313863e-02  -1.734445e-03  -1.905759e-02]
     iteration=        2999999       process=              2       (i,j,k)=              0              1              0       (x,y,z)=   5.074936e-03   1.492503e-02   4.845329e-03     particles=             72
fabric=[ ...   
   3.357661e-01   1.337357e-02  -1.834676e-02;
   1.337357e-02   3.444796e-01  -4.029839e-03;
  -1.834676e-02  -4.029839e-03   3.041294e-01]
sigma=[ ...    
  -1.446057e+02  -8.732585e+00   2.692621e+01;
  -1.016045e+01  -1.775490e+02  -3.024738e+01;
   2.836054e+01  -2.914025e+01  -7.984769e+01]
sigmaDot=[ ... 
   4.853953e+04  -1.518206e+05  -3.818600e+05;
   7.600060e+04   8.699599e+04  -3.457497e+04;
   2.885213e+04   1.095838e+05   2.084181e+04]
intgraE=[ ...  
   1.638909e-02   1.665137e-02   6.134186e-03;
   1.665137e-02  -3.488569e-02  -6.016632e-04;
   6.134186e-03  -6.016632e-04  -5.496795e-03]
E=[ ...        
   2.708286e-02   2.648512e-02   2.585686e-02;
   2.648512e-02  -1.340705e-02   2.543417e-02;
   2.585686e-02   2.543417e-02   2.018945e-02]
e=[ ...        
   2.215749e-02   2.559276e-02   2.165577e-02;
   2.559276e-02  -1.462943e-02   2.520745e-02;
   2.165577e-02   2.520745e-02   1.654983e-02]
intgraF=[ ...  
   1.015986e+00   2.398600e-02  -9.000097e-03;
   9.120169e-03   9.641635e-01  -7.706071e-03;
   2.160323e-02   6.478630e-03   9.944174e-01]
F=[ ...        
   1.025290e+00   1.010271e-02   1.562404e-02;
   4.298727e-02   9.864301e-01   4.492217e-02;
   3.313783e-02   6.279354e-03   1.018880e+00]
R=[ ...        
   9.998349e-01  -1.591608e-02  -8.766903e-03;
   1.608134e-02   9.996880e-01   1.911407e-02;
   8.459946e-03  -1.925190e-02   9.997789e-01]
U=[ ...        
   1.026092e+00   2.601729e-02   2.496354e-02;
   2.601729e-02   9.858407e-01   2.504409e-02;
   2.496354e-02   2.504409e-02   1.019377e+00]
l=[ ...        
   2.332902e-02   1.211018e-02   1.220127e-02;
   8.257536e-03  -3.642782e-02   1.471770e-02;
   1.408726e-02  -6.095906e-03  -6.530901e-03]
d=[ ...        
   2.332902e-02   1.018386e-02   1.314426e-02;
   1.018386e-02  -3.642782e-02   4.310895e-03;
   1.314426e-02   4.310895e-03  -6.530901e-03]
     iteration=        2999999       process=              3       (i,j,k)=              0              1              1       (x,y,z)=   5.074936e-03   1.492503e-02   1.423617e-02     particles=             47
fabric=[ ...   
   2.991488e-01   6.050012e-02  -4.164258e-02;
   6.050012e-02   3.142906e-01   7.668547e-03;
  -4.164258e-02   7.668547e-03   3.865607e-01]
sigma=[ ...    
  -4.105042e+01  -9.960778e+00   1.311971e+01;
  -1.585815e+01  -4.522606e+01  -8.025655e+00;
   1.323434e+01  -5.415684e+00  -4.491261e+01]
sigmaDot=[ ... 
  -2.563119e+05   1.036131e+05  -4.206197e+06;
  -4.524102e+05   2.948148e+04   2.050953e+04;
   8.579917e+04   3.769800e+06  -3.087702e+05]
intgraE=[ ...  
  -2.858372e-02   6.725163e-02  -7.183895e-02;
   6.725163e-02  -9.334634e-03  -2.337724e-02;
  -7.183895e-02  -2.337724e-02   1.709743e-01]
E=[ ...        
   5.101936e-02   6.531228e-02  -5.610873e-03;
   6.531228e-02  -6.373091e-02  -2.543861e-02;
  -5.610873e-03  -2.543861e-02   1.800661e-01]
e=[ ...        
   4.333749e-02   6.829101e-02  -1.531000e-02;
   6.829101e-02  -8.802757e-02  -7.872832e-03;
  -1.531000e-02  -7.872832e-03   1.297427e-01]
intgraF=[ ...  
   9.688421e-01   7.493272e-02  -1.270813e-01;
   6.247671e-02   9.877122e-01  -2.388091e-02;
  -1.656047e-02  -1.185254e-02   1.151186e+00]
F=[ ...        
   1.039404e+00   8.934561e-02  -1.663655e-01;
   4.500276e-02   9.293624e-01  -2.730748e-03;
   1.401887e-01  -2.900014e-02   1.154317e+00]
R=[ ...        
   9.901090e-01   2.223337e-02  -1.385275e-01;
  -1.989216e-02   9.996353e-01   1.826251e-02;
   1.388830e-01  -1.532626e-02   9.901902e-01]
U=[ ...        
   1.047698e+00   6.594724e-02  -4.350705e-03;
   6.594724e-02   9.314544e-01  -2.411998e-02;
  -4.350705e-03  -2.411998e-02   1.165989e+00]
l=[ ...        
   6.575753e-03   3.586036e-02   8.455416e-03;
   1.630715e-03  -3.713466e-02   5.910165e-02;
   3.112273e-02  -3.522232e-02   9.188259e-03]
d=[ ...        
   6.575753e-03   1.874554e-02   1.978907e-02;
   1.874554e-02  -3.713466e-02   1.193966e-02;
   1.978907e-02   1.193966e-02   9.188259e-03]
     iteration=        2999999       process=              4       (i,j,k)=              1              0              0       (x,y,z)=   1.492502e-02   5.074938e-03   4.845329e-03     particles=             64
fabric=[ ...   
   4.120299e-01  -1.990488e-02   1.718434e-02;
  -1.990488e-02   3.373602e-01   1.325984e-02;
   1.718434e-02   1.325984e-02   2.397403e-01]
sigma=[ ...    
  -2.596205e+02   1.877220e+01  -3.679400e+01;
   2.075361e+01  -1.882174e+02   3.635990e+01;
  -3.308255e+01   3.562399e+01  -1.080658e+02]
sigmaDot=[ ... 
  -5.014826e+04  -9.351825e+04  -1.142368e+05;
  -4.747848e+03  -7.535316e+04   1.668014e+05;
  -2.828307e+05   1.864099e+05  -1.358595e+05]
intgraE=[ ...  
  -8.123337e-03   3.368795e-02  -9.432428e-03;
   3.368795e-02   3.335120e-02   6.004768e-03;
  -9.432428e-03   6.004768e-03   5.895238e-02]
E=[ ...        
  -5.057955e-02   4.170929e-03  -2.968783e-02;
   4.170929e-03   5.397516e-02  -1.366783e-03;
  -2.968783e-02  -1.366783e-03  -6.813412e-02]
e=[ ...        
  -5.953283e-02   2.070023e-04  -3.851472e-02;
   2.070023e-04   4.871595e-02  -4.516993e-03;
  -3.851472e-02  -4.516993e-03  -8.087476e-02]
intgraF=[ ...  
   9.902707e-01   1.380427e-02   2.031218e-03;
   5.259301e-02   1.032251e+00  -2.026759e-02;
  -1.874006e-02   3.112507e-02   1.057114e+00]
F=[ ...        
   9.467401e-01  -2.744645e-02  -2.511023e-02;
   3.192448e-02   1.052061e+00   1.358923e-02;
  -3.879357e-02  -1.907506e-02   9.289330e-01]
R=[ ...        
   9.995254e-01  -3.000734e-02   6.972613e-03;
   2.988479e-02   9.994077e-01   1.706161e-02;
  -7.480457e-03  -1.684514e-02   9.998301e-01]
U=[ ...        
   9.475350e-01   4.149906e-03  -3.164104e-02;
   4.149906e-03   1.052583e+00  -1.313333e-03;
  -3.164104e-02  -1.313333e-03   9.288320e-01]
l=[ ...        
   1.975287e-02  -1.089340e-03  -8.498236e-04;
   2.629481e-02  -1.393450e-02  -1.285979e-02;
  -9.648691e-03  -1.988952e-02  -2.360644e-02]
d=[ ...        
   1.975287e-02   1.260273e-02  -5.249258e-03;
   1.260273e-02  -1.393450e-02  -1.637465e-02;
  -5.249258e-03  -1.637465e-02  -2.360644e-02]
     iteration=        2999999       process=              5       (i,j,k)=              1              0              1       (x,y,z)=   1.492502e-02   5.074938e-03   1.423617e-02     particles=             46
fabric=[ ...   
   3.318715e-01   3.287137e-02  -2.121808e-03;
   3.287137e-02   2.700388e-01   2.511462e-02;
  -2.121808e-03   2.511462e-02   3.564231e-01]
sigma=[ ...    
  -7.377027e+00  -1.437991e+00  -9.918692e-01;
  -1.493979e+00  -5.497648e+00  -3.518309e-01;
  -2.850387e+00  -4.479842e-01  -8.578755e+00]
sigmaDot=[ ... 
  -4.217925e+04  -2.538241e+04  -1.284023e+04;
  -2.921170e+04  -1.218199e+04  -9.191848e+02;
   1.348089e+04  -9.416260e+03   1.828822e+04]
intgraE=[ ...  
   6.353629e-02   5.597161e-02  -1.100571e-01;
   5.597161e-02   1.601833e-02  -6.101772e-02;
  -1.100571e-01  -6.101772e-02  -3.020267e-03]
E=[ ...        
   1.429481e-01  -7.445458e-02  -8.197494e-02;
  -7.445458e-02  -1.310865e-01   9.029356e-02;
  -8.197494e-02   9.029356e-02  -5.541960e-02]
e=[ ...        
   8.402814e-02  -6.072880e-02  -7.508165e-02;
  -6.072880e-02  -2.548904e-01   1.185812e-01;
  -7.508165e-02   1.185812e-01  -5.852830e-02]
intgraF=[ ...  
   1.059875e+00   1.154856e-01  -1.529968e-01;
  -2.389194e-02   9.824470e-01   1.238638e-01;
  -5.627206e-02  -2.312954e-01   9.773480e-01]
F=[ ...        
   1.120281e+00  -3.596896e-02  -2.270737e-02;
  -9.179093e-02   8.305554e-01  -2.874459e-02;
  -1.498021e-01   2.161276e-01   9.422414e-01]
R=[ ...        
   9.979569e-01   3.542551e-02   5.317036e-02;
  -2.785272e-02   9.901854e-01  -1.369564e-01;
  -5.750026e-02   1.351956e-01   9.891491e-01]
U=[ ...        
   1.129163e+00  -7.145609e-02  -7.603949e-02;
  -7.145609e-02   8.503491e-01   9.812003e-02;
  -7.603949e-02   9.812003e-02   9.347466e-01]
l=[ ...        
  -3.579867e-02   1.360908e-02  -2.502251e-02;
  -4.069995e-02   3.170870e-02   1.565361e-02;
   2.881029e-02   4.419764e-02   1.686453e-03]
d=[ ...        
  -3.579867e-02  -1.354543e-02   1.893890e-03;
  -1.354543e-02   3.170870e-02   2.992563e-02;
   1.893890e-03   2.992563e-02   1.686453e-03]
     iteration=        2999999       process=              6       (i,j,k)=              1              1              0       (x,y,z)=   1.492502e-02   1.492503e-02   4.845329e-03     particles=             61
fabric=[ ...   
   3.280758e-01   3.175959e-03  -2.010521e-02;
   3.175959e-03   3.679246e-01   4.167618e-02;
  -2.010521e-02   4.167618e-02   3.039996e-01]
sigma=[ ...    
  -5.767962e+01   1.250983e+01   5.960742e+00;
   1.251090e+01  -4.554558e+01  -4.529025e+00;
   6.787446e+00  -7.427706e+00  -1.806956e+01]
sigmaDot=[ ... 
  -4.963768e+04   1.255485e+04  -1.671974e+05;
   3.678202e+05  -5.623826e+04  -9.532575e+04;
  -3.353682e+04   4.479162e+04   5.505561e+02]
intgraE=[ ...  
  -5.748060e-02   7.042110e-02  -3.655470e-02;
   7.042110e-02  -8.667890e-02  -3.316973e-03;
  -3.655470e-02  -3.316973e-03  -1.697559e-02]
E=[ ...        
   1.516273e-01   2.094977e-02  -1.372115e-01;
   2.094977e-02  -1.951995e-01  -4.083796e-02;
  -1.372115e-01  -4.083796e-02  -6.749540e-02]
e=[ ...        
   7.872976e-02  -1.126130e-03  -1.365825e-01;
  -1.126130e-03  -3.448348e-01  -5.227049e-02;
  -1.365825e-01  -5.227049e-02  -1.023404e-01]
intgraF=[ ...  
   9.357910e-01   6.681381e-02  -3.223051e-02;
   8.173746e-02   9.024130e-01   9.094039e-02;
  -5.150805e-02  -8.848131e-02   9.781308e-01]
F=[ ...        
   1.127683e+00   6.471923e-03  -9.902316e-02;
   1.469666e-02   7.695885e-01   5.246674e-02;
  -1.771152e-01  -1.315013e-01   9.232827e-01]
R=[ ...        
   9.992454e-01  -1.343989e-02   3.644143e-02;
   9.399813e-03   9.940136e-01   1.088516e-01;
  -3.768623e-02  -1.084270e-01   9.933898e-01]
U=[ ...        
   1.133645e+00   1.865682e-02  -1.332503e-01;
   1.865682e-02   7.791527e-01  -4.662521e-02;
  -1.332503e-01  -4.662521e-02   9.192821e-01]
l=[ ...        
  -2.404199e-02  -2.463651e-02   4.837955e-02;
   1.792931e-02  -4.753561e-02   2.838901e-02;
  -6.790218e-02   5.050823e-02  -4.618439e-02]
d=[ ...        
  -2.404199e-02  -3.353598e-03  -9.761316e-03;
  -3.353598e-03  -4.753561e-02   3.944862e-02;
  -9.761316e-03   3.944862e-02  -4.618439e-02]
     iteration=        2999999       process=              7       (i,j,k)=              1              1              1       (x,y,z)=   1.492502e-02   1.492503e-02   1.423617e-02     particles=             49
fabric=[ ...   
   3.414214e-01   3.821398e-03  -6.674991e-02;
   3.821398e-03   3.135778e-01  -5.057564e-03;
  -6.674991e-02  -5.057564e-03   3.105180e-01]
sigma=[ ...    
  -1.292252e+00  -1.768670e-01   3.366144e-01;
  -1.100074e-01  -1.745057e+00   1.419278e-01;
   3.479370e-01   2.085520e-01  -5.574794e-01]
sigmaDot=[ ... 
   1.098866e+04   3.002250e+04  -2.272247e+04;
   2.005315e+03   6.883493e+03  -2.396742e+03;
   5.947490e+03  -3.785438e+02  -1.511943e+03]
intgraE=[ ...  
   3.351697e-02  -5.137814e-02  -1.336877e-02;
  -5.137814e-02   1.519344e-01  -1.188095e-01;
  -1.336877e-02  -1.188095e-01  -5.945904e-02]
E=[ ...        
   4.876299e-01   9.152646e-02   7.822746e-01;
   9.152646e-02   1.383244e-01  -1.551016e+00;
   7.822746e-01  -1.551016e+00   4.368718e+00]
e=[ ...        
  -2.223889e+01   4.989870e+00   1.531427e+01;
   4.989870e+00  -8.092564e-01  -3.496602e+00;
   1.531427e+01  -3.496602e+00  -9.980471e+00]
intgraF=[ ...  
   1.016165e+00   1.048231e-01  -8.418857e-02;
  -1.815939e-01   1.133504e+00  -1.285553e-01;
   3.830153e-02  -8.971538e-02   9.259955e-01]
F=[ ...        
   7.427520e-01  -3.797447e-02   1.166048e+00;
   7.557293e-01   9.751867e-01  -1.822717e+00;
   9.232835e-01  -5.694011e-01   2.248437e+00]
R=[ ...        
   1.875433e-01   7.728534e-01   6.062385e-01;
   7.141710e-01   3.164506e-01  -6.243547e-01;
   6.743792e-01  -5.500515e-01   4.926013e-01]
U=[ ...        
   1.301661e+00   3.053359e-01   4.332524e-01;
   3.053359e-01   5.924496e-01  -9.123717e-01;
   4.332524e-01  -9.123717e-01   2.952508e+00]
l=[ ...        
  -3.346603e-02  -5.680430e-03   9.762128e-03;
  -1.794389e-02  -6.411613e-02   2.773802e-02;
   1.488392e-02   1.696694e-02  -6.812822e-02]
d=[ ...        
  -3.346603e-02  -1.181216e-02   1.232303e-02;
  -1.181216e-02  -6.411613e-02   2.235248e-02;
   1.232303e-02   2.235248e-02  -6.812822e-02]
