              6

              1
             21
          pos_x          pos_y          pos_z       normal_x       normal_y       normal_z        tangt_x        tangt_y        tangt_z          pentr
   1.499995e-05   3.379044e-03   1.102192e-03  -1.168834e-04   0.000000e+00   0.000000e+00  -0.000000e+00  -1.530760e-06   2.397884e-05   1.771064e-09
   1.499995e-05   9.943734e-04   2.042271e-03  -7.323148e-05   0.000000e+00   0.000000e+00  -0.000000e+00   1.255141e-05   2.611817e-06   1.008093e-09
   1.499995e-05   5.516459e-03   6.882100e-04  -4.938790e-12   0.000000e+00   0.000000e+00  -0.000000e+00   1.614191e-12  -1.085586e-13   2.072561e-14
   1.499995e-05   5.949665e-03   2.757240e-03  -1.988960e-06   0.000000e+00   0.000000e+00  -0.000000e+00  -8.295063e-07   2.533633e-07   9.515370e-11
   1.499995e-05   8.832020e-03   5.164580e-03  -1.559899e-09   0.000000e+00   0.000000e+00  -0.000000e+00  -1.248161e-10   7.781406e-11   6.179894e-13
   1.499995e-05   9.228839e-04   4.215654e-03  -1.161772e-04   0.000000e+00   0.000000e+00  -0.000000e+00   3.014875e-05   2.081582e-06   1.545904e-09
   1.499995e-05   8.472633e-03   1.759706e-02  -5.019617e-04   0.000000e+00   0.000000e+00  -0.000000e+00  -3.248645e-05  -2.284645e-04   3.577769e-09
   1.499995e-05   2.282487e-03   1.503109e-02  -3.141496e-08   0.000000e+00   0.000000e+00  -0.000000e+00   4.024633e-09   3.577983e-09   5.873447e-12
   1.499995e-05   1.138696e-03   1.236683e-02  -9.882417e-05   0.000000e+00   0.000000e+00  -0.000000e+00   3.994030e-05  -4.952482e-06   1.592040e-09
   1.499995e-05   1.796998e-02   8.578155e-04  -3.773884e-04   0.000000e+00   0.000000e+00  -0.000000e+00  -2.691029e-05   1.319592e-04   3.244517e-09
   1.499995e-05   1.817168e-02   4.868282e-03  -2.465961e-04   0.000000e+00   0.000000e+00  -0.000000e+00  -9.909741e-05   1.743828e-05   2.429941e-09
   1.499995e-05   1.827649e-02   7.125837e-03  -1.336688e-05   0.000000e+00   0.000000e+00  -0.000000e+00  -1.465731e-06   5.329296e-06   3.633431e-10
   1.499995e-05   1.549855e-02   1.159476e-03  -9.294766e-05   0.000000e+00   0.000000e+00  -0.000000e+00  -1.042329e-05   3.473196e-05   1.363256e-09
   1.499995e-05   1.389882e-02   2.761621e-03  -5.121160e-04   0.000000e+00   0.000000e+00  -0.000000e+00  -2.472560e-05   1.274401e-04   3.333089e-09
   1.499995e-05   1.906046e-02   9.448123e-03  -1.023177e-04   0.000000e+00   0.000000e+00  -0.000000e+00  -2.759239e-05   3.540358e-07   1.303093e-09
   1.499995e-05   1.183970e-02   9.286694e-03  -1.737771e-10   0.000000e+00   0.000000e+00   0.000000e+00   8.333012e-24  -1.572782e-22   2.429908e-13
   1.499995e-05   1.359821e-02   1.718597e-02  -3.862999e-10   0.000000e+00   0.000000e+00  -0.000000e+00  -2.883515e-11   2.416464e-11   2.808698e-13
   1.499995e-05   1.448726e-02   1.477042e-02  -1.224305e-09   0.000000e+00   0.000000e+00   0.000000e+00  -3.414686e-10   5.080645e-10   6.410987e-13
   1.499995e-05   1.842987e-02   1.188354e-02  -2.161585e-04   0.000000e+00   0.000000e+00  -0.000000e+00  -7.962779e-05   2.745225e-05   2.229651e-09
   1.499995e-05   1.367780e-02   9.337820e-03  -2.061717e-06   0.000000e+00   0.000000e+00  -0.000000e+00   2.307457e-07   9.893642e-07   9.284730e-11
   1.499995e-05   1.009556e-02   9.819003e-03  -4.745402e-09   0.000000e+00   0.000000e+00  -0.000000e+00   1.664408e-09  -1.657473e-10   1.623600e-12
                                               -2.472059e-03   0.000000e+00   0.000000e+00   0.000000e+00  -2.218128e-04   1.412071e-04   1.140908e-09

              2
             17
          pos_x          pos_y          pos_z       normal_x       normal_y       normal_z        tangt_x        tangt_y        tangt_z          pentr
   1.998500e-02   3.245470e-03   3.337616e-03   1.146875e-03   0.000000e+00   0.000000e+00  -0.000000e+00   3.287054e-04   3.603763e-04   5.131440e-09
   1.998500e-02   6.868345e-03   2.151665e-03   3.719525e-04   0.000000e+00   0.000000e+00  -0.000000e+00   5.591655e-05   9.788027e-05   2.766103e-09
   1.998500e-02   1.765070e-03   6.287462e-03   3.251629e-04   0.000000e+00   0.000000e+00  -0.000000e+00   8.472821e-05   5.260212e-06   2.166942e-09
   1.998500e-02   3.696527e-03   9.370667e-03   2.983031e-10   0.000000e+00   0.000000e+00   0.000000e+00   1.241502e-22  -2.166289e-22   2.999753e-13
   1.998500e-02   1.120036e-03   9.287844e-03   2.851914e-04   0.000000e+00   0.000000e+00  -0.000000e+00   8.253095e-05  -5.571827e-07   2.661004e-09
   1.998500e-02   9.043624e-03   1.589792e-02   1.889081e-08   0.000000e+00   0.000000e+00  -0.000000e+00  -3.033819e-10  -8.276318e-10   4.042086e-12
   1.998500e-02   2.192694e-03   1.541199e-02   4.760691e-04   0.000000e+00   0.000000e+00  -0.000000e+00   1.949514e-04   7.460887e-07   3.594382e-09
   1.998500e-02   4.671388e-03   1.253904e-02   1.388819e-11   0.000000e+00   0.000000e+00  -0.000000e+00  -2.436856e-12  -1.106054e-12   3.778228e-14
   1.998500e-02   3.432752e-03   1.094462e-02   2.539847e-12   0.000000e+00   0.000000e+00  -0.000000e+00   8.263149e-13  -1.960604e-13   1.074488e-14
   1.998500e-02   6.740557e-03   1.057563e-02   5.141562e-07   0.000000e+00   0.000000e+00  -0.000000e+00   1.569984e-07   2.370890e-08   2.862962e-11
   1.998500e-02   1.870250e-02   1.166680e-03   1.124448e-04   0.000000e+00   0.000000e+00   0.000000e+00  -5.077856e-06   5.599264e-05   1.680596e-09
   1.998500e-02   1.825819e-02   6.250422e-03   1.814595e-10   0.000000e+00   0.000000e+00  -0.000000e+00   2.320623e-11   5.904939e-11   1.817713e-13
   1.998500e-02   1.452015e-02   8.882402e-04   1.181366e-04   0.000000e+00   0.000000e+00  -0.000000e+00  -1.639207e-06   4.100035e-05   1.601569e-09
   1.998500e-02   1.233613e-02   4.050163e-03   5.990556e-08   0.000000e+00   0.000000e+00  -0.000000e+00   5.466521e-09   2.380117e-08   8.284477e-12
   1.998500e-02   1.854050e-02   1.020861e-02   1.556842e-04   0.000000e+00   0.000000e+00  -0.000000e+00  -7.948228e-06   2.649417e-06   1.469130e-09
   1.998500e-02   1.321833e-02   1.659217e-02   5.217657e-08   0.000000e+00   0.000000e+00  -0.000000e+00  -1.401062e-08  -9.483583e-09   7.593773e-12
   1.998500e-02   1.113886e-02   9.397349e-03   5.909370e-06   0.000000e+00   0.000000e+00  -0.000000e+00   3.649616e-07   2.133390e-07   2.073483e-10
                                                2.998071e-03   0.000000e+00   0.000000e+00   0.000000e+00   7.326804e-04   5.635987e-04   1.254564e-09

              3
             21
          pos_x          pos_y          pos_z       normal_x       normal_y       normal_z        tangt_x        tangt_y        tangt_z          pentr
   6.179199e-03   1.499995e-05   9.989030e-04   0.000000e+00  -2.795837e-04   0.000000e+00  -1.717028e-05  -0.000000e+00   1.011454e-04   2.826489e-09
   6.243604e-04   1.499995e-05   1.837911e-03   0.000000e+00  -1.156161e-04   0.000000e+00   4.976261e-05  -0.000000e+00  -1.674585e-05   1.889770e-09
   8.897510e-04   1.499995e-05   4.157198e-03   0.000000e+00  -1.227061e-04   0.000000e+00   4.383917e-05  -0.000000e+00  -2.212001e-06   1.643258e-09
   3.939472e-03   1.499995e-05   6.424926e-03   0.000000e+00  -5.040749e-11   0.000000e+00  -7.551209e-25   0.000000e+00  -3.585875e-23   9.126746e-14
   3.734956e-03   1.499995e-05   7.832201e-03   0.000000e+00  -7.236123e-06   0.000000e+00   1.281800e-06  -0.000000e+00  -1.752860e-06   2.267379e-10
   9.679322e-03   1.499995e-05   1.388029e-03   0.000000e+00  -4.938634e-04   0.000000e+00   2.900864e-05  -0.000000e+00   1.309444e-04   3.951858e-09
   2.260453e-03   1.499995e-05   1.426486e-02   0.000000e+00  -1.112228e-09   0.000000e+00  -1.603122e-10  -0.000000e+00  -1.564838e-10   5.544037e-13
   1.050792e-03   1.499995e-05   1.250587e-02   0.000000e+00  -1.071952e-04   0.000000e+00   1.035145e-05  -0.000000e+00   1.366699e-06   1.750718e-09
   1.305824e-03   1.499995e-05   1.062677e-02   0.000000e+00  -8.691866e-11   0.000000e+00   3.619398e-11  -0.000000e+00  -1.802578e-11   1.226376e-13
   1.888037e-02   1.499995e-05   6.173149e-03   0.000000e+00  -5.045453e-04   0.000000e+00  -2.173066e-04  -0.000000e+00  -2.266627e-05   3.984265e-09
   1.761940e-02   1.499995e-05   1.833916e-03   0.000000e+00  -3.824871e-04   0.000000e+00  -8.967167e-05  -0.000000e+00   7.057697e-05   2.915641e-09
   1.730403e-02   1.499995e-05   4.687598e-03   0.000000e+00  -2.575940e-06   0.000000e+00   1.215188e-06  -0.000000e+00   5.490392e-08   9.866889e-11
   1.860440e-02   1.499995e-05   9.294963e-03   0.000000e+00  -2.279060e-04   0.000000e+00  -9.104988e-06  -0.000000e+00   4.579824e-08   1.923869e-09
   1.507296e-02   1.499995e-05   2.838631e-03   0.000000e+00  -3.743326e-05   0.000000e+00  -1.276154e-05  -0.000000e+00   1.100931e-05   5.970074e-10
   1.539074e-02   1.499995e-05   9.801480e-04   0.000000e+00  -1.119755e-03   0.000000e+00  -2.525033e-04  -0.000000e+00   2.704718e-04   8.117321e-09
   1.038023e-02   1.499995e-05   3.314997e-03   0.000000e+00  -5.549895e-08   0.000000e+00   3.774010e-10  -0.000000e+00   1.281896e-08   7.371157e-12
   1.272970e-02   1.499995e-05   8.396043e-03   0.000000e+00  -6.817961e-10   0.000000e+00   2.916570e-10  -0.000000e+00   1.165380e-10   5.489974e-13
   1.232876e-02   1.499995e-05   6.530867e-03   0.000000e+00  -1.732525e-08   0.000000e+00  -3.830542e-09  -0.000000e+00  -1.476871e-10   3.979621e-12
   1.311622e-02   1.499995e-05   1.671460e-02   0.000000e+00  -2.218617e-11   0.000000e+00   3.196222e-12  -0.000000e+00   6.592386e-12   4.855277e-14
   1.741226e-02   1.499995e-05   1.540368e-02   0.000000e+00  -4.005786e-04   0.000000e+00  -4.420239e-05  -0.000000e+00  -9.772078e-08   2.853312e-09
   1.081803e-02   1.499995e-05   1.545025e-02   0.000000e+00  -1.518820e-08   0.000000e+00   5.233344e-20   0.000000e+00   7.087278e-21   3.335358e-12
                                                0.000000e+00  -3.801572e-03   0.000000e+00  -5.072652e-04   0.000000e+00   5.421533e-04   1.561665e-09

              4
             15
          pos_x          pos_y          pos_z       normal_x       normal_y       normal_z        tangt_x        tangt_y        tangt_z          pentr
   1.736461e-03   1.998500e-02   2.490108e-03   0.000000e+00   2.358228e-05   0.000000e+00  -7.060763e-07  -0.000000e+00   1.081428e-05   4.346668e-10
   9.529157e-03   1.998500e-02   7.414700e-03   0.000000e+00   5.157012e-10   0.000000e+00   6.328857e-11  -0.000000e+00  -3.838397e-11   3.728337e-13
   1.729236e-03   1.998500e-02   4.842636e-03   0.000000e+00   3.089168e-04   0.000000e+00   2.151250e-05  -0.000000e+00   4.735540e-06   2.926036e-09
   4.835576e-03   1.998500e-02   1.261189e-03   0.000000e+00   2.837053e-04   0.000000e+00   1.605664e-05  -0.000000e+00   2.622729e-05   2.332332e-09
   8.311730e-03   1.998500e-02   9.567494e-03   0.000000e+00   1.014200e-08   0.000000e+00  -2.705723e-09  -0.000000e+00  -6.590759e-11   2.453902e-12
   9.371935e-03   1.998500e-02   1.293180e-03   0.000000e+00   9.546700e-05   0.000000e+00  -1.111891e-06  -0.000000e+00   1.809299e-05   1.366331e-09
   7.657793e-04   1.998500e-02   9.439063e-03   0.000000e+00   1.260070e-04   0.000000e+00   1.234216e-05  -0.000000e+00  -4.798998e-08   1.762605e-09
   5.288131e-03   1.998500e-02   1.532502e-02   0.000000e+00   2.582922e-06   0.000000e+00   4.947631e-07  -0.000000e+00  -8.646778e-08   1.208123e-10
   5.230259e-03   1.998500e-02   1.253391e-02   0.000000e+00   6.085209e-10   0.000000e+00  -9.220355e-22   0.000000e+00   3.682578e-22   3.687710e-13
   1.616409e-03   1.998500e-02   1.134654e-02   0.000000e+00   2.098783e-04   0.000000e+00   7.782988e-05  -0.000000e+00  -2.636169e-05   2.093674e-09
   3.737552e-03   1.998500e-02   9.626521e-03   0.000000e+00   4.965973e-09   0.000000e+00  -1.450979e-09  -0.000000e+00  -1.475938e-09   1.243210e-12
   1.554996e-02   1.998500e-02   4.814817e-03   0.000000e+00   1.720262e-07   0.000000e+00   7.660823e-08  -0.000000e+00  -1.253746e-08   1.935178e-11
   1.546080e-02   1.998500e-02   9.786838e-04   0.000000e+00   8.720659e-05   0.000000e+00  -9.734081e-06  -0.000000e+00   3.044296e-05   1.204111e-09
   1.902194e-02   1.998500e-02   9.720157e-03   0.000000e+00   2.325415e-04   0.000000e+00  -8.598414e-05  -0.000000e+00  -4.365929e-05   2.551285e-09
   1.447415e-02   1.998500e-02   1.012411e-02   0.000000e+00   1.869005e-09   0.000000e+00  -5.057874e-10  -0.000000e+00   1.151308e-10   9.346794e-13
                                                0.000000e+00   1.370078e-03   0.000000e+00   3.077176e-05   0.000000e+00   2.014362e-05   9.877718e-10

              5
             26
          pos_x          pos_y          pos_z       normal_x       normal_y       normal_z        tangt_x        tangt_y        tangt_z          pentr
   6.345630e-03   1.437370e-03   1.499995e-05   0.000000e+00   0.000000e+00  -1.927128e-04   1.145876e-05   9.567265e-05   0.000000e+00   1.699587e-09
   1.294812e-03   3.445732e-03   1.499995e-05   0.000000e+00   0.000000e+00  -9.994668e-05   3.050760e-05   1.601773e-06  -0.000000e+00   1.425966e-09
   6.038665e-03   8.972529e-03   1.499995e-05   0.000000e+00   0.000000e+00  -8.968778e-06  -1.959482e-06   1.865327e-06  -0.000000e+00   3.087898e-10
   2.385782e-03   6.637961e-03   1.499995e-05   0.000000e+00   0.000000e+00  -4.582977e-10   4.539513e-13  -8.549140e-13  -0.000000e+00   3.429893e-13
   5.099845e-03   3.448369e-03   1.499995e-05   0.000000e+00   0.000000e+00  -2.638854e-10  -1.010017e-10   1.906738e-11  -0.000000e+00   2.495966e-13
   6.059318e-03   6.680351e-03   1.499995e-05   0.000000e+00   0.000000e+00  -5.486678e-10  -8.141244e-11   6.831799e-11  -0.000000e+00   4.312712e-13
   8.459757e-03   5.050553e-03   1.499995e-05   0.000000e+00   0.000000e+00  -3.812043e-05  -2.756598e-06  -1.632350e-05  -0.000000e+00   6.298363e-10
   9.374191e-03   2.215548e-03   1.499995e-05   0.000000e+00   0.000000e+00  -3.066011e-04  -2.433551e-06   1.798169e-05  -0.000000e+00   2.083424e-09
   1.065186e-03   1.841788e-02   1.499995e-05   0.000000e+00   0.000000e+00  -4.617287e-04   7.760676e-06   7.896153e-07  -0.000000e+00   3.118707e-09
   4.028064e-03   1.871065e-02   1.499995e-05   0.000000e+00   0.000000e+00  -2.882576e-04  -4.574395e-05  -7.440045e-05  -0.000000e+00   2.390866e-09
   2.365555e-03   1.683763e-02   1.499995e-05   0.000000e+00   0.000000e+00  -4.940288e-05   1.014000e-05  -5.423973e-06  -0.000000e+00   8.906221e-10
   6.152225e-03   1.818723e-02   1.499995e-05   0.000000e+00   0.000000e+00  -7.733266e-12   1.780813e-26  -6.006842e-24   0.000000e+00   2.282311e-14
   1.061728e-03   1.583325e-02   1.499995e-05   0.000000e+00   0.000000e+00  -1.011361e-04   2.685850e-05   8.492356e-06  -0.000000e+00   1.555975e-09
   2.472593e-03   1.445190e-02   1.499995e-05   0.000000e+00   0.000000e+00  -5.912614e-04   4.655090e-05   8.980734e-06  -0.000000e+00   3.999207e-09
   9.454200e-03   1.895807e-02   1.499995e-05   0.000000e+00   0.000000e+00  -1.203248e-04   4.765292e-06  -5.909678e-05  -0.000000e+00   1.854255e-09
   8.605370e-03   1.338931e-02   1.499995e-05   0.000000e+00   0.000000e+00  -2.708966e-09   4.474747e-10   1.278433e-09   0.000000e+00   1.089453e-12
   1.794441e-02   5.665754e-03   1.499995e-05   0.000000e+00   0.000000e+00  -3.898107e-04  -9.842608e-05  -5.838965e-05  -0.000000e+00   2.976813e-09
   1.702789e-02   1.944484e-03   1.499995e-05   0.000000e+00   0.000000e+00  -6.362803e-04  -4.497783e-05   1.772213e-04  -0.000000e+00   4.051735e-09
   1.519462e-02   1.260619e-03   1.499995e-05   0.000000e+00   0.000000e+00  -6.302768e-04  -9.562191e-05   7.832292e-05  -0.000000e+00   4.645688e-09
   1.417871e-02   6.670155e-03   1.499995e-05   0.000000e+00   0.000000e+00  -5.190425e-09  -9.518768e-10   2.258645e-09  -0.000000e+00   1.728117e-12
   1.880877e-02   9.116242e-03   1.499995e-05   0.000000e+00   0.000000e+00  -1.011123e-09  -1.364617e-22  -1.595593e-22   0.000000e+00   5.217879e-13
   1.122728e-02   8.268071e-03   1.499995e-05   0.000000e+00   0.000000e+00  -5.149260e-11   2.020907e-22   7.500256e-23   0.000000e+00   9.903834e-14
   1.758014e-02   1.724281e-02   1.499995e-05   0.000000e+00   0.000000e+00  -2.678069e-09   2.767186e-11   1.077102e-10  -0.000000e+00   1.401702e-12
   1.877501e-02   1.880511e-02   1.499995e-05   0.000000e+00   0.000000e+00  -1.055620e-04  -1.848173e-05   1.536126e-06  -0.000000e+00   1.566835e-09
   1.905947e-02   1.455392e-02   1.499995e-05   0.000000e+00   0.000000e+00  -1.113737e-04  -3.483355e-05   1.193289e-06  -0.000000e+00   1.472577e-09
   1.577892e-02   1.917522e-02   1.499995e-05   0.000000e+00   0.000000e+00  -1.038662e-04   1.858271e-05  -4.705342e-05  -0.000000e+00   1.564731e-09
                                                0.000000e+00   0.000000e+00  -4.235644e-03  -1.886109e-04   1.329737e-04   0.000000e+00   1.393904e-09

              6
              1
          pos_x          pos_y          pos_z       normal_x       normal_y       normal_z        tangt_x        tangt_y        tangt_z          pentr
   1.898822e-03   8.681194e-03   1.906649e-02   0.000000e+00   0.000000e+00   3.921994e-04   6.427167e-05   6.872292e-06  -0.000000e+00   2.516512e-09
                                                0.000000e+00   0.000000e+00   3.921994e-04   6.427167e-05   6.872292e-06   0.000000e+00   2.516512e-09

