              6

              1
             36
          pos_x          pos_y          pos_z       normal_x       normal_y       normal_z        tangt_x        tangt_y        tangt_z          pentr
   2.490379e-04   3.353416e-03   1.310843e-03  -1.900805e-03   0.000000e+00   0.000000e+00  -0.000000e+00   1.052400e-05   7.853207e-04   1.146339e-08
   2.490379e-04   9.077236e-03   1.480767e-03  -4.160890e-03   0.000000e+00   0.000000e+00  -0.000000e+00   1.874995e-03  -1.937481e-04   1.277266e-08
   2.490379e-04   1.394981e-03   2.215446e-03  -4.297957e-09   0.000000e+00   0.000000e+00   0.000000e+00  -1.951286e-09   9.003299e-10   1.559982e-12
   2.490379e-04   3.924855e-03   2.641992e-03  -1.794712e-10   0.000000e+00   0.000000e+00  -0.000000e+00  -2.894959e-11   4.623974e-11   1.936821e-13
   2.490379e-04   6.181009e-03   8.702258e-04  -6.681723e-05   0.000000e+00   0.000000e+00   0.000000e+00  -1.838952e-05   2.789195e-05   1.131973e-09
   2.490379e-04   8.978641e-03   5.392197e-03  -5.875806e-05   0.000000e+00   0.000000e+00   0.000000e+00   1.887254e-05   2.251566e-05   6.990375e-10
   2.490379e-04   1.533555e-03   6.424023e-03  -2.487764e-02   0.000000e+00   0.000000e+00  -0.000000e+00   4.383147e-03   1.802428e-03   5.828748e-08
   2.490379e-04   6.112928e-03   5.589593e-03  -2.526736e-02   0.000000e+00   0.000000e+00  -0.000000e+00   8.868975e-03   5.067181e-03   4.429381e-08
   2.490379e-04   1.350254e-03   9.211519e-03  -2.231590e-03   0.000000e+00   0.000000e+00  -0.000000e+00   3.042170e-04   7.177580e-04   1.077080e-08
   2.490379e-04   1.273543e-03   4.128116e-03  -9.466136e-05   0.000000e+00   0.000000e+00  -0.000000e+00   3.597383e-05   5.875586e-06   1.303515e-09
   2.490379e-04   6.579350e-03   8.302304e-03  -2.432363e-09   0.000000e+00   0.000000e+00   0.000000e+00   1.124297e-09  -4.637397e-10   1.208568e-12
   2.490379e-04   8.525873e-03   8.874110e-03  -9.205535e-11   0.000000e+00   0.000000e+00  -0.000000e+00  -1.747450e-11  -1.122882e-12   1.217088e-13
   2.490379e-04   4.994288e-03   7.631459e-03  -1.171868e-02   0.000000e+00   0.000000e+00  -0.000000e+00  -1.888577e-03   1.427758e-03   2.956484e-08
   2.490379e-04   3.685770e-03   1.001236e-02  -9.966755e-03   0.000000e+00   0.000000e+00  -0.000000e+00  -1.950846e-03  -1.607547e-03   2.939849e-08
   2.490379e-04   6.765540e-03   1.088684e-02  -2.375261e-03   0.000000e+00   0.000000e+00  -0.000000e+00   4.732484e-05  -1.735555e-05   1.039629e-08
   2.490379e-04   8.472949e-03   1.739138e-02  -2.391099e-03   0.000000e+00   0.000000e+00  -0.000000e+00  -8.771636e-05  -8.263004e-04   1.019069e-08
   2.490379e-04   1.334795e-03   1.672320e-02  -9.829800e-05   0.000000e+00   0.000000e+00  -0.000000e+00   1.807738e-05  -5.333290e-06   1.462783e-09
   2.490379e-04   5.718208e-03   1.579644e-02  -1.109281e-02   0.000000e+00   0.000000e+00  -0.000000e+00   4.201823e-03  -3.066116e-03   2.276972e-08
   2.490379e-04   9.213780e-03   1.148966e-02  -1.236179e-09   0.000000e+00   0.000000e+00   0.000000e+00  -1.623370e-10   5.963900e-10   6.339613e-13
   2.490379e-04   1.783377e-02   1.062862e-03  -3.213744e-02   0.000000e+00   0.000000e+00  -0.000000e+00  -6.579120e-03   8.121477e-03   6.314629e-08
   2.490379e-04   1.788524e-02   5.277279e-03  -2.138937e-03   0.000000e+00   0.000000e+00  -0.000000e+00  -4.457434e-04   8.973350e-04   9.985349e-09
   2.490379e-04   1.804702e-02   7.475149e-03  -9.556830e-03   0.000000e+00   0.000000e+00  -0.000000e+00  -4.343658e-03   2.626056e-04   2.916795e-08
   2.490379e-04   1.702806e-02   3.102877e-03  -3.946846e-03   0.000000e+00   0.000000e+00  -0.000000e+00  -1.618791e-04  -1.899644e-03   1.412568e-08
   2.490379e-04   1.497893e-02   7.205330e-03  -2.438671e-09   0.000000e+00   0.000000e+00  -0.000000e+00   1.667781e-10   2.293171e-10   1.169612e-12
   2.490379e-04   1.575365e-02   9.025563e-03  -4.479988e-04   0.000000e+00   0.000000e+00  -0.000000e+00   4.402378e-05  -1.912563e-04   3.495161e-09
   2.490379e-04   1.253749e-02   8.406007e-04  -1.181876e-04   0.000000e+00   0.000000e+00   0.000000e+00   1.807456e-05   5.626176e-05   1.837202e-09
   2.490379e-04   1.180546e-02   4.955405e-03  -8.130289e-03   0.000000e+00   0.000000e+00  -0.000000e+00   3.112859e-03   9.816404e-04   2.263354e-08
   2.490379e-04   1.161026e-02   7.571477e-03  -2.788138e-03   0.000000e+00   0.000000e+00  -0.000000e+00  -8.574760e-05  -1.138447e-04   1.324169e-08
   2.490379e-04   1.348443e-02   6.891510e-03  -1.341518e-09   0.000000e+00   0.000000e+00   0.000000e+00  -4.656011e-12   6.707431e-10   7.319481e-13
   2.490379e-04   1.172693e-02   1.614693e-02  -7.380743e-03   0.000000e+00   0.000000e+00  -0.000000e+00  -4.698521e-04   2.648622e-03   2.304751e-08
   2.490379e-04   1.404805e-02   1.555457e-02  -1.752195e-02   0.000000e+00   0.000000e+00  -0.000000e+00  -2.903325e-03  -5.661816e-03   3.461827e-08
   2.490379e-04   1.721506e-02   1.480856e-02  -3.424271e-03   0.000000e+00   0.000000e+00  -0.000000e+00  -8.937996e-04  -2.926393e-04   1.094347e-08
   2.490379e-04   1.005595e-02   1.539198e-02  -8.783659e-04   0.000000e+00   0.000000e+00  -0.000000e+00  -1.271692e-04   2.982106e-04   5.254724e-09
   2.490379e-04   1.428371e-02   1.237979e-02  -1.217580e-02   0.000000e+00   0.000000e+00  -0.000000e+00  -2.388150e-04   1.093267e-03   3.076482e-08
   2.490379e-04   1.635876e-02   1.232080e-02  -4.310344e-05   0.000000e+00   0.000000e+00  -0.000000e+00  -2.430519e-06   2.511654e-07   7.251052e-10
   2.490379e-04   1.816376e-02   1.221733e-02  -9.073301e-04   0.000000e+00   0.000000e+00  -0.000000e+00  -4.220298e-04  -1.329566e-04   5.805068e-09
                                               -1.978977e-01   0.000000e+00   0.000000e+00   0.000000e+00   2.319789e-03   1.020785e-02   1.425841e-08

              2
             26
          pos_x          pos_y          pos_z       normal_x       normal_y       normal_z        tangt_x        tangt_y        tangt_z          pentr
   1.975008e-02   3.523955e-03   3.553076e-03   6.482942e-02   0.000000e+00   0.000000e+00  -0.000000e+00   1.289903e-02   2.950758e-02   7.569428e-08
   1.975008e-02   7.024660e-03   2.392813e-03   3.932295e-02   0.000000e+00   0.000000e+00  -0.000000e+00   9.434080e-03   1.469942e-02   6.260601e-08
   1.975008e-02   2.417237e-03   6.518619e-03   1.904770e-03   0.000000e+00   0.000000e+00  -0.000000e+00   6.488224e-04  -1.010581e-04   7.174989e-09
   1.975008e-02   5.663037e-03   5.570615e-03   2.219803e-03   0.000000e+00   0.000000e+00  -0.000000e+00   5.956510e-04   8.637621e-04   9.433006e-09
   1.975008e-02   9.649149e-03   5.873104e-03   3.457519e-03   0.000000e+00   0.000000e+00  -0.000000e+00   9.389609e-04   6.568272e-04   1.281317e-08
   1.975008e-02   9.347413e-03   3.284217e-03   9.687873e-10   0.000000e+00   0.000000e+00   0.000000e+00  -1.762512e-10   4.511903e-10   6.904095e-13
   1.975008e-02   9.779415e-03   1.387561e-03   3.699882e-02   0.000000e+00   0.000000e+00  -0.000000e+00   1.527034e-02   1.016910e-02   5.886276e-08
   1.975008e-02   2.403537e-03   1.525362e-02   4.717620e-04   0.000000e+00   0.000000e+00  -0.000000e+00   8.654606e-05   2.790156e-06   3.596310e-09
   1.975008e-02   1.294074e-03   1.233782e-02   7.010696e-05   0.000000e+00   0.000000e+00   0.000000e+00   3.360252e-05   9.980827e-06   9.937434e-10
   1.975008e-02   6.860553e-03   1.119453e-02   6.384258e-04   0.000000e+00   0.000000e+00  -0.000000e+00   7.208067e-05   2.322085e-04   4.074001e-09
   1.975008e-02   1.373271e-03   9.652676e-03   1.670205e-02   0.000000e+00   0.000000e+00  -0.000000e+00   6.527329e-03   4.167631e-03   4.010090e-08
   1.975008e-02   1.909594e-02   1.361548e-03   2.343463e-04   0.000000e+00   0.000000e+00  -0.000000e+00  -7.941041e-05   5.588649e-05   2.849908e-09
   1.975008e-02   1.845836e-02   4.583198e-03   1.618752e-09   0.000000e+00   0.000000e+00   0.000000e+00  -7.941998e-10   1.560005e-10   1.007531e-12
   1.975008e-02   1.802670e-02   5.963177e-03   1.834707e-04   0.000000e+00   0.000000e+00  -0.000000e+00  -5.457484e-05  -1.485528e-05   1.884912e-09
   1.975008e-02   1.398905e-02   1.018864e-03   4.011953e-03   0.000000e+00   0.000000e+00  -0.000000e+00  -1.568173e-04  -9.987382e-05   1.839969e-08
   1.975008e-02   1.249291e-02   5.008314e-03   7.424637e-03   0.000000e+00   0.000000e+00  -0.000000e+00  -9.445219e-04   3.414038e-03   1.812405e-08
   1.975008e-02   1.209447e-02   8.260401e-04   6.532523e-04   0.000000e+00   0.000000e+00  -0.000000e+00   1.644376e-04   1.650121e-04   5.639497e-09
   1.975008e-02   1.533212e-02   8.039198e-03   5.303305e-03   0.000000e+00   0.000000e+00  -0.000000e+00   2.420175e-03   8.718830e-04   1.553479e-08
   1.975008e-02   1.833291e-02   9.631131e-03   1.951814e-04   0.000000e+00   0.000000e+00  -0.000000e+00  -4.665553e-06   5.773682e-05   1.736245e-09
   1.975008e-02   1.181110e-02   1.686202e-02   3.247360e-07   0.000000e+00   0.000000e+00  -0.000000e+00   5.998624e-08   5.501255e-08   2.393062e-11
   1.975008e-02   1.475347e-02   1.685325e-02   1.230168e-03   0.000000e+00   0.000000e+00  -0.000000e+00   6.023204e-06  -1.479990e-05   5.489339e-09
   1.975008e-02   1.901383e-02   1.676701e-02   2.241843e-04   0.000000e+00   0.000000e+00  -0.000000e+00  -5.066357e-05  -7.221540e-06   2.147767e-09
   1.975008e-02   1.749741e-02   1.467503e-02   7.976773e-04   0.000000e+00   0.000000e+00  -0.000000e+00   1.668504e-04  -9.892395e-05   4.330529e-09
   1.975008e-02   1.287492e-02   1.487351e-02   6.419553e-08   0.000000e+00   0.000000e+00  -0.000000e+00  -7.263934e-10  -5.433299e-09   9.263389e-12
   1.975008e-02   1.626898e-02   1.179711e-02   1.878447e-08   0.000000e+00   0.000000e+00  -0.000000e+00  -7.559300e-09   3.252203e-09   4.480145e-12
   1.975008e-02   1.188700e-02   1.229120e-02   2.604520e-03   0.000000e+00   0.000000e+00  -0.000000e+00  -8.269445e-05   1.174643e-03   9.566843e-09
                                                1.894787e-01   0.000000e+00   0.000000e+00   0.000000e+00   4.789063e-02   6.571182e-02   1.388816e-08

              3
             32
          pos_x          pos_y          pos_z       normal_x       normal_y       normal_z        tangt_x        tangt_y        tangt_z          pentr
   2.475937e-03   2.477986e-04   1.179803e-03   0.000000e+00  -9.664503e-04   0.000000e+00  -3.922623e-04  -0.000000e+00   1.991750e-04   6.884528e-09
   6.218992e-03   2.477986e-04   1.135849e-03   0.000000e+00  -1.516163e-02   0.000000e+00  -3.052397e-03  -0.000000e+00   3.859499e-03   4.223482e-08
   7.385076e-03   2.477986e-04   2.953344e-03   0.000000e+00  -1.865195e-04   0.000000e+00  -4.094903e-05  -0.000000e+00   5.715016e-05   1.671920e-09
   4.130324e-03   2.477986e-04   2.291196e-03   0.000000e+00  -1.176497e-04   0.000000e+00   2.875359e-05  -0.000000e+00   1.980344e-05   1.501861e-09
   2.535157e-03   2.477986e-04   3.702666e-03   0.000000e+00  -1.317556e-02   0.000000e+00   1.901982e-03  -0.000000e+00  -3.299450e-03   3.407796e-08
   1.874660e-03   2.477986e-04   6.536365e-03   0.000000e+00  -2.273191e-02   0.000000e+00   6.038780e-03  -0.000000e+00   2.495933e-03   4.797406e-08
   1.632246e-03   2.477986e-04   8.669139e-03   0.000000e+00  -2.716305e-03   0.000000e+00   2.146774e-05  -0.000000e+00   5.550208e-04   1.020387e-08
   1.068002e-03   2.477986e-04   3.959929e-03   0.000000e+00  -1.184526e-04   0.000000e+00   1.180876e-05  -0.000000e+00  -2.340286e-06   1.755387e-09
   5.704518e-03   2.477986e-04   6.755068e-03   0.000000e+00  -5.705384e-03   0.000000e+00   1.233157e-03  -0.000000e+00   1.630656e-05   2.323215e-08
   9.528042e-03   2.477986e-04   1.681589e-03   0.000000e+00  -2.452052e-02   0.000000e+00  -3.942173e-03  -0.000000e+00   6.627980e-04   5.333383e-08
   8.253681e-03   2.477986e-04   9.570054e-03   0.000000e+00  -3.358493e-09   0.000000e+00   2.215752e-10   0.000000e+00   1.664564e-09   1.368809e-12
   1.322541e-03   2.477986e-04   1.704833e-02   0.000000e+00  -1.000556e-04   0.000000e+00   5.974452e-06  -0.000000e+00   1.847862e-06   1.473991e-09
   4.206061e-03   2.477986e-04   1.551546e-02   0.000000e+00  -6.852336e-03   0.000000e+00  -7.396302e-05  -0.000000e+00   2.656779e-03   2.453169e-08
   1.811250e-03   2.477986e-04   1.458623e-02   0.000000e+00  -2.073415e-08   0.000000e+00   4.506662e-09   0.000000e+00  -9.336287e-09   3.957277e-12
   8.517376e-03   2.477986e-04   1.280261e-02   0.000000e+00  -2.159827e-03   0.000000e+00   9.288794e-04  -0.000000e+00  -4.102335e-04   8.454897e-09
   2.710717e-03   2.477986e-04   1.289394e-02   0.000000e+00  -1.292485e-03   0.000000e+00  -1.348427e-04  -0.000000e+00  -5.484783e-05   8.457602e-09
   1.219862e-03   2.477986e-04   1.091924e-02   0.000000e+00  -1.122131e-09   0.000000e+00   1.325533e-10  -0.000000e+00  -4.132550e-11   6.354251e-13
   3.081833e-03   2.477986e-04   1.093235e-02   0.000000e+00  -3.487740e-04   0.000000e+00  -1.025717e-04  -0.000000e+00  -2.451381e-05   3.069291e-09
   5.708406e-03   2.477986e-04   1.114246e-02   0.000000e+00  -5.308206e-03   0.000000e+00   1.056256e-03  -0.000000e+00  -2.210148e-03   2.114798e-08
   8.311109e-03   2.477986e-04   1.761701e-02   0.000000e+00  -1.009896e-04   0.000000e+00   4.470220e-06  -0.000000e+00  -3.105359e-05   1.494458e-09
   1.836406e-02   2.477986e-04   6.453809e-03   0.000000e+00  -1.213028e-03   0.000000e+00  -1.400231e-04  -0.000000e+00  -4.464831e-06   7.187669e-09
   1.738251e-02   2.477986e-04   2.067645e-03   0.000000e+00  -6.258729e-02   0.000000e+00  -1.446932e-03  -0.000000e+00   2.910999e-02   8.739356e-08
   1.697050e-02   2.477986e-04   4.937523e-03   0.000000e+00  -7.801298e-03   0.000000e+00  -3.237731e-03  -0.000000e+00   1.019864e-03   2.072838e-08
   1.497368e-02   2.477986e-04   3.277947e-03   0.000000e+00  -3.222501e-02   0.000000e+00  -6.419608e-03  -0.000000e+00   1.226081e-02   5.495375e-08
   1.520358e-02   2.477986e-04   1.073416e-03   0.000000e+00  -1.454183e-03   0.000000e+00  -3.383511e-04  -0.000000e+00   1.689354e-04   9.708072e-09
   1.102361e-02   2.477986e-04   6.468246e-03   0.000000e+00  -1.338183e-02   0.000000e+00   9.661084e-04  -0.000000e+00   4.572225e-03   3.525549e-08
   1.437499e-02   2.477986e-04   9.509131e-03   0.000000e+00  -7.091068e-03   0.000000e+00   1.128271e-03  -0.000000e+00   2.992649e-03   1.976538e-08
   1.004403e-02   2.477986e-04   4.051556e-03   0.000000e+00  -4.783543e-04   0.000000e+00  -1.708321e-05  -0.000000e+00   1.327015e-05   3.130044e-09
   1.024105e-02   2.477986e-04   1.096663e-02   0.000000e+00  -1.219375e-03   0.000000e+00  -2.062674e-04  -0.000000e+00  -6.640193e-05   6.779309e-09
   1.719761e-02   2.477986e-04   1.517443e-02   0.000000e+00  -4.008725e-04   0.000000e+00  -1.220960e-04  -0.000000e+00  -4.452397e-06   2.871156e-09
   1.906513e-02   2.477986e-04   1.203080e-02   0.000000e+00  -1.077431e-04   0.000000e+00  -1.528141e-05  -0.000000e+00  -6.595184e-06   1.775684e-09
   1.835252e-02   2.477986e-04   9.559393e-03   0.000000e+00  -1.145269e-02   0.000000e+00  -2.351005e-03  -0.000000e+00   4.342590e-03   2.634480e-08
                                                0.000000e+00  -2.409758e-01   0.000000e+00  -8.707622e-03   0.000000e+00   5.889014e-02   1.773124e-08

              4
             30
          pos_x          pos_y          pos_z       normal_x       normal_y       normal_z        tangt_x        tangt_y        tangt_z          pentr
   2.212406e-03   1.975008e-02   2.715718e-03   0.000000e+00   2.880900e-02   0.000000e+00   3.792812e-03  -0.000000e+00   4.184920e-03   5.112908e-08
   6.334373e-03   1.975008e-02   6.419365e-03   0.000000e+00   8.876188e-03   0.000000e+00  -4.153603e-04  -0.000000e+00   2.857125e-03   2.571973e-08
   4.264175e-03   1.975008e-02   4.657684e-03   0.000000e+00   1.311550e-03   0.000000e+00   1.448085e-04  -0.000000e+00   1.954433e-04   6.013144e-09
   7.777892e-03   1.975008e-02   2.880607e-03   0.000000e+00   1.947959e-02   0.000000e+00   1.910252e-03  -0.000000e+00   1.248394e-03   4.257589e-08
   9.966730e-03   1.975008e-02   7.828656e-03   0.000000e+00   4.999183e-04   0.000000e+00   4.239069e-05  -0.000000e+00   1.868164e-04   3.847658e-09
   1.985634e-03   1.975008e-02   5.217483e-03   0.000000e+00   2.825560e-03   0.000000e+00   3.530178e-04  -0.000000e+00   8.309402e-04   1.261259e-08
   1.774651e-03   1.975008e-02   7.384978e-03   0.000000e+00   6.254860e-03   0.000000e+00   2.201676e-03  -0.000000e+00  -1.468424e-03   2.335131e-08
   5.079463e-03   1.975008e-02   1.518883e-03   0.000000e+00   5.566942e-03   0.000000e+00   2.705686e-03  -0.000000e+00  -1.105288e-04   1.671629e-08
   8.331858e-03   1.975008e-02   9.298609e-03   0.000000e+00   1.020573e-02   0.000000e+00   1.963914e-03  -0.000000e+00   5.848534e-04   2.353901e-08
   7.536796e-03   1.975008e-02   6.929565e-03   0.000000e+00   8.126401e-09   0.000000e+00  -1.423121e-09   0.000000e+00   3.805828e-09   2.716719e-12
   1.012309e-02   1.975008e-02   1.433950e-03   0.000000e+00   8.972845e-05   0.000000e+00   9.115581e-07  -0.000000e+00   5.187521e-06   1.370333e-09
   7.672362e-03   1.975008e-02   1.642244e-02   0.000000e+00   4.561200e-03   0.000000e+00   1.127908e-03  -0.000000e+00  -7.827340e-04   1.933344e-08
   5.164201e-03   1.975008e-02   1.548214e-02   0.000000e+00   3.726494e-03   0.000000e+00   1.407666e-03  -0.000000e+00  -1.070699e-03   1.489909e-08
   2.537161e-03   1.975008e-02   1.544895e-02   0.000000e+00   2.989810e-03   0.000000e+00  -6.455429e-04  -0.000000e+00  -4.078318e-04   1.058940e-08
   1.007810e-02   1.975008e-02   1.517863e-02   0.000000e+00   3.662993e-03   0.000000e+00   4.717585e-04  -0.000000e+00   2.748693e-04   1.062171e-08
   6.191452e-03   1.975008e-02   1.263680e-02   0.000000e+00   4.297566e-03   0.000000e+00   7.669774e-04  -0.000000e+00   3.019158e-04   1.371991e-08
   1.984084e-03   1.975008e-02   1.180145e-02   0.000000e+00   7.707175e-04   0.000000e+00   2.907571e-04  -0.000000e+00  -1.639954e-04   4.943834e-09
   4.433432e-03   1.975008e-02   9.628638e-03   0.000000e+00   2.894033e-03   0.000000e+00   2.994998e-04  -0.000000e+00   6.919642e-06   8.837402e-09
   1.890826e-02   1.975008e-02   8.820574e-04   0.000000e+00   4.050001e-04   0.000000e+00  -1.122664e-04  -0.000000e+00   1.435226e-04   3.454825e-09
   1.839772e-02   1.975008e-02   6.432700e-03   0.000000e+00   2.340835e-04   0.000000e+00  -6.594633e-05  -0.000000e+00   2.279604e-05   2.612120e-09
   1.759769e-02   1.975008e-02   2.702251e-03   0.000000e+00   2.533710e-03   0.000000e+00   7.118113e-05  -0.000000e+00   4.557055e-04   1.057087e-08
   1.391461e-02   1.975008e-02   4.199176e-03   0.000000e+00   1.096408e-03   0.000000e+00   2.366500e-04  -0.000000e+00  -3.457645e-04   6.409467e-09
   1.574882e-02   1.975008e-02   1.101221e-03   0.000000e+00   9.880629e-05   0.000000e+00  -1.327282e-06  -0.000000e+00   4.318476e-05   1.233246e-09
   1.195803e-02   1.975008e-02   2.426593e-03   0.000000e+00   1.964819e-02   0.000000e+00  -2.517195e-03  -0.000000e+00   3.178406e-03   3.645610e-08
   1.143888e-02   1.975008e-02   5.708225e-03   0.000000e+00   2.940447e-04   0.000000e+00   6.423888e-05  -0.000000e+00  -1.198264e-04   2.407178e-09
   1.146750e-02   1.975008e-02   9.509526e-03   0.000000e+00   2.554886e-03   0.000000e+00  -7.969974e-05  -0.000000e+00   9.306158e-04   9.834095e-09
   1.685599e-02   1.975008e-02   8.586508e-03   0.000000e+00   9.884892e-06   0.000000e+00  -3.120693e-06  -0.000000e+00  -1.035862e-06   2.611205e-10
   1.909484e-02   1.975008e-02   1.687042e-02   0.000000e+00   2.538601e-04   0.000000e+00  -4.866989e-05  -0.000000e+00   7.233235e-06   2.544789e-09
   1.683347e-02   1.975008e-02   1.342359e-02   0.000000e+00   4.349994e-08   0.000000e+00  -6.187259e-09  -0.000000e+00   5.380028e-09   5.820372e-12
   1.205813e-02   1.975008e-02   1.195502e-02   0.000000e+00   5.509572e-05   0.000000e+00  -1.152964e-06  -0.000000e+00  -6.041960e-06   7.186616e-10
                                                0.000000e+00   1.340059e-01   0.000000e+00   1.396182e-02   0.000000e+00   1.098198e-02   1.221103e-08

              5
             40
          pos_x          pos_y          pos_z       normal_x       normal_y       normal_z        tangt_x        tangt_y        tangt_z          pentr
   2.618484e-03   1.710343e-03   2.464364e-04   0.000000e+00   0.000000e+00  -4.734737e-04  -1.063238e-04   1.040774e-04  -0.000000e+00   3.165929e-09
   6.276564e-03   1.636126e-03   2.464364e-04   0.000000e+00   0.000000e+00  -1.364951e-02  -1.977306e-03   4.077969e-03  -0.000000e+00   2.900247e-08
   1.529752e-03   3.406862e-03   2.464364e-04   0.000000e+00   0.000000e+00  -1.676774e-03   5.869043e-04  -4.441520e-04  -0.000000e+00   9.293855e-09
   6.221727e-03   8.907232e-03   2.464364e-04   0.000000e+00   0.000000e+00  -9.397735e-03  -2.303227e-03   2.951758e-03  -0.000000e+00   3.068268e-08
   1.337413e-03   9.635111e-03   2.464364e-04   0.000000e+00   0.000000e+00  -2.134121e-03   2.820981e-04   3.476184e-04  -0.000000e+00   9.136248e-09
   8.744890e-04   6.592025e-03   2.464364e-04   0.000000e+00   0.000000e+00  -6.727128e-05   2.165817e-05   1.413239e-05  -0.000000e+00   1.105493e-09
   2.600516e-03   6.726560e-03   2.464364e-04   0.000000e+00   0.000000e+00  -1.029800e-03   1.540934e-04  -7.086202e-05  -0.000000e+00   5.881373e-09
   4.066132e-03   8.963897e-03   2.464364e-04   0.000000e+00   0.000000e+00  -6.800440e-04  -5.240547e-05   1.572942e-04  -0.000000e+00   3.770180e-09
   4.424823e-03   6.526899e-03   2.464364e-04   0.000000e+00   0.000000e+00  -2.751834e-10  -5.695989e-12   4.275138e-12  -0.000000e+00   3.009937e-13
   6.437462e-03   7.018984e-03   2.464364e-04   0.000000e+00   0.000000e+00  -1.563463e-09  -7.605023e-10   6.066624e-11  -0.000000e+00   7.810388e-13
   8.460751e-03   4.998407e-03   2.464364e-04   0.000000e+00   0.000000e+00  -1.531009e-02  -7.653409e-04   1.277661e-03  -0.000000e+00   3.605804e-08
   9.214108e-03   2.522761e-03   2.464364e-04   0.000000e+00   0.000000e+00  -2.882555e-03  -7.315700e-04   5.622119e-04  -0.000000e+00   9.338707e-09
   1.306681e-03   1.814645e-02   2.464364e-04   0.000000e+00   0.000000e+00  -3.986098e-02   1.132599e-02  -2.521436e-03  -0.000000e+00   5.969730e-08
   6.570599e-03   1.800788e-02   2.464364e-04   0.000000e+00   0.000000e+00  -7.123791e-10   1.175240e-10  -6.205561e-11  -0.000000e+00   4.604315e-13
   7.033849e-03   1.504543e-02   2.464364e-04   0.000000e+00   0.000000e+00  -3.970608e-09  -1.300153e-10  -1.981042e-09   0.000000e+00   1.482738e-12
   3.513917e-03   1.247828e-02   2.464364e-04   0.000000e+00   0.000000e+00  -2.810563e-09  -6.675317e-12   7.411409e-10  -0.000000e+00   1.142589e-12
   5.216671e-03   1.589138e-02   2.464364e-04   0.000000e+00   0.000000e+00  -8.117392e-03  -3.997862e-03  -4.742579e-04  -0.000000e+00   2.052970e-08
   9.186370e-03   1.333642e-02   2.464364e-04   0.000000e+00   0.000000e+00  -1.424514e-02   4.581881e-04  -1.305009e-03  -0.000000e+00   3.446488e-08
   1.139851e-03   1.234566e-02   2.464364e-04   0.000000e+00   0.000000e+00  -8.034030e-05   3.384476e-05  -7.298688e-06  -0.000000e+00   1.066087e-09
   9.603198e-03   1.526234e-02   2.464364e-04   0.000000e+00   0.000000e+00  -5.674493e-09  -5.721429e-11   1.981827e-10  -0.000000e+00   1.913333e-12
   9.903432e-03   1.877836e-02   2.464364e-04   0.000000e+00   0.000000e+00  -1.095780e-04  -9.142754e-06  -4.042692e-05  -0.000000e+00   1.791127e-09
   1.765828e-02   5.846419e-03   2.464364e-04   0.000000e+00   0.000000e+00  -1.500221e-02  -3.851557e-03   5.061664e-03  -0.000000e+00   3.388060e-08
   1.681392e-02   2.200596e-03   2.464364e-04   0.000000e+00   0.000000e+00  -7.458429e-02  -5.511972e-03   3.632427e-02  -0.000000e+00   9.631964e-08
   1.821341e-02   3.974186e-03   2.464364e-04   0.000000e+00   0.000000e+00  -4.488542e-10   3.946123e-11  -9.281160e-11  -0.000000e+00   3.357440e-13
   1.494266e-02   1.396192e-03   2.464364e-04   0.000000e+00   0.000000e+00  -7.565223e-04  -2.537901e-04   1.128884e-04  -0.000000e+00   4.991561e-09
   1.410286e-02   3.433191e-03   2.464364e-04   0.000000e+00   0.000000e+00  -5.725145e-03  -2.338207e-03  -9.064689e-04  -0.000000e+00   2.246140e-08
   1.382147e-02   7.230403e-03   2.464364e-04   0.000000e+00   0.000000e+00  -7.093936e-10   6.972386e-11   5.073179e-11  -0.000000e+00   4.686158e-13
   1.863355e-02   9.119287e-03   2.464364e-04   0.000000e+00   0.000000e+00  -2.537601e-02  -1.220028e-02   1.625967e-04  -0.000000e+00   4.571564e-08
   1.116122e-02   6.358327e-03   2.464364e-04   0.000000e+00   0.000000e+00  -2.063734e-03   4.613686e-04  -1.941754e-04  -0.000000e+00   8.287154e-09
   1.091545e-02   8.429865e-03   2.464364e-04   0.000000e+00   0.000000e+00  -1.995584e-10   6.492163e-11   2.026164e-11  -0.000000e+00   2.481078e-13
   1.873513e-02   1.747871e-02   2.464364e-04   0.000000e+00   0.000000e+00  -2.659605e-10   1.318906e-10  -9.646298e-12  -0.000000e+00   2.633532e-13
   1.861695e-02   1.924818e-02   2.464364e-04   0.000000e+00   0.000000e+00  -2.770506e-04  -3.101409e-05  -5.477128e-05  -0.000000e+00   3.126587e-09
   1.425943e-02   1.625026e-02   2.464364e-04   0.000000e+00   0.000000e+00  -4.152087e-03   6.211889e-04  -5.191975e-04  -0.000000e+00   1.511432e-08
   1.577453e-02   1.910133e-02   2.464364e-04   0.000000e+00   0.000000e+00  -1.286816e-04   2.621878e-06  -6.428736e-05   0.000000e+00   1.825362e-09
   1.739967e-02   1.204013e-02   2.464364e-04   0.000000e+00   0.000000e+00  -1.904330e-10  -5.301505e-11   5.971932e-11  -0.000000e+00   2.448345e-13
   1.891865e-02   1.181890e-02   2.464364e-04   0.000000e+00   0.000000e+00  -1.430397e-03  -8.145960e-05   2.456010e-04  -0.000000e+00   7.331897e-09
   1.159432e-02   1.672544e-02   2.464364e-04   0.000000e+00   0.000000e+00  -2.821689e-03  -8.257243e-04  -1.891909e-04  -0.000000e+00   1.205305e-08
   1.380146e-02   1.272668e-02   2.464364e-04   0.000000e+00   0.000000e+00  -8.330670e-05  -2.633713e-05  -2.623313e-06  -0.000000e+00   1.134286e-09
   1.503552e-02   1.396249e-02   2.464364e-04   0.000000e+00   0.000000e+00  -5.803247e-10   4.928128e-11  -9.370135e-11  -0.000000e+00   4.262513e-13
   1.087615e-02   1.087203e-02   2.464364e-04   0.000000e+00   0.000000e+00  -2.083297e-02  -1.240400e-03   8.971257e-03  -0.000000e+00   3.346874e-08
                                                0.000000e+00   0.000000e+00  -2.629489e-01  -2.235596e-02   5.357684e-02   0.000000e+00   1.351756e-08

              6
             23
          pos_x          pos_y          pos_z       normal_x       normal_y       normal_z        tangt_x        tangt_y        tangt_z          pentr
   2.111556e-03   8.620058e-03   1.883160e-02   0.000000e+00   0.000000e+00   4.584258e-03   1.040194e-03   9.435907e-04  -0.000000e+00   1.297025e-08
   5.329055e-03   7.779448e-03   1.883160e-02   0.000000e+00   0.000000e+00   1.276045e-08   3.648228e-09   5.234281e-09   0.000000e+00   3.609706e-12
   2.530074e-03   3.302551e-03   1.883160e-02   0.000000e+00   0.000000e+00   1.863508e-02   4.021163e-03  -6.404386e-03  -0.000000e+00   3.208845e-08
   8.378460e-03   4.743458e-03   1.883160e-02   0.000000e+00   0.000000e+00   2.004537e-03   9.013547e-04  -3.169747e-04  -0.000000e+00   9.378670e-09
   5.796644e-03   4.637920e-03   1.883160e-02   0.000000e+00   0.000000e+00   1.413992e-03   1.018681e-05  -2.134128e-04  -0.000000e+00   6.563138e-09
   8.028499e-03   6.568675e-03   1.883160e-02   0.000000e+00   0.000000e+00   5.527459e-04  -1.596620e-04   8.055423e-05  -0.000000e+00   4.302196e-09
   8.136396e-03   1.368524e-03   1.883160e-02   0.000000e+00   0.000000e+00   1.098019e-04  -6.049123e-06   3.899731e-05  -0.000000e+00   1.682527e-09
   7.619804e-03   9.855845e-03   1.883160e-02   0.000000e+00   0.000000e+00   4.293910e-03  -1.489768e-03   1.493133e-03  -0.000000e+00   1.376401e-08
   1.949937e-03   1.228411e-02   1.883160e-02   0.000000e+00   0.000000e+00   3.113984e-03   1.118864e-03   6.130579e-04  -0.000000e+00   1.152355e-08
   2.882727e-03   1.554565e-02   1.883160e-02   0.000000e+00   0.000000e+00   4.283922e-02   7.961972e-03   9.558256e-03  -0.000000e+00   5.261455e-08
   8.968367e-03   1.802660e-02   1.883160e-02   0.000000e+00   0.000000e+00   3.112474e-09   3.235692e-10  -1.592956e-10  -0.000000e+00   1.108690e-12
   6.259182e-03   1.818780e-02   1.883160e-02   0.000000e+00   0.000000e+00   9.769717e-03   4.524843e-03  -1.145744e-03  -0.000000e+00   2.380698e-08
   4.973033e-03   1.328330e-02   1.883160e-02   0.000000e+00   0.000000e+00   1.851005e-08  -3.847012e-09  -8.417599e-09   0.000000e+00   4.372686e-12
   7.627388e-03   1.375403e-02   1.883160e-02   0.000000e+00   0.000000e+00   1.273740e-03   4.027870e-06   4.726132e-04  -0.000000e+00   5.673495e-09
   6.147225e-03   1.200768e-02   1.883160e-02   0.000000e+00   0.000000e+00   1.844377e-10  -7.383432e-11  -5.525221e-11   0.000000e+00   2.539531e-13
   4.407963e-03   1.078799e-02   1.883160e-02   0.000000e+00   0.000000e+00   7.071534e-03   1.073576e-03  -4.909564e-04  -0.000000e+00   2.088458e-08
   1.368974e-02   3.787821e-03   1.883160e-02   0.000000e+00   0.000000e+00   2.907456e-08  -3.754099e-09   3.763659e-09  -0.000000e+00   4.311239e-12
   1.085394e-02   7.271789e-03   1.883160e-02   0.000000e+00   0.000000e+00   4.400182e-03   1.276520e-03   5.172883e-05  -0.000000e+00   1.230196e-08
   1.687043e-02   9.401042e-03   1.883160e-02   0.000000e+00   0.000000e+00   1.512746e-08   5.131692e-09   5.556597e-09   0.000000e+00   3.766886e-12
   1.081962e-02   1.436285e-02   1.883160e-02   0.000000e+00   0.000000e+00   8.269450e-04   1.909775e-04  -5.235602e-05  -0.000000e+00   5.403549e-09
   1.793653e-02   1.126536e-02   1.883160e-02   0.000000e+00   0.000000e+00   3.424001e-10   3.733185e-23  -1.041368e-23   0.000000e+00   2.848485e-13
   1.512356e-02   1.839019e-02   1.883160e-02   0.000000e+00   0.000000e+00   3.457571e-08  -1.124339e-09   1.080904e-10  -0.000000e+00   5.016765e-12
   1.837658e-02   1.514186e-02   1.883160e-02   0.000000e+00   0.000000e+00   3.556608e-03  -1.050210e-03  -1.374100e-05  -0.000000e+00   1.417971e-08
                                                0.000000e+00   0.000000e+00   1.044464e-01   1.941799e-02   4.614366e-03   0.000000e+00   9.876536e-09

