     iteration=        5399999       process=              0       (i,j,k)=              0              0              0       (x,y,z)=   5.133715e-03   5.132536e-03   4.901622e-03     particles=             68
fabric=[ ...   
   3.771191e-01  -1.349962e-02  -2.529904e-02;
  -1.349962e-02   3.324729e-01   5.044099e-03;
  -2.529904e-02   5.044099e-03   2.818611e-01]
sigma=[ ...    
  -1.649066e+03  -5.828295e+01   3.825389e+02;
  -5.284671e+01  -1.646718e+03  -1.134593e+02;
   3.756043e+02  -1.160697e+02  -9.653543e+02]
sigmaDot=[ ... 
  -6.424457e+05   7.741843e+05   8.598504e+06;
  -4.440698e+06  -7.977610e+05   5.792968e+05;
  -2.645920e+05  -1.150370e+06   7.867498e+03]
intgraE=[ ...  
   7.884869e-03  -1.366420e-02   2.578252e-02;
  -1.366420e-02  -1.192990e-02  -3.909432e-03;
   2.578252e-02  -3.909432e-03   3.527059e-02]
E=[ ...        
   3.370946e-02   1.397974e-02   1.504773e-02;
   1.397974e-02  -1.066077e-02   2.398391e-04;
   1.504773e-02   2.398391e-04   2.227891e-02]
e=[ ...        
   3.123948e-02   1.305455e-02   1.349425e-02;
   1.305455e-02  -1.143884e-02  -5.172253e-04;
   1.349425e-02  -5.172253e-04   2.071155e-02]
intgraF=[ ...  
   1.007570e+00  -1.570145e-02   2.966231e-02;
  -1.152026e-02   9.878545e-01  -1.059467e-03;
   2.094862e-02  -6.097715e-03   1.034244e+00]
F=[ ...        
   1.033116e+00   2.008258e-02   2.311293e-02;
   7.259039e-03   9.890640e-01  -5.413986e-03;
   6.123187e-03   5.255919e-03   1.021760e+00]
R=[ ...        
   9.999457e-01   6.324976e-03   8.286303e-03;
  -6.280831e-03   9.999660e-01  -5.342665e-03;
  -8.319814e-03   5.290330e-03   9.999514e-01]
U=[ ...        
   1.032963e+00   1.382562e-02   1.464482e-02;
   1.382562e-02   9.891852e-01   1.378362e-04;
   1.464482e-02   1.378362e-04   1.021931e+00]
l=[ ...        
  -1.806821e-02   3.581666e-02  -1.160858e-02;
  -4.839061e-02   1.735798e-03  -5.134314e-02;
   1.047992e-02  -1.160825e-03   6.998700e-03]
d=[ ...        
  -1.806821e-02  -6.286974e-03  -5.643330e-04;
  -6.286974e-03   1.735798e-03  -2.625198e-02;
  -5.643330e-04  -2.625198e-02   6.998700e-03]
     iteration=        5399999       process=              1       (i,j,k)=              0              0              1       (x,y,z)=   5.133715e-03   5.132536e-03   1.417494e-02     particles=             57
fabric=[ ...   
   2.710630e-01  -2.518696e-02  -3.996427e-03;
  -2.518696e-02   3.541872e-01  -1.866337e-02;
  -3.996427e-03  -1.866337e-02   3.747498e-01]
sigma=[ ...    
  -4.477319e+02   9.137617e+01   4.798629e+01;
   8.908557e+01  -6.932347e+02  -1.047153e+01;
   4.602900e+01  -1.301270e+01  -5.538961e+02]
sigmaDot=[ ... 
   1.399831e+05  -2.613377e+04  -1.517155e+05;
   1.842637e+05  -1.571677e+05   1.024347e+04;
  -2.386823e+03   2.048621e+05   9.446032e+04]
intgraE=[ ...  
  -9.728395e-02   1.392803e-02  -2.796987e-01;
   1.392803e-02   4.985282e-02  -2.474023e-02;
  -2.796987e-01  -2.474023e-02   5.674049e-01]
E=[ ...        
   4.628588e-02   4.287855e-02  -1.428393e-01;
   4.287855e-02  -2.247968e-01  -1.356008e-01;
  -1.428393e-01  -1.356008e-01   2.257227e-01]
e=[ ...        
   5.320503e-03   1.398580e-01  -5.414154e-02;
   1.398580e-01  -4.346686e-01  -2.356206e-01;
  -5.414154e-02  -2.356206e-01   4.742827e-02]
intgraF=[ ...  
   8.961321e-01   3.413812e-02  -6.941767e-01;
  -4.446828e-03   1.047366e+00  -7.308831e-02;
   4.857615e-02   3.955150e-02   1.283584e+00]
F=[ ...        
   1.023879e+00  -6.723550e-02  -2.233166e-01;
   2.103387e-01   7.354759e-01  -2.789741e-01;
   1.433721e-03  -7.043433e-02   1.150543e+00]
R=[ ...        
   9.810277e-01  -1.642094e-01  -1.030534e-01;
   1.536164e-01   9.826954e-01  -1.034978e-01;
   1.182654e-01   8.570355e-02   9.892766e-01]
U=[ ...        
   1.036934e+00   3.869135e-02  -1.258654e-01;
   3.869135e-02   7.277529e-01  -1.388703e-01;
  -1.258654e-01  -1.388703e-01   1.190092e+00]
l=[ ...        
   1.060997e-02  -2.899823e-02   1.002281e-02;
   1.864722e-03  -1.014321e-02  -1.977103e-02;
  -4.971662e-03  -6.869982e-03  -5.344125e-02]
d=[ ...        
   1.060997e-02  -1.356676e-02   2.525575e-03;
  -1.356676e-02  -1.014321e-02  -1.332051e-02;
   2.525575e-03  -1.332051e-02  -5.344125e-02]
     iteration=        5399999       process=              2       (i,j,k)=              0              1              0       (x,y,z)=   5.133715e-03   1.486423e-02   4.901622e-03     particles=             74
fabric=[ ...   
   3.223821e-01  -1.067926e-02  -2.680080e-02;
  -1.067926e-02   3.183349e-01  -1.491491e-02;
  -2.680080e-02  -1.491491e-02   3.509497e-01]
sigma=[ ...    
  -1.571574e+03   2.468729e+01  -4.731270e+01;
   2.209184e+01  -1.667160e+03   1.814910e+01;
  -4.699015e+01   1.620663e+01  -1.970835e+03]
sigmaDot=[ ... 
  -1.046560e+06   1.144520e+05  -1.241869e+06;
  -6.572620e+05  -5.522737e+05  -6.416510e+05;
   8.657874e+04   2.320104e+06  -9.985837e+04]
intgraE=[ ...  
   2.191127e-02   1.348071e-02   1.567667e-02;
   1.348071e-02  -4.861244e-02  -7.600618e-03;
   1.567667e-02  -7.600618e-03   1.075984e-03]
E=[ ...        
   5.272120e-03   3.588345e-02   2.480977e-02;
   3.588345e-02   3.611373e-02   6.774429e-02;
   2.480977e-02   6.774429e-02   2.277132e-02]
e=[ ...        
   2.310091e-03   3.027815e-02   2.024596e-02;
   3.027815e-02   2.338293e-02   6.038134e-02;
   2.024596e-02   6.038134e-02   1.342048e-02]
intgraF=[ ...  
   1.021259e+00   9.444844e-03   8.650112e-03;
   1.845942e-02   9.500473e-01  -5.759013e-03;
   2.260255e-02  -9.801588e-03   1.001021e+00]
F=[ ...        
   1.004313e+00   4.777340e-02   9.035388e-03;
   2.064993e-02   1.032379e+00   6.724648e-02;
   3.837884e-02   6.432947e-02   1.020264e+00]
R=[ ...        
   9.997924e-01   1.383319e-02  -1.495792e-02;
  -1.380579e-02   9.999028e-01   1.933348e-03;
   1.498321e-02  -1.726441e-03   9.998863e-01]
U=[ ...        
   1.004395e+00   3.447453e-02   2.339196e-02;
   3.447453e-02   1.032829e+00   6.560351e-02;
   2.339196e-02   6.560351e-02   1.020143e+00]
l=[ ...        
  -2.440931e-03   1.709515e-02   2.194393e-02;
   3.712084e-02   6.455041e-04   7.329407e-03;
   3.248146e-02   1.113821e-02  -9.742799e-03]
d=[ ...        
  -2.440931e-03   2.710799e-02   2.721269e-02;
   2.710799e-02   6.455041e-04   9.233807e-03;
   2.721269e-02   9.233807e-03  -9.742799e-03]
     iteration=        5399999       process=              3       (i,j,k)=              0              1              1       (x,y,z)=   5.133715e-03   1.486423e-02   1.417494e-02     particles=             46
fabric=[ ...   
   3.135887e-01   3.355831e-02  -8.182759e-03;
   3.355831e-02   3.056236e-01   1.348668e-02;
  -8.182759e-03   1.348668e-02   3.701494e-01]
sigma=[ ...    
  -1.602327e+03  -1.729808e+02  -3.542337e+02;
  -1.873530e+02  -1.317945e+03   2.378452e+01;
  -3.573045e+02   2.774348e+01  -2.610478e+03]
sigmaDot=[ ... 
  -7.849410e+05  -8.240968e+05   9.748897e+04;
  -8.419167e+05   4.264071e+04  -6.438367e+05;
   4.338158e+05  -1.579997e+06  -4.660778e+05]
intgraE=[ ...  
   4.637556e-03   8.400345e-02  -8.594154e-02;
   8.400345e-02  -2.825948e-02  -3.414939e-02;
  -8.594154e-02  -3.414939e-02   1.500314e-01]
E=[ ...        
   4.655906e-02   9.531535e-02   1.529278e-01;
   9.531535e-02  -3.087583e-02   3.773458e-02;
   1.529278e-01   3.773458e-02   1.964952e-01]
e=[ ...        
  -5.107454e-02   9.165321e-02   5.597084e-02;
   9.165321e-02  -4.450626e-02   4.609884e-02;
   5.597084e-02   4.609884e-02   1.570188e-01]
intgraF=[ ...  
   1.000842e+00   8.420850e-02  -1.552817e-01;
   8.627473e-02   9.674310e-01  -3.185514e-02;
  -1.215303e-02  -2.161405e-02   1.129130e+00]
F=[ ...        
   9.606482e-01   6.325871e-02  -1.671978e-01;
   1.356182e-01   9.665593e-01   9.280014e-02;
   3.897190e-01  -3.134790e-03   1.164656e+00]
R=[ ...        
   9.665671e-01  -2.035298e-02  -2.556049e-01;
   3.429154e-02   9.981506e-01   5.019362e-02;
   2.541106e-01  -5.728059e-02   9.654775e-01]
U=[ ...        
   1.032213e+00   9.349200e-02   1.375257e-01;
   9.349200e-02   9.636638e-01   2.931931e-02;
   1.375257e-01   2.931931e-02   1.171844e+00]
l=[ ...        
   4.773397e-03   3.444994e-03   2.999254e-02;
  -3.716367e-02   1.391557e-02  -8.967344e-03;
  -2.359978e-02  -5.942897e-03  -4.455878e-02]
d=[ ...        
   4.773397e-03  -1.685934e-02   3.196380e-03;
  -1.685934e-02   1.391557e-02  -7.455120e-03;
   3.196380e-03  -7.455120e-03  -4.455878e-02]
     iteration=        5399999       process=              4       (i,j,k)=              1              0              0       (x,y,z)=   1.486463e-02   5.132536e-03   4.901622e-03     particles=             66
fabric=[ ...   
   3.990474e-01  -4.118712e-02   6.469705e-03;
  -4.118712e-02   3.611169e-01  -2.003153e-02;
   6.469705e-03  -2.003153e-02   2.398358e-01]
sigma=[ ...    
  -2.021117e+03   1.614408e+02  -1.893588e+02;
   1.459322e+02  -1.754474e+03   3.591173e+02;
  -2.089667e+02   3.512888e+02  -1.047102e+03]
sigmaDot=[ ... 
  -9.450468e+05  -1.228492e+06   3.620499e+07;
   2.722325e+06  -1.192290e+06   1.074036e+06;
   1.028728e+06   1.162680e+06   8.089805e+05]
intgraE=[ ...  
  -2.006061e-02   3.568281e-02  -2.479995e-02;
   3.568281e-02   8.617268e-03  -9.133048e-03;
  -2.479995e-02  -9.133048e-03   6.673848e-02]
E=[ ...        
   2.081394e-01  -5.739229e-01   2.712167e-01;
  -5.739229e-01   1.500743e+00  -5.432164e-01;
   2.712167e-01  -5.432164e-01   6.998294e-02]
e=[ ...        
   7.089395e-02  -1.609304e-01   1.078481e-01;
  -1.609304e-01   2.979306e-01  -4.793600e-02;
   1.078481e-01  -4.793600e-02  -1.759247e-01]
intgraF=[ ...  
   9.777181e-01   3.627767e-02   6.276205e-03;
   3.494837e-02   1.007845e+00  -4.715577e-03;
  -5.219841e-02  -1.290715e-02   1.064620e+00]
F=[ ...        
   1.167644e+00  -6.122956e-01   3.485070e-01;
  -2.259861e-01   1.903225e+00  -4.271551e-01;
   4.262036e-02  -6.569791e-02   9.143562e-01]
R=[ ...        
   9.868113e-01  -1.160525e-01   1.128510e-01;
   1.286836e-01   9.853456e-01  -1.119583e-01;
  -9.820417e-02   1.250038e-01   9.872841e-01]
U=[ ...        
   1.118978e+00  -3.528547e-01   1.991492e-01;
  -3.528547e-01   1.938180e+00  -3.470425e-01;
   1.991492e-01  -3.470425e-01   9.898823e-01]
l=[ ...        
   3.641132e-03   1.385593e-03   2.185159e-04;
  -8.899464e-03   8.295672e-03  -5.376494e-03;
   1.057491e-02   2.296832e-02   1.459185e-02]
d=[ ...        
   3.641132e-03  -3.756936e-03   5.396715e-03;
  -3.756936e-03   8.295672e-03   8.795913e-03;
   5.396715e-03   8.795913e-03   1.459185e-02]
     iteration=        5399999       process=              5       (i,j,k)=              1              0              1       (x,y,z)=   1.486463e-02   5.132536e-03   1.417494e-02     particles=             42
fabric=[ ...   
   3.665491e-01   6.697529e-03  -3.366041e-02;
   6.697529e-03   3.666796e-01  -9.861995e-04;
  -3.366041e-02  -9.861995e-04   2.667713e-01]
sigma=[ ...    
  -8.210896e+02  -7.384839e+01   2.159230e+01;
  -8.021871e+01  -7.864618e+02   5.583348e+01;
   2.558283e+01   5.498636e+01  -4.372610e+02]
sigmaDot=[ ... 
  -2.042968e+05  -1.084017e+05   3.010032e+05;
   8.652306e+04  -1.345260e+05   7.105555e+04;
   4.779282e+04   2.368890e+05  -1.190797e+05]
intgraE=[ ...  
   2.804582e-02   1.704073e-02  -1.050641e-01;
   1.704073e-02   1.351627e-02  -3.801720e-02;
  -1.050641e-01  -3.801720e-02  -1.033916e-03]
E=[ ...        
   5.291416e-01  -3.238205e-01  -7.795215e-01;
  -3.238205e-01   1.917130e-01   3.194802e-01;
  -7.795215e-01   3.194802e-01   5.107061e-01]
e=[ ...        
  -1.426336e-01  -1.914158e-01  -4.088469e-01;
  -1.914158e-01   4.247706e-02  -6.668000e-04;
  -4.088469e-01  -6.668000e-04  -4.011685e-02]
intgraF=[ ...  
   1.024292e+00   5.061757e-02  -1.278784e-01;
  -3.333125e-02   9.920438e-01   1.287157e-01;
  -7.619793e-02  -2.007972e-01   9.823500e-01]
F=[ ...        
   1.255701e+00  -3.683879e-01  -5.098646e-01;
  -1.645873e-01   1.117011e+00   4.018421e-01;
  -6.740983e-01   1.795112e-03   1.264901e+00]
R=[ ...        
   9.849564e-01  -1.526379e-01   8.100937e-02;
   1.322545e-01   9.675920e-01   2.151151e-01;
  -1.112187e-01  -2.011651e-01   9.732230e-01]
U=[ ...        
   1.290016e+00  -2.153159e-01  -5.897296e-01;
  -2.153159e-01   1.136680e+00   2.121900e-01;
  -5.897296e-01   2.121900e-01   1.276169e+00]
l=[ ...        
  -3.367898e-02   1.068982e-02   1.627476e-02;
  -2.997524e-02  -9.573510e-03  -5.773841e-03;
  -1.022909e-01   4.530399e-03   1.627395e-02]
d=[ ...        
  -3.367898e-02  -9.642710e-03  -4.300805e-02;
  -9.642710e-03  -9.573510e-03  -6.217209e-04;
  -4.300805e-02  -6.217209e-04   1.627395e-02]
     iteration=        5399999       process=              6       (i,j,k)=              1              1              0       (x,y,z)=   1.486463e-02   1.486423e-02   4.901622e-03     particles=             58
fabric=[ ...   
   3.415823e-01   2.248230e-02  -3.365089e-02;
   2.248230e-02   3.838951e-01   2.052092e-02;
  -3.365089e-02   2.052092e-02   2.745225e-01]
sigma=[ ...    
  -1.206611e+03   6.291428e+01  -1.122385e+02;
   7.164699e+01  -1.468389e+03  -2.301170e+01;
  -1.189994e+02  -2.428898e+01  -6.902717e+02]
sigmaDot=[ ... 
   1.955137e+04   3.766986e+05   5.484984e+05;
  -2.450819e+06  -3.458626e+05   7.033706e+04;
   5.331889e+05  -5.957878e+05   3.694021e+04]
intgraE=[ ...  
  -7.792903e-02   6.441973e-02  -4.613790e-02;
   6.441973e-02  -9.187718e-02   1.233851e-03;
  -4.613790e-02   1.233851e-03  -2.594074e-02]
E=[ ...        
  -1.053460e-01   6.216949e-03   3.147983e-02;
   6.216949e-03  -1.231503e-01   2.420256e-02;
   3.147983e-02   2.420256e-02   7.613831e-03]
e=[ ...        
  -1.449935e-01   4.234587e-03   1.781727e-02;
   4.234587e-03  -1.507491e-01   5.836825e-02;
   1.781727e-02   5.836825e-02  -2.916010e-03]
intgraF=[ ...  
   9.127219e-01   6.425376e-02  -2.598017e-02;
   7.088399e-02   8.971781e-01   9.614621e-02;
  -7.782141e-02  -8.478491e-02   9.686070e-01]
F=[ ...        
   8.688303e-01   7.915516e-02  -1.220806e-01;
  -4.061700e-02   8.563069e-01   2.039385e-01;
   1.810861e-01  -1.190477e-01   9.791492e-01]
R=[ ...        
   9.838111e-01   8.835769e-02  -1.559124e-01;
  -5.974801e-02   9.819471e-01   1.794715e-01;
   1.689554e-01  -1.672506e-01   9.713297e-01]
U=[ ...        
   8.877872e-01   6.597336e-03   3.314336e-02;
   6.597336e-03   8.677528e-01   2.570679e-02;
   3.314336e-02   2.570679e-02   1.006712e+00]
l=[ ...        
   2.086874e-02  -9.687443e-03   2.512161e-02;
   4.888033e-02  -8.718891e-03   2.802917e-03;
   1.775692e-02   4.737772e-03  -5.282937e-02]
d=[ ...        
   2.086874e-02   1.959644e-02   2.143926e-02;
   1.959644e-02  -8.718891e-03   3.770344e-03;
   2.143926e-02   3.770344e-03  -5.282937e-02]
     iteration=        5399999       process=              7       (i,j,k)=              1              1              1       (x,y,z)=   1.486463e-02   1.486423e-02   1.417494e-02     particles=             54
fabric=[ ...   
   3.728707e-01   6.801220e-03   2.563261e-02;
   6.801220e-03   2.853191e-01  -5.873436e-05;
   2.563261e-02  -5.873436e-05   3.418103e-01]
sigma=[ ...    
  -1.124775e+03  -4.237615e+01  -2.564976e+02;
  -3.543516e+01  -5.400977e+02   3.723666e+01;
  -2.683942e+02   3.135275e+01  -7.770314e+02]
sigmaDot=[ ... 
  -2.878450e+05   3.749405e+05   3.589630e+05;
  -4.552521e+04  -8.504091e+04   2.031791e+05;
   3.198013e+05  -8.059554e+05  -2.591101e+05]
intgraE=[ ...  
   1.371963e-02  -5.182585e-02   5.749838e-03;
  -5.182585e-02   9.391872e-02  -1.000531e-01;
   5.749838e-03  -1.000531e-01  -6.032367e-02]
E=[ ...        
  -1.114218e-01   6.236810e-02   2.718471e-01;
   6.236810e-02  -3.321458e-01   3.720655e-02;
   2.718471e-01   3.720655e-02   1.042544e-01]
e=[ ...        
  -1.277382e-01   2.263969e-01   4.043336e-01;
   2.263969e-01  -1.155226e+00  -3.527207e-02;
   4.043336e-01  -3.527207e-02  -3.914308e-01]
intgraF=[ ...  
   9.938011e-01   1.127603e-01  -3.771993e-02;
  -1.971239e-01   1.080277e+00  -1.036031e-01;
   3.067237e-02  -9.013086e-02   9.312337e-01]
F=[ ...        
   8.814257e-01   1.416158e-01   6.327911e-01;
  -2.718225e-03   5.542434e-01   1.204772e-01;
  -1.542014e-02  -9.202010e-02   8.908252e-01]
R=[ ...        
   9.352214e-01   9.386612e-02   3.413943e-01;
  -1.436485e-01   9.818870e-01   1.235440e-01;
  -3.236140e-01  -1.645818e-01   9.317654e-01]
U=[ ...        
   8.297088e-01   8.260489e-02   2.862099e-01;
   8.260489e-02   5.726421e-01   3.107910e-02;
   2.862099e-01   3.107910e-02   1.060956e+00]
l=[ ...        
   6.681325e-03   1.089050e-01   3.747130e-02;
  -2.511037e-02  -2.062564e-02  -3.737922e-02;
   1.265312e-02  -1.086077e-02   5.786829e-02]
d=[ ...        
   6.681325e-03   4.189729e-02   2.506221e-02;
   4.189729e-02  -2.062564e-02  -2.412000e-02;
   2.506221e-02  -2.412000e-02   5.786829e-02]
